sample,time_s,left,right
0,0,0.766938,0.766938
1,2.08333e-05,0,0
2,4.16667e-05,0,0
3,6.25e-05,0,0
4,8.33333e-05,0,0
5,0.000104167,0,0
6,0.000125,0,0
7,0.000145833,0,0
8,0.000166667,0,0
9,0.0001875,0,0
10,0.000208333,0,0
11,0.000229167,0,0
12,0.00025,0,0
13,0.000270833,0,0
14,0.000291667,0,0
15,0.0003125,0,0
16,0.000333333,0,0
17,0.000354167,0,0
18,0.000375,0,0
19,0.000395833,0,0
20,0.000416667,0,0
21,0.0004375,0,0
22,0.000458333,0,0
23,0.000479167,0,0
24,0.0005,0,0
25,0.000520833,0,0
26,0.000541667,0,0
27,0.0005625,0,0
28,0.000583333,0,0
29,0.000604167,0,0
30,0.000625,0,0
31,0.000645833,0,0
32,0.000666667,0,0
33,0.0006875,0,0
34,0.000708333,0,0
35,0.000729167,0,0
36,0.00075,0,0
37,0.000770833,0,0
38,0.000791667,0,0
39,0.0008125,0,0
40,0.000833333,0,0
41,0.000854167,0,0
42,0.000875,0,0
43,0.000895833,0,0
44,0.000916667,0,0
45,0.0009375,0,0
46,0.000958333,0,0
47,0.000979167,0,0
48,0.001,0,0
49,0.00102083,0,0
50,0.00104167,0,0
51,0.0010625,0,0
52,0.00108333,0,0
53,0.00110417,0,0
54,0.001125,0,0
55,0.00114583,0,0
56,0.00116667,0,0
57,0.0011875,0,0
58,0.00120833,0,0
59,0.00122917,0,0
60,0.00125,0,0
61,0.00127083,0,0
62,0.00129167,0,0
63,0.0013125,0,0
64,0.00133333,0,0
65,0.00135417,0,0
66,0.001375,0,0
67,0.00139583,0,0
68,0.00141667,0,0
69,0.0014375,0,0
70,0.00145833,0,0
71,0.00147917,0,0
72,0.0015,0,0
73,0.00152083,0,0
74,0.00154167,0,0
75,0.0015625,0,0
76,0.00158333,0,0
77,0.00160417,0,0
78,0.001625,0,0
79,0.00164583,0,0
80,0.00166667,0,0
81,0.0016875,0,0
82,0.00170833,0,0
83,0.00172917,0,0
84,0.00175,0,0
85,0.00177083,0,0
86,0.00179167,0,0
87,0.0018125,0,0
88,0.00183333,0,0
89,0.00185417,0,0
90,0.001875,0,0
91,0.00189583,0,0
92,0.00191667,0,0
93,0.0019375,0,0
94,0.00195833,0,0
95,0.00197917,0,0
96,0.002,0,0
97,0.00202083,0,0
98,0.00204167,0,0
99,0.0020625,0,0
100,0.00208333,0,0
101,0.00210417,0,0
102,0.002125,0,0
103,0.00214583,0,0
104,0.00216667,0,0
105,0.0021875,0,0
106,0.00220833,0,0
107,0.00222917,0,0
108,0.00225,0,0
109,0.00227083,0,0
110,0.00229167,0,0
111,0.0023125,0,0
112,0.00233333,0,0
113,0.00235417,0,0
114,0.002375,0,0
115,0.00239583,0,0
116,0.00241667,0,0
117,0.0024375,0,0
118,0.00245833,0,0
119,0.00247917,0,0
120,0.0025,0,0
121,0.00252083,0,0
122,0.00254167,0,0
123,0.0025625,0,0
124,0.00258333,0,0
125,0.00260417,0,0
126,0.002625,0,0
127,0.00264583,0,0
128,0.00266667,0,0
129,0.0026875,0,0
130,0.00270833,0,0
131,0.00272917,0,0
132,0.00275,0,0
133,0.00277083,0,0
134,0.00279167,0,0
135,0.0028125,0,0
136,0.00283333,0,0
137,0.00285417,0,0
138,0.002875,0,0
139,0.00289583,0,0
140,0.00291667,0,0
141,0.0029375,0,0
142,0.00295833,0,0
143,0.00297917,0,0
144,0.003,0,0
145,0.00302083,0,0
146,0.00304167,0,0
147,0.0030625,0,0
148,0.00308333,0,0
149,0.00310417,0,0
150,0.003125,0,0
151,0.00314583,0,0
152,0.00316667,0,0
153,0.0031875,0,0
154,0.00320833,0,0
155,0.00322917,0,0
156,0.00325,0,0
157,0.00327083,0,0
158,0.00329167,0,0
159,0.0033125,0,0
160,0.00333333,0,0
161,0.00335417,0,0
162,0.003375,0,0
163,0.00339583,0,0
164,0.00341667,0,0
165,0.0034375,0,0
166,0.00345833,0,0
167,0.00347917,0,0
168,0.0035,0,0
169,0.00352083,0,0
170,0.00354167,0,0
171,0.0035625,0,0
172,0.00358333,0,0
173,0.00360417,0,0
174,0.003625,0,0
175,0.00364583,0,0
176,0.00366667,0,0
177,0.0036875,0,0
178,0.00370833,0,0
179,0.00372917,0,0
180,0.00375,0,0
181,0.00377083,0,0
182,0.00379167,0,0
183,0.0038125,0,0
184,0.00383333,0,0
185,0.00385417,0,0
186,0.003875,0,0
187,0.00389583,0,0
188,0.00391667,0,0
189,0.0039375,0,0
190,0.00395833,0,0
191,0.00397917,0,0
192,0.004,0,0
193,0.00402083,0,0
194,0.00404167,0,0
195,0.0040625,0,0
196,0.00408333,0,0
197,0.00410417,0,0
198,0.004125,0,0
199,0.00414583,0,0
200,0.00416667,0,0
201,0.0041875,0,0
202,0.00420833,0,0
203,0.00422917,0,0
204,0.00425,0,0
205,0.00427083,0,0
206,0.00429167,0,0
207,0.0043125,0,0
208,0.00433333,0,0
209,0.00435417,0,0
210,0.004375,0,0
211,0.00439583,0,0
212,0.00441667,0,0
213,0.0044375,0,0
214,0.00445833,0,0
215,0.00447917,0,0
216,0.0045,0,0
217,0.00452083,0,0
218,0.00454167,0,0
219,0.0045625,0,0
220,0.00458333,0,0
221,0.00460417,0,0
222,0.004625,0,0
223,0.00464583,0,0
224,0.00466667,0,0
225,0.0046875,0,0
226,0.00470833,0,0
227,0.00472917,0,0
228,0.00475,0,0
229,0.00477083,0,0
230,0.00479167,0,0
231,0.0048125,0,0
232,0.00483333,0,0
233,0.00485417,0,0
234,0.004875,0,0
235,0.00489583,0,0
236,0.00491667,0,0
237,0.0049375,0,0
238,0.00495833,0,0
239,0.00497917,0,0
240,0.005,0,0
241,0.00502083,0,0
242,0.00504167,0,0
243,0.0050625,0,0
244,0.00508333,0,0
245,0.00510417,0,0
246,0.005125,0,0
247,0.00514583,0,0
248,0.00516667,0,0
249,0.0051875,0,0
250,0.00520833,0,0
251,0.00522917,0,0
252,0.00525,0,0
253,0.00527083,0,0
254,0.00529167,0,0
255,0.0053125,0,0
256,0.00533333,0,0
257,0.00535417,0,0
258,0.005375,0,0
259,0.00539583,0,0
260,0.00541667,0,0
261,0.0054375,0,0
262,0.00545833,0,0
263,0.00547917,0,0
264,0.0055,0,0
265,0.00552083,0,0
266,0.00554167,0,0
267,0.0055625,0,0
268,0.00558333,0,0
269,0.00560417,0,0
270,0.005625,0,0
271,0.00564583,0,0
272,0.00566667,0,0
273,0.0056875,0,0
274,0.00570833,0,0
275,0.00572917,0,0
276,0.00575,0,0
277,0.00577083,0,0
278,0.00579167,0,0
279,0.0058125,0,0
280,0.00583333,0,0
281,0.00585417,0,0
282,0.005875,0,0
283,0.00589583,0,0
284,0.00591667,0,0
285,0.0059375,0,0
286,0.00595833,0,0
287,0.00597917,0,0
288,0.006,0,0
289,0.00602083,0,0
290,0.00604167,0,0
291,0.0060625,0,0
292,0.00608333,0,0
293,0.00610417,0,0
294,0.006125,0,0
295,0.00614583,0,0
296,0.00616667,0,0
297,0.0061875,0,0
298,0.00620833,0,0
299,0.00622917,0,0
300,0.00625,0,0
301,0.00627083,0,0
302,0.00629167,0,0
303,0.0063125,0,0
304,0.00633333,0,0
305,0.00635417,0,0
306,0.006375,0,0
307,0.00639583,0,0
308,0.00641667,0,0
309,0.0064375,0,0
310,0.00645833,0,0
311,0.00647917,0,0
312,0.0065,0,0
313,0.00652083,0,0
314,0.00654167,0,0
315,0.0065625,0,0
316,0.00658333,0,0
317,0.00660417,0,0
318,0.006625,0,0
319,0.00664583,0,0
320,0.00666667,0,0
321,0.0066875,0,0
322,0.00670833,0,0
323,0.00672917,0,0
324,0.00675,0,0
325,0.00677083,0,0
326,0.00679167,0,0
327,0.0068125,0,0
328,0.00683333,0,0
329,0.00685417,0,0
330,0.006875,0,0
331,0.00689583,0,0
332,0.00691667,0,0
333,0.0069375,0,0
334,0.00695833,0,0
335,0.00697917,0,0
336,0.007,0,0
337,0.00702083,0,0
338,0.00704167,0,0
339,0.0070625,0,0
340,0.00708333,0,0
341,0.00710417,0,0
342,0.007125,0,0
343,0.00714583,0,0
344,0.00716667,0,0
345,0.0071875,0,0
346,0.00720833,0,0
347,0.00722917,0,0
348,0.00725,0,0
349,0.00727083,0,0
350,0.00729167,0,0
351,0.0073125,0,0
352,0.00733333,0,0
353,0.00735417,0,0
354,0.007375,0,0
355,0.00739583,0,0
356,0.00741667,0,0
357,0.0074375,0,0
358,0.00745833,0,0
359,0.00747917,0,0
360,0.0075,0,0
361,0.00752083,0,0
362,0.00754167,0,0
363,0.0075625,0,0
364,0.00758333,0,0
365,0.00760417,0,0
366,0.007625,0,0
367,0.00764583,0,0
368,0.00766667,0,0
369,0.0076875,0,0
370,0.00770833,0,0
371,0.00772917,0,0
372,0.00775,0,0
373,0.00777083,0,0
374,0.00779167,0,0
375,0.0078125,0,0
376,0.00783333,0,0
377,0.00785417,0,0
378,0.007875,0,0
379,0.00789583,0,0
380,0.00791667,0,0
381,0.0079375,0,0
382,0.00795833,0,0
383,0.00797917,0,0
384,0.008,0,0
385,0.00802083,0,0
386,0.00804167,0,0
387,0.0080625,0,0
388,0.00808333,0,0
389,0.00810417,0,0
390,0.008125,0,0
391,0.00814583,0,0
392,0.00816667,0,0
393,0.0081875,0,0
394,0.00820833,0,0
395,0.00822917,0,0
396,0.00825,0,0
397,0.00827083,0,0
398,0.00829167,0,0
399,0.0083125,0,0
400,0.00833333,0,0
401,0.00835417,0,0
402,0.008375,0,0
403,0.00839583,0,0
404,0.00841667,0,0
405,0.0084375,0,0
406,0.00845833,0,0
407,0.00847917,0,0
408,0.0085,0,0
409,0.00852083,0,0
410,0.00854167,0,0
411,0.0085625,0,0
412,0.00858333,0,0
413,0.00860417,0,0
414,0.008625,0,0
415,0.00864583,0,0
416,0.00866667,0,0
417,0.0086875,0,0
418,0.00870833,0,0
419,0.00872917,0,0
420,0.00875,0,0
421,0.00877083,0,0
422,0.00879167,0,0
423,0.0088125,0,0
424,0.00883333,0,0
425,0.00885417,0,0
426,0.008875,0,0
427,0.00889583,0,0
428,0.00891667,0,0
429,0.0089375,0,0
430,0.00895833,0,0
431,0.00897917,0,0
432,0.009,0,0
433,0.00902083,0,0
434,0.00904167,0,0
435,0.0090625,0,0
436,0.00908333,0,0
437,0.00910417,0,0
438,0.009125,0,0
439,0.00914583,0,0
440,0.00916667,0,0
441,0.0091875,0,0
442,0.00920833,0,0
443,0.00922917,0,0
444,0.00925,0,0
445,0.00927083,0,0
446,0.00929167,0,0
447,0.0093125,0,0
448,0.00933333,0,0
449,0.00935417,0,0
450,0.009375,0,0
451,0.00939583,0,0
452,0.00941667,0,0
453,0.0094375,0,0
454,0.00945833,0,0
455,0.00947917,0,0
456,0.0095,0,0
457,0.00952083,0,0
458,0.00954167,0,0
459,0.0095625,0,0
460,0.00958333,0,0
461,0.00960417,0,0
462,0.009625,0,0
463,0.00964583,0,0
464,0.00966667,0,0
465,0.0096875,0,0
466,0.00970833,0,0
467,0.00972917,0,0
468,0.00975,0,0
469,0.00977083,0,0
470,0.00979167,0,0
471,0.0098125,0,0
472,0.00983333,0,0
473,0.00985417,0,0
474,0.009875,0,0
475,0.00989583,0,0
476,0.00991667,0,0
477,0.0099375,0,0
478,0.00995833,0,0
479,0.00997917,0,0
480,0.01,0,0
481,0.0100208,0,0
482,0.0100417,0,0
483,0.0100625,0,0
484,0.0100833,0,0
485,0.0101042,0,0
486,0.010125,0,0
487,0.0101458,0,0
488,0.0101667,0,0
489,0.0101875,0,0
490,0.0102083,0,0
491,0.0102292,0,0
492,0.01025,0,0
493,0.0102708,0,0
494,0.0102917,0,0
495,0.0103125,0,0
496,0.0103333,0,0
497,0.0103542,0,0
498,0.010375,0,0
499,0.0103958,0,0
500,0.0104167,0,0
501,0.0104375,0,0
502,0.0104583,0,0
503,0.0104792,0,0
504,0.0105,0,0
505,0.0105208,0,0
506,0.0105417,0,0
507,0.0105625,0,0
508,0.0105833,0,0
509,0.0106042,0,0
510,0.010625,0,0
511,0.0106458,0,0
512,0.0106667,0,0
513,0.0106875,0,0
514,0.0107083,0,0
515,0.0107292,0,0
516,0.01075,0,0
517,0.0107708,0,0
518,0.0107917,0,0
519,0.0108125,0,0
520,0.0108333,0,0
521,0.0108542,0,0
522,0.010875,0,0
523,0.0108958,0,0
524,0.0109167,0,0
525,0.0109375,0,0
526,0.0109583,0,0
527,0.0109792,0,0
528,0.011,0,0
529,0.0110208,0,0
530,0.0110417,0,0
531,0.0110625,0,0
532,0.0110833,0,0
533,0.0111042,0,0
534,0.011125,0,0
535,0.0111458,0,0
536,0.0111667,0,0
537,0.0111875,0,0
538,0.0112083,0,0
539,0.0112292,0,0
540,0.01125,0,0
541,0.0112708,0,0
542,0.0112917,0,0
543,0.0113125,0,0
544,0.0113333,0,0
545,0.0113542,0,0
546,0.011375,0,0
547,0.0113958,0,0
548,0.0114167,0,0
549,0.0114375,0,0
550,0.0114583,0,0
551,0.0114792,0,0
552,0.0115,0,0
553,0.0115208,0,0
554,0.0115417,0,0
555,0.0115625,0,0
556,0.0115833,0,0
557,0.0116042,0,0
558,0.011625,0,0
559,0.0116458,0,0
560,0.0116667,0,0
561,0.0116875,0,0
562,0.0117083,0,0
563,0.0117292,0,0
564,0.01175,0,0
565,0.0117708,0,0
566,0.0117917,0,0
567,0.0118125,0,0
568,0.0118333,0,0
569,0.0118542,0,0
570,0.011875,0,0
571,0.0118958,0,0
572,0.0119167,0,0
573,0.0119375,0,0
574,0.0119583,0,0
575,0.0119792,0,0
576,0.012,0,0
577,0.0120208,0,0
578,0.0120417,0,0
579,0.0120625,0,0
580,0.0120833,0,0
581,0.0121042,0,0
582,0.012125,0,0
583,0.0121458,0,0
584,0.0121667,0,0
585,0.0121875,0,0
586,0.0122083,0,0
587,0.0122292,0,0
588,0.01225,0,0
589,0.0122708,0,0
590,0.0122917,0,0
591,0.0123125,0,0
592,0.0123333,0,0
593,0.0123542,0,0
594,0.012375,0,0
595,0.0123958,0,0
596,0.0124167,0,0
597,0.0124375,0,0
598,0.0124583,0,0
599,0.0124792,0,0
600,0.0125,0,0
601,0.0125208,0,0
602,0.0125417,0,0
603,0.0125625,0,0
604,0.0125833,0,0
605,0.0126042,0,0
606,0.012625,0,0
607,0.0126458,0,0
608,0.0126667,0,0
609,0.0126875,0,0
610,0.0127083,0,0
611,0.0127292,0,0
612,0.01275,0,0
613,0.0127708,0,0
614,0.0127917,0,0
615,0.0128125,0,0
616,0.0128333,0,0
617,0.0128542,0,0
618,0.012875,0,0
619,0.0128958,0,0
620,0.0129167,0,0
621,0.0129375,0,0
622,0.0129583,0,0
623,0.0129792,0,0
624,0.013,0,0
625,0.0130208,0,0
626,0.0130417,0,0
627,0.0130625,0,0
628,0.0130833,0,0
629,0.0131042,0,0
630,0.013125,0,0
631,0.0131458,0,0
632,0.0131667,0,0
633,0.0131875,0,0
634,0.0132083,0,0
635,0.0132292,0,0
636,0.01325,0,0
637,0.0132708,0,0
638,0.0132917,0,0
639,0.0133125,0,0
640,0.0133333,0,0
641,0.0133542,0,0
642,0.013375,0,0
643,0.0133958,0,0
644,0.0134167,0,0
645,0.0134375,0,0
646,0.0134583,0,0
647,0.0134792,0,0
648,0.0135,0,0
649,0.0135208,0,0
650,0.0135417,0,0
651,0.0135625,0,0
652,0.0135833,0,0
653,0.0136042,0,0
654,0.013625,0,0
655,0.0136458,0,0
656,0.0136667,0,0
657,0.0136875,0,0
658,0.0137083,0,0
659,0.0137292,0,0
660,0.01375,0,0
661,0.0137708,0,0
662,0.0137917,0,0
663,0.0138125,0,0
664,0.0138333,0,0
665,0.0138542,0,0
666,0.013875,0,0
667,0.0138958,0,0
668,0.0139167,0,0
669,0.0139375,0,0
670,0.0139583,0,0
671,0.0139792,0,0
672,0.014,0,0
673,0.0140208,0,0
674,0.0140417,0,0
675,0.0140625,0,0
676,0.0140833,0,0
677,0.0141042,0,0
678,0.014125,0,0
679,0.0141458,0,0
680,0.0141667,0,0
681,0.0141875,0,0
682,0.0142083,0,0
683,0.0142292,0,0
684,0.01425,0,0
685,0.0142708,0,0
686,0.0142917,0,0
687,0.0143125,0,0
688,0.0143333,0,0
689,0.0143542,0,0
690,0.014375,0,0
691,0.0143958,0,0
692,0.0144167,0,0
693,0.0144375,0,0
694,0.0144583,0,0
695,0.0144792,0,0
696,0.0145,0,0
697,0.0145208,0,0
698,0.0145417,0,0
699,0.0145625,0,0
700,0.0145833,0,0
701,0.0146042,0,0
702,0.014625,0,0
703,0.0146458,0,0
704,0.0146667,0,0
705,0.0146875,0,0
706,0.0147083,0,0
707,0.0147292,0,0
708,0.01475,0,0
709,0.0147708,0,0
710,0.0147917,0,0
711,0.0148125,0,0
712,0.0148333,0,0
713,0.0148542,0,0
714,0.014875,0,0
715,0.0148958,0,0
716,0.0149167,0,0
717,0.0149375,0,0
718,0.0149583,0,0
719,0.0149792,0,0
720,0.015,0,0
721,0.0150208,0,0
722,0.0150417,0,0
723,0.0150625,0,0
724,0.0150833,0,0
725,0.0151042,0,0
726,0.015125,0,0
727,0.0151458,0,0
728,0.0151667,0,0
729,0.0151875,0,0
730,0.0152083,0,0
731,0.0152292,0,0
732,0.01525,0,0
733,0.0152708,0,0
734,0.0152917,0,0
735,0.0153125,0,0
736,0.0153333,0,0
737,0.0153542,0,0
738,0.015375,0,0
739,0.0153958,0,0
740,0.0154167,0,0
741,0.0154375,0,0
742,0.0154583,0,0
743,0.0154792,0,0
744,0.0155,0,0
745,0.0155208,0,0
746,0.0155417,0,0
747,0.0155625,0,0
748,0.0155833,0,0
749,0.0156042,0,0
750,0.015625,0,0
751,0.0156458,0,0
752,0.0156667,0,0
753,0.0156875,0,0
754,0.0157083,0,0
755,0.0157292,0,0
756,0.01575,0,0
757,0.0157708,0,0
758,0.0157917,0,0
759,0.0158125,0,0
760,0.0158333,0,0
761,0.0158542,0,0
762,0.015875,0,0
763,0.0158958,0,0
764,0.0159167,0,0
765,0.0159375,0,0
766,0.0159583,0,0
767,0.0159792,0,0
768,0.016,0,0
769,0.0160208,0,0
770,0.0160417,0,0
771,0.0160625,0,0
772,0.0160833,0,0
773,0.0161042,0,0
774,0.016125,0,0
775,0.0161458,0,0
776,0.0161667,0,0
777,0.0161875,0,0
778,0.0162083,0,0
779,0.0162292,0,0
780,0.01625,0,0
781,0.0162708,0,0
782,0.0162917,0,0
783,0.0163125,0,0
784,0.0163333,0,0
785,0.0163542,0,0
786,0.016375,0,0
787,0.0163958,0,0
788,0.0164167,0,0
789,0.0164375,0,0
790,0.0164583,0,0
791,0.0164792,0,0
792,0.0165,0,0
793,0.0165208,0,0
794,0.0165417,0,0
795,0.0165625,0,0
796,0.0165833,0,0
797,0.0166042,0,0
798,0.016625,0,0
799,0.0166458,0,0
800,0.0166667,0,0
801,0.0166875,0,0
802,0.0167083,0,0
803,0.0167292,0,0
804,0.01675,0,0
805,0.0167708,0,0
806,0.0167917,0,0
807,0.0168125,0,0
808,0.0168333,0,0
809,0.0168542,0,0
810,0.016875,0,0
811,0.0168958,0,0
812,0.0169167,0,0
813,0.0169375,0,0
814,0.0169583,0,0
815,0.0169792,0,0
816,0.017,0,0
817,0.0170208,0,0
818,0.0170417,0,0
819,0.0170625,0,0
820,0.0170833,0,0
821,0.0171042,0,0
822,0.017125,0,0
823,0.0171458,0,0
824,0.0171667,0,0
825,0.0171875,0,0
826,0.0172083,0,0
827,0.0172292,0,0
828,0.01725,0,0
829,0.0172708,0,0
830,0.0172917,0,0
831,0.0173125,0,0
832,0.0173333,0,0
833,0.0173542,0,0
834,0.017375,0,0
835,0.0173958,0,0
836,0.0174167,0,0
837,0.0174375,0,0
838,0.0174583,0,0
839,0.0174792,0,0
840,0.0175,0,0
841,0.0175208,0,0
842,0.0175417,0,0
843,0.0175625,0,0
844,0.0175833,0,0
845,0.0176042,0,0
846,0.017625,0,0
847,0.0176458,0,0
848,0.0176667,0,0
849,0.0176875,0,0
850,0.0177083,0,0
851,0.0177292,0,0
852,0.01775,0,0
853,0.0177708,0,0
854,0.0177917,0,0
855,0.0178125,0,0
856,0.0178333,0,0
857,0.0178542,0,0
858,0.017875,0,0
859,0.0178958,0,0
860,0.0179167,0,0
861,0.0179375,0,0
862,0.0179583,0,0
863,0.0179792,0,0
864,0.018,0,0
865,0.0180208,0,0
866,0.0180417,0,0
867,0.0180625,0,0
868,0.0180833,0,0
869,0.0181042,0,0
870,0.018125,0,0
871,0.0181458,0,0
872,0.0181667,0,0
873,0.0181875,0,0
874,0.0182083,0,0
875,0.0182292,0,0
876,0.01825,0,0
877,0.0182708,0,0
878,0.0182917,0,0
879,0.0183125,0,0
880,0.0183333,0,0
881,0.0183542,0,0
882,0.018375,0,0
883,0.0183958,0,0
884,0.0184167,0,0
885,0.0184375,0,0
886,0.0184583,0,0
887,0.0184792,0,0
888,0.0185,0,0
889,0.0185208,0,0
890,0.0185417,0,0
891,0.0185625,0,0
892,0.0185833,0,0
893,0.0186042,0,0
894,0.018625,0,0
895,0.0186458,0,0
896,0.0186667,0,0
897,0.0186875,0,0
898,0.0187083,0,0
899,0.0187292,0,0
900,0.01875,0,0
901,0.0187708,0,0
902,0.0187917,0,0
903,0.0188125,0,0
904,0.0188333,0,0
905,0.0188542,0,0
906,0.018875,0,0
907,0.0188958,0,0
908,0.0189167,0,0
909,0.0189375,0,0
910,0.0189583,0,0
911,0.0189792,0,0
912,0.019,0,0
913,0.0190208,0,0
914,0.0190417,0,0
915,0.0190625,0,0
916,0.0190833,0,0
917,0.0191042,0,0
918,0.019125,0,0
919,0.0191458,0,0
920,0.0191667,0,0
921,0.0191875,0,0
922,0.0192083,0,0
923,0.0192292,0,0
924,0.01925,0,0
925,0.0192708,0,0
926,0.0192917,0,0
927,0.0193125,0,0
928,0.0193333,0,0
929,0.0193542,0,0
930,0.019375,0,0
931,0.0193958,0,0
932,0.0194167,0,0
933,0.0194375,0,0
934,0.0194583,0,0
935,0.0194792,0,0
936,0.0195,0,0
937,0.0195208,0,0
938,0.0195417,0,0
939,0.0195625,0,0
940,0.0195833,0,0
941,0.0196042,0,0
942,0.019625,0,0
943,0.0196458,0,0
944,0.0196667,0,0
945,0.0196875,0,0
946,0.0197083,0,0
947,0.0197292,0,0
948,0.01975,0,0
949,0.0197708,0,0
950,0.0197917,0,0
951,0.0198125,0,0
952,0.0198333,0,0
953,0.0198542,0,0
954,0.019875,0,0
955,0.0198958,0,0
956,0.0199167,0,0
957,0.0199375,0,0
958,0.0199583,0,0
959,0.0199792,0,0
960,0.02,0,0
961,0.0200208,0,0
962,0.0200417,0,0
963,0.0200625,0,0
964,0.0200833,0,0
965,0.0201042,0,0
966,0.020125,0,0
967,0.0201458,0,0
968,0.0201667,0,0
969,0.0201875,0,0
970,0.0202083,0,0
971,0.0202292,0,0
972,0.02025,0,0
973,0.0202708,0,0
974,0.0202917,0,0
975,0.0203125,0,0
976,0.0203333,0,0
977,0.0203542,0,0
978,0.020375,0,0
979,0.0203958,0,0
980,0.0204167,0,0
981,0.0204375,0,0
982,0.0204583,0,0
983,0.0204792,0,0
984,0.0205,0,0
985,0.0205208,0,0
986,0.0205417,0,0
987,0.0205625,0,0
988,0.0205833,0,0
989,0.0206042,0,0
990,0.020625,0,0
991,0.0206458,0,0
992,0.0206667,0,0
993,0.0206875,0,0
994,0.0207083,0,0
995,0.0207292,0,0
996,0.02075,0,0
997,0.0207708,0,0
998,0.0207917,0,0
999,0.0208125,0,0
1000,0.0208333,0,0
1001,0.0208542,0,0
1002,0.020875,0,0
1003,0.0208958,0,0
1004,0.0209167,0,0
1005,0.0209375,0,0
1006,0.0209583,0,0
1007,0.0209792,0,0
1008,0.021,0,0
1009,0.0210208,0,0
1010,0.0210417,0,0
1011,0.0210625,0,0
1012,0.0210833,0,0
1013,0.0211042,0,0
1014,0.021125,0,0
1015,0.0211458,0,0
1016,0.0211667,0,0
1017,0.0211875,0,0
1018,0.0212083,0,0
1019,0.0212292,0,0
1020,0.02125,0,0
1021,0.0212708,0,0
1022,0.0212917,0,0
1023,0.0213125,0,0
1024,0.0213333,0,0
1025,0.0213542,0,0
1026,0.021375,0,0
1027,0.0213958,0,0
1028,0.0214167,0,0
1029,0.0214375,0,0
1030,0.0214583,0,0
1031,0.0214792,0,0
1032,0.0215,0,0
1033,0.0215208,0,0
1034,0.0215417,0,0
1035,0.0215625,0,0
1036,0.0215833,0,0
1037,0.0216042,0,0
1038,0.021625,0,0
1039,0.0216458,0,0
1040,0.0216667,0,0
1041,0.0216875,0,0
1042,0.0217083,0,0
1043,0.0217292,0,0
1044,0.02175,0,0
1045,0.0217708,0,0
1046,0.0217917,0,0
1047,0.0218125,0,0
1048,0.0218333,0,0
1049,0.0218542,0,0
1050,0.021875,0,0
1051,0.0218958,0,0
1052,0.0219167,0,0
1053,0.0219375,0,0
1054,0.0219583,0,0
1055,0.0219792,0,0
1056,0.022,0,0
1057,0.0220208,0,0
1058,0.0220417,0,0
1059,0.0220625,0,0
1060,0.0220833,0,0
1061,0.0221042,0,0
1062,0.022125,0,0
1063,0.0221458,0,0
1064,0.0221667,0,0
1065,0.0221875,0,0
1066,0.0222083,0,0
1067,0.0222292,0,0
1068,0.02225,0,0
1069,0.0222708,0,0
1070,0.0222917,0,0
1071,0.0223125,0,0
1072,0.0223333,0,0
1073,0.0223542,0,0
1074,0.022375,0,0
1075,0.0223958,0,0
1076,0.0224167,0,0
1077,0.0224375,0,0
1078,0.0224583,0,0
1079,0.0224792,0,0
1080,0.0225,0,0
1081,0.0225208,0,0
1082,0.0225417,0,0
1083,0.0225625,0,0
1084,0.0225833,0,0
1085,0.0226042,0,0
1086,0.022625,0,0
1087,0.0226458,0,0
1088,0.0226667,0,0
1089,0.0226875,0,0
1090,0.0227083,0,0
1091,0.0227292,0,0
1092,0.02275,0,0
1093,0.0227708,0,0
1094,0.0227917,0,0
1095,0.0228125,0,0
1096,0.0228333,0,0
1097,0.0228542,0,0
1098,0.022875,0,0
1099,0.0228958,0,0
1100,0.0229167,0,0
1101,0.0229375,0,0
1102,0.0229583,0,0
1103,0.0229792,0,0
1104,0.023,0,0
1105,0.0230208,0,0
1106,0.0230417,0,0
1107,0.0230625,0,0
1108,0.0230833,0,0
1109,0.0231042,0,0
1110,0.023125,0,0
1111,0.0231458,0,0
1112,0.0231667,0,0
1113,0.0231875,0,0
1114,0.0232083,0,0
1115,0.0232292,0,0
1116,0.02325,0,0
1117,0.0232708,0,0
1118,0.0232917,0,0
1119,0.0233125,0,0
1120,0.0233333,0,0
1121,0.0233542,0,0
1122,0.023375,0,0
1123,0.0233958,0,0
1124,0.0234167,0,0
1125,0.0234375,0,0
1126,0.0234583,0,0
1127,0.0234792,0,0
1128,0.0235,0,0
1129,0.0235208,0,0
1130,0.0235417,0,0
1131,0.0235625,0,0
1132,0.0235833,0,0
1133,0.0236042,0,0
1134,0.023625,0,0
1135,0.0236458,0,0
1136,0.0236667,0,0
1137,0.0236875,0,0
1138,0.0237083,0,0
1139,0.0237292,0,0
1140,0.02375,0,0
1141,0.0237708,0,0
1142,0.0237917,0,0
1143,0.0238125,0,0
1144,0.0238333,0,0
1145,0.0238542,0,0
1146,0.023875,0,0
1147,0.0238958,0,0
1148,0.0239167,0,0
1149,0.0239375,0,0
1150,0.0239583,0,0
1151,0.0239792,0,0
1152,0.024,0,0
1153,0.0240208,0,0
1154,0.0240417,0,0
1155,0.0240625,0,0
1156,0.0240833,0,0
1157,0.0241042,0,0
1158,0.024125,0,0
1159,0.0241458,0,0
1160,0.0241667,0,0
1161,0.0241875,0,0
1162,0.0242083,0,0
1163,0.0242292,0,0
1164,0.02425,0,0
1165,0.0242708,0,0
1166,0.0242917,0,0
1167,0.0243125,0,0
1168,0.0243333,0,0
1169,0.0243542,0,0
1170,0.024375,0,0
1171,0.0243958,0,0
1172,0.0244167,0,0
1173,0.0244375,0,0
1174,0.0244583,0,0
1175,0.0244792,0,0
1176,0.0245,0,0
1177,0.0245208,0,0
1178,0.0245417,0,0
1179,0.0245625,0,0
1180,0.0245833,0,0
1181,0.0246042,0,0
1182,0.024625,0,0
1183,0.0246458,0,0
1184,0.0246667,0,0
1185,0.0246875,0,0
1186,0.0247083,0,0
1187,0.0247292,0,0
1188,0.02475,0,0
1189,0.0247708,0,0
1190,0.0247917,0,0
1191,0.0248125,0,0
1192,0.0248333,0,0
1193,0.0248542,0,0
1194,0.024875,0,0
1195,0.0248958,0,0
1196,0.0249167,0,0
1197,0.0249375,0,0
1198,0.0249583,0,0
1199,0.0249792,0,0
1200,0.025,0,0
1201,0.0250208,0,0
1202,0.0250417,0,0
1203,0.0250625,0,0
1204,0.0250833,0,0
1205,0.0251042,0,0
1206,0.025125,0,0
1207,0.0251458,0,0
1208,0.0251667,0,0
1209,0.0251875,0,0
1210,0.0252083,0,0
1211,0.0252292,0,0
1212,0.02525,0,0
1213,0.0252708,0,0
1214,0.0252917,0,0
1215,0.0253125,0,0
1216,0.0253333,0,0
1217,0.0253542,0,0
1218,0.025375,0,0
1219,0.0253958,0,0
1220,0.0254167,0,0
1221,0.0254375,0,0
1222,0.0254583,0,0
1223,0.0254792,0,0
1224,0.0255,0,0
1225,0.0255208,0,0
1226,0.0255417,0,0
1227,0.0255625,0,0
1228,0.0255833,0,0
1229,0.0256042,0,0
1230,0.025625,0,0
1231,0.0256458,0,0
1232,0.0256667,0,0
1233,0.0256875,0,0
1234,0.0257083,0,0
1235,0.0257292,0,0
1236,0.02575,0,0
1237,0.0257708,0,0
1238,0.0257917,0,0
1239,0.0258125,0,0
1240,0.0258333,0,0
1241,0.0258542,0,0
1242,0.025875,0,0
1243,0.0258958,0,0
1244,0.0259167,0,0
1245,0.0259375,0,0
1246,0.0259583,0,0
1247,0.0259792,0,0
1248,0.026,0,0
1249,0.0260208,0,0
1250,0.0260417,0,0
1251,0.0260625,0,0
1252,0.0260833,0,0
1253,0.0261042,0,0
1254,0.026125,0,0
1255,0.0261458,0,0
1256,0.0261667,0,0
1257,0.0261875,0,0
1258,0.0262083,0,0
1259,0.0262292,0,0
1260,0.02625,0,0
1261,0.0262708,0,0
1262,0.0262917,0,0
1263,0.0263125,0,0
1264,0.0263333,0,0
1265,0.0263542,0,0
1266,0.026375,0,0
1267,0.0263958,0,0
1268,0.0264167,0,0
1269,0.0264375,0,0
1270,0.0264583,0,0
1271,0.0264792,0,0
1272,0.0265,0,0
1273,0.0265208,0,0
1274,0.0265417,0,0
1275,0.0265625,0,0
1276,0.0265833,0,0
1277,0.0266042,0,0
1278,0.026625,0,0
1279,0.0266458,0,0
1280,0.0266667,0,0
1281,0.0266875,0,0
1282,0.0267083,0,0
1283,0.0267292,0,0
1284,0.02675,0,0
1285,0.0267708,0,0
1286,0.0267917,0,0
1287,0.0268125,0,0
1288,0.0268333,0,0
1289,0.0268542,0,0
1290,0.026875,0,0
1291,0.0268958,0,0
1292,0.0269167,0,0
1293,0.0269375,0,0
1294,0.0269583,0,0
1295,0.0269792,0,0
1296,0.027,0,0
1297,0.0270208,0,0
1298,0.0270417,0,0
1299,0.0270625,0,0
1300,0.0270833,0,0
1301,0.0271042,0,0
1302,0.027125,0,0
1303,0.0271458,0,0
1304,0.0271667,0,0
1305,0.0271875,0,0
1306,0.0272083,0,0
1307,0.0272292,0,0
1308,0.02725,0,0
1309,0.0272708,0,0
1310,0.0272917,0,0
1311,0.0273125,0,0
1312,0.0273333,0,0
1313,0.0273542,0,0
1314,0.027375,0,0
1315,0.0273958,0,0
1316,0.0274167,0,0
1317,0.0274375,0,0
1318,0.0274583,0,0
1319,0.0274792,0,0
1320,0.0275,0,0
1321,0.0275208,0,0
1322,0.0275417,0,0
1323,0.0275625,0,0
1324,0.0275833,0,0
1325,0.0276042,0,0
1326,0.027625,0,0
1327,0.0276458,0,0
1328,0.0276667,0,0
1329,0.0276875,0,0
1330,0.0277083,0,0
1331,0.0277292,0,0
1332,0.02775,0,0
1333,0.0277708,0,0
1334,0.0277917,0,0
1335,0.0278125,0,0
1336,0.0278333,0,0
1337,0.0278542,0,0
1338,0.027875,0,0
1339,0.0278958,0,0
1340,0.0279167,0,0
1341,0.0279375,0,0
1342,0.0279583,0,0
1343,0.0279792,0,0
1344,0.028,0,0
1345,0.0280208,0,0
1346,0.0280417,0,0
1347,0.0280625,0,0
1348,0.0280833,0,0
1349,0.0281042,0,0
1350,0.028125,0,0
1351,0.0281458,0,0
1352,0.0281667,0,0
1353,0.0281875,0,0
1354,0.0282083,0,0
1355,0.0282292,0,0
1356,0.02825,0,0
1357,0.0282708,0,0
1358,0.0282917,0,0
1359,0.0283125,0,0
1360,0.0283333,0,0
1361,0.0283542,0,0
1362,0.028375,0,0
1363,0.0283958,0,0
1364,0.0284167,0,0
1365,0.0284375,0,0
1366,0.0284583,0,0
1367,0.0284792,0,0
1368,0.0285,0,0
1369,0.0285208,0,0
1370,0.0285417,0,0
1371,0.0285625,0,0
1372,0.0285833,0,0
1373,0.0286042,0,0
1374,0.028625,0,0
1375,0.0286458,0,0
1376,0.0286667,0,0
1377,0.0286875,0,0
1378,0.0287083,0,0
1379,0.0287292,0,0
1380,0.02875,0,0
1381,0.0287708,0,0
1382,0.0287917,0,0
1383,0.0288125,0,0
1384,0.0288333,0,0
1385,0.0288542,0,0
1386,0.028875,0,0
1387,0.0288958,0,0
1388,0.0289167,0,0
1389,0.0289375,0,0
1390,0.0289583,0,0
1391,0.0289792,0,0
1392,0.029,0,0
1393,0.0290208,0,0
1394,0.0290417,0,0
1395,0.0290625,0,0
1396,0.0290833,0,0
1397,0.0291042,0,0
1398,0.029125,0,0
1399,0.0291458,0,0
1400,0.0291667,0,0
1401,0.0291875,0,0
1402,0.0292083,0,0
1403,0.0292292,0,0
1404,0.02925,0,0
1405,0.0292708,0,0
1406,0.0292917,0,0
1407,0.0293125,0,0
1408,0.0293333,0,0
1409,0.0293542,0,0
1410,0.029375,0,0
1411,0.0293958,0,0
1412,0.0294167,0,0
1413,0.0294375,0,0
1414,0.0294583,0,0
1415,0.0294792,0,0
1416,0.0295,0,0
1417,0.0295208,0,0
1418,0.0295417,0,0
1419,0.0295625,0,0
1420,0.0295833,0,0
1421,0.0296042,0,0
1422,0.029625,0,0
1423,0.0296458,0,0
1424,0.0296667,0,0
1425,0.0296875,0,0
1426,0.0297083,0,0
1427,0.0297292,0,0
1428,0.02975,0,0
1429,0.0297708,0,0
1430,0.0297917,0,0
1431,0.0298125,0,0
1432,0.0298333,0,0
1433,0.0298542,0,0
1434,0.029875,0,0
1435,0.0298958,0,0
1436,0.0299167,0,0
1437,0.0299375,0,0
1438,0.0299583,0,0
1439,0.0299792,0,0
1440,0.03,0,0
1441,0.0300208,0,0
1442,0.0300417,0,0
1443,0.0300625,0,0
1444,0.0300833,0,0
1445,0.0301042,0,0
1446,0.030125,0,0
1447,0.0301458,0,0
1448,0.0301667,0,0
1449,0.0301875,0,0
1450,0.0302083,0,0
1451,0.0302292,0,0
1452,0.03025,0,0
1453,0.0302708,0,0
1454,0.0302917,0,0
1455,0.0303125,0,0
1456,0.0303333,0,0
1457,0.0303542,0,0
1458,0.030375,0,0
1459,0.0303958,0,0
1460,0.0304167,0,0
1461,0.0304375,0,0
1462,0.0304583,0,0
1463,0.0304792,0,0
1464,0.0305,0,0
1465,0.0305208,0,0
1466,0.0305417,0,0
1467,0.0305625,0,0
1468,0.0305833,0,0
1469,0.0306042,0,0
1470,0.030625,0,0
1471,0.0306458,0,0
1472,0.0306667,0,0
1473,0.0306875,0,0
1474,0.0307083,0,0
1475,0.0307292,0,0
1476,0.03075,0,0
1477,0.0307708,0,0
1478,0.0307917,0,0
1479,0.0308125,0,0
1480,0.0308333,0,0
1481,0.0308542,0,0
1482,0.030875,0,0
1483,0.0308958,0,0
1484,0.0309167,0,0
1485,0.0309375,0,0
1486,0.0309583,0,0
1487,0.0309792,0,0
1488,0.031,0,0
1489,0.0310208,0,0
1490,0.0310417,0,0
1491,0.0310625,0,0
1492,0.0310833,0,0
1493,0.0311042,0,0
1494,0.031125,0,0
1495,0.0311458,0,0
1496,0.0311667,0,0
1497,0.0311875,0,0
1498,0.0312083,0,0
1499,0.0312292,0,0
1500,0.03125,0,0
1501,0.0312708,0,0
1502,0.0312917,0,0
1503,0.0313125,0,0
1504,0.0313333,0,0
1505,0.0313542,0,0
1506,0.031375,0,0
1507,0.0313958,0,0
1508,0.0314167,0,0
1509,0.0314375,0,0
1510,0.0314583,0,0
1511,0.0314792,0,0
1512,0.0315,0,0
1513,0.0315208,0,0
1514,0.0315417,0,0
1515,0.0315625,0,0
1516,0.0315833,0,0
1517,0.0316042,0,0
1518,0.031625,0,0
1519,0.0316458,0,0
1520,0.0316667,0,0
1521,0.0316875,0,0
1522,0.0317083,0,0
1523,0.0317292,0,0
1524,0.03175,0,0
1525,0.0317708,0,0
1526,0.0317917,0,0
1527,0.0318125,0,0
1528,0.0318333,0,0
1529,0.0318542,0,0
1530,0.031875,0,0
1531,0.0318958,0,0
1532,0.0319167,0,0
1533,0.0319375,0,0
1534,0.0319583,0,0
1535,0.0319792,0,0
1536,0.032,0,0
1537,0.0320208,0,0
1538,0.0320417,0,0
1539,0.0320625,0,0
1540,0.0320833,0,0
1541,0.0321042,0,0
1542,0.032125,0,0
1543,0.0321458,0,0
1544,0.0321667,0,0
1545,0.0321875,0,0
1546,0.0322083,0,0
1547,0.0322292,0,0
1548,0.03225,0,0
1549,0.0322708,0,0
1550,0.0322917,0,0
1551,0.0323125,0,0
1552,0.0323333,0,0
1553,0.0323542,0,0
1554,0.032375,0,0
1555,0.0323958,0,0
1556,0.0324167,0,0
1557,0.0324375,0,0
1558,0.0324583,0,0
1559,0.0324792,0,0
1560,0.0325,0,0
1561,0.0325208,0,0
1562,0.0325417,0,0
1563,0.0325625,0,0
1564,0.0325833,0,0
1565,0.0326042,0,0
1566,0.032625,0,0
1567,0.0326458,0,0
1568,0.0326667,0,0
1569,0.0326875,0,0
1570,0.0327083,0,0
1571,0.0327292,0,0
1572,0.03275,0,0
1573,0.0327708,0,0
1574,0.0327917,0,0
1575,0.0328125,0,0
1576,0.0328333,0,0
1577,0.0328542,0,0
1578,0.032875,0,0
1579,0.0328958,0,0
1580,0.0329167,0,0
1581,0.0329375,0,0
1582,0.0329583,0,0
1583,0.0329792,0,0
1584,0.033,0,0
1585,0.0330208,0,0
1586,0.0330417,0,0
1587,0.0330625,0,0
1588,0.0330833,0,0
1589,0.0331042,0,0
1590,0.033125,0,0
1591,0.0331458,0,0
1592,0.0331667,0,0
1593,0.0331875,0,0
1594,0.0332083,0,0
1595,0.0332292,0,0
1596,0.03325,0,0
1597,0.0332708,0,0
1598,0.0332917,0,0
1599,0.0333125,0,0
1600,0.0333333,0,0
1601,0.0333542,0,0
1602,0.033375,0,0
1603,0.0333958,0,0
1604,0.0334167,0,0
1605,0.0334375,0,0
1606,0.0334583,0,0
1607,0.0334792,0,0
1608,0.0335,0,0
1609,0.0335208,0,0
1610,0.0335417,0,0
1611,0.0335625,0,0
1612,0.0335833,0,0
1613,0.0336042,0,0
1614,0.033625,0,0
1615,0.0336458,0,0
1616,0.0336667,0,0
1617,0.0336875,0,0
1618,0.0337083,0,0
1619,0.0337292,0,0
1620,0.03375,0,0
1621,0.0337708,0,0
1622,0.0337917,0,0
1623,0.0338125,0,0
1624,0.0338333,0,0
1625,0.0338542,0,0
1626,0.033875,0,0
1627,0.0338958,0,0
1628,0.0339167,0,0
1629,0.0339375,0,0
1630,0.0339583,0,0
1631,0.0339792,0,0
1632,0.034,0,0
1633,0.0340208,0,0
1634,0.0340417,0,0
1635,0.0340625,0,0
1636,0.0340833,0,0
1637,0.0341042,0,0
1638,0.034125,0,0
1639,0.0341458,0,0
1640,0.0341667,0,0
1641,0.0341875,0,0
1642,0.0342083,0,0
1643,0.0342292,0,0
1644,0.03425,0,0
1645,0.0342708,0,0
1646,0.0342917,0,0
1647,0.0343125,0,0
1648,0.0343333,0,0
1649,0.0343542,0,0
1650,0.034375,0,0
1651,0.0343958,0,0
1652,0.0344167,0,0
1653,0.0344375,0,0
1654,0.0344583,0,0
1655,0.0344792,0,0
1656,0.0345,0,0
1657,0.0345208,0,0
1658,0.0345417,0,0
1659,0.0345625,0,0
1660,0.0345833,0,0
1661,0.0346042,0,0
1662,0.034625,0,0
1663,0.0346458,0,0
1664,0.0346667,0,0
1665,0.0346875,0,0
1666,0.0347083,0,0
1667,0.0347292,0,0
1668,0.03475,0,0
1669,0.0347708,0,0
1670,0.0347917,0,0
1671,0.0348125,0,0
1672,0.0348333,0,0
1673,0.0348542,0,0
1674,0.034875,0,0
1675,0.0348958,0,0
1676,0.0349167,0,0
1677,0.0349375,0,0
1678,0.0349583,0,0
1679,0.0349792,0,0
1680,0.035,0,0
1681,0.0350208,0,0
1682,0.0350417,0,0
1683,0.0350625,0,0
1684,0.0350833,0,0
1685,0.0351042,0,0
1686,0.035125,0,0
1687,0.0351458,0,0
1688,0.0351667,0,0
1689,0.0351875,0,0
1690,0.0352083,0,0
1691,0.0352292,0,0
1692,0.03525,0,0
1693,0.0352708,0,0
1694,0.0352917,0,0
1695,0.0353125,0,0
1696,0.0353333,0,0
1697,0.0353542,0,0
1698,0.035375,0,0
1699,0.0353958,0,0
1700,0.0354167,0,0
1701,0.0354375,0,0
1702,0.0354583,0,0
1703,0.0354792,0,0
1704,0.0355,0,0
1705,0.0355208,0,0
1706,0.0355417,0,0
1707,0.0355625,0,0
1708,0.0355833,0,0
1709,0.0356042,0,0
1710,0.035625,0,0
1711,0.0356458,0,0
1712,0.0356667,0,0
1713,0.0356875,0,0
1714,0.0357083,0,0
1715,0.0357292,0,0
1716,0.03575,0,0
1717,0.0357708,0,0
1718,0.0357917,0,0
1719,0.0358125,0,0
1720,0.0358333,0,0
1721,0.0358542,0,0
1722,0.035875,0,0
1723,0.0358958,0,0
1724,0.0359167,0,0
1725,0.0359375,0,0
1726,0.0359583,0,0
1727,0.0359792,0,0
1728,0.036,0,0
1729,0.0360208,0,0
1730,0.0360417,0,0
1731,0.0360625,0,0
1732,0.0360833,0,0
1733,0.0361042,0,0
1734,0.036125,0,0
1735,0.0361458,0,0
1736,0.0361667,0,0
1737,0.0361875,0,0
1738,0.0362083,0,0
1739,0.0362292,0,0
1740,0.03625,0,0
1741,0.0362708,0,0
1742,0.0362917,0,0
1743,0.0363125,0,0
1744,0.0363333,0,0
1745,0.0363542,0,0
1746,0.036375,0,0
1747,0.0363958,0,0
1748,0.0364167,0,0
1749,0.0364375,0,0
1750,0.0364583,0,0
1751,0.0364792,0,0
1752,0.0365,0,0
1753,0.0365208,0,0
1754,0.0365417,0,0
1755,0.0365625,0,0
1756,0.0365833,0,0
1757,0.0366042,0,0
1758,0.036625,0,0
1759,0.0366458,0,0
1760,0.0366667,0,0
1761,0.0366875,0,0
1762,0.0367083,0,0
1763,0.0367292,0,0
1764,0.03675,0,0
1765,0.0367708,0,0
1766,0.0367917,0,0
1767,0.0368125,0,0
1768,0.0368333,0,0
1769,0.0368542,0,0
1770,0.036875,0,0
1771,0.0368958,0,0
1772,0.0369167,0,0
1773,0.0369375,0,0
1774,0.0369583,0,0
1775,0.0369792,0,0
1776,0.037,0,0
1777,0.0370208,0,0
1778,0.0370417,0,0
1779,0.0370625,0,0
1780,0.0370833,0,0
1781,0.0371042,0,0
1782,0.037125,0,0
1783,0.0371458,0,0
1784,0.0371667,0,0
1785,0.0371875,0,0
1786,0.0372083,0,0
1787,0.0372292,0,0
1788,0.03725,0,0
1789,0.0372708,0,0
1790,0.0372917,0,0
1791,0.0373125,0,0
1792,0.0373333,0,0
1793,0.0373542,0,0
1794,0.037375,0,0
1795,0.0373958,0,0
1796,0.0374167,0,0
1797,0.0374375,0,0
1798,0.0374583,0,0
1799,0.0374792,0,0
1800,0.0375,0,0
1801,0.0375208,0,0
1802,0.0375417,0,0
1803,0.0375625,0,0
1804,0.0375833,0,0
1805,0.0376042,0,0
1806,0.037625,0,0
1807,0.0376458,0,0
1808,0.0376667,0,0
1809,0.0376875,0,0
1810,0.0377083,0,0
1811,0.0377292,0,0
1812,0.03775,0,0
1813,0.0377708,0,0
1814,0.0377917,0,0
1815,0.0378125,0,0
1816,0.0378333,0,0
1817,0.0378542,0,0
1818,0.037875,0,0
1819,0.0378958,0,0
1820,0.0379167,0,0
1821,0.0379375,0,0
1822,0.0379583,0,0
1823,0.0379792,0,0
1824,0.038,0,0
1825,0.0380208,0,0
1826,0.0380417,0,0
1827,0.0380625,0,0
1828,0.0380833,0,0
1829,0.0381042,0,0
1830,0.038125,0,0
1831,0.0381458,0,0
1832,0.0381667,0,0
1833,0.0381875,0,0
1834,0.0382083,0,0
1835,0.0382292,0,0
1836,0.03825,0,0
1837,0.0382708,0,0
1838,0.0382917,0,0
1839,0.0383125,0,0
1840,0.0383333,0,0
1841,0.0383542,0,0
1842,0.038375,0,0
1843,0.0383958,0,0
1844,0.0384167,0,0
1845,0.0384375,0,0
1846,0.0384583,0,0
1847,0.0384792,0,0
1848,0.0385,0,0
1849,0.0385208,0,0
1850,0.0385417,0,0
1851,0.0385625,0,0
1852,0.0385833,0,0
1853,0.0386042,0,0
1854,0.038625,0,0
1855,0.0386458,0,0
1856,0.0386667,0,0
1857,0.0386875,0,0
1858,0.0387083,0,0
1859,0.0387292,0,0
1860,0.03875,0,0
1861,0.0387708,0,0
1862,0.0387917,0,0
1863,0.0388125,0,0
1864,0.0388333,0,0
1865,0.0388542,0,0
1866,0.038875,0,0
1867,0.0388958,0,0
1868,0.0389167,0,0
1869,0.0389375,0,0
1870,0.0389583,0,0
1871,0.0389792,0,0
1872,0.039,0,0
1873,0.0390208,0,0
1874,0.0390417,0,0
1875,0.0390625,0,0
1876,0.0390833,0,0
1877,0.0391042,0,0
1878,0.039125,0,0
1879,0.0391458,0,0
1880,0.0391667,0,0
1881,0.0391875,0,0
1882,0.0392083,0,0
1883,0.0392292,0,0
1884,0.03925,0,0
1885,0.0392708,0,0
1886,0.0392917,0,0
1887,0.0393125,0,0
1888,0.0393333,0,0
1889,0.0393542,0,0
1890,0.039375,0,0
1891,0.0393958,0,0
1892,0.0394167,0,0
1893,0.0394375,0,0
1894,0.0394583,0,0
1895,0.0394792,0,0
1896,0.0395,0,0
1897,0.0395208,0,0
1898,0.0395417,0,0
1899,0.0395625,0,0
1900,0.0395833,0,0
1901,0.0396042,0,0
1902,0.039625,0,0
1903,0.0396458,0,0
1904,0.0396667,0,0
1905,0.0396875,0,0
1906,0.0397083,0,0
1907,0.0397292,0,0
1908,0.03975,0,0
1909,0.0397708,0,0
1910,0.0397917,0,0
1911,0.0398125,0,0
1912,0.0398333,0,0
1913,0.0398542,0,0
1914,0.039875,0,0
1915,0.0398958,0,0
1916,0.0399167,0,0
1917,0.0399375,0,0
1918,0.0399583,0,0
1919,0.0399792,0,0
1920,0.04,0,0
1921,0.0400208,0,0
1922,0.0400417,0,0
1923,0.0400625,0,0
1924,0.0400833,0,0
1925,0.0401042,0,0
1926,0.040125,0,0
1927,0.0401458,0,0
1928,0.0401667,0,0
1929,0.0401875,0,0
1930,0.0402083,0,0
1931,0.0402292,0,0
1932,0.04025,0,0
1933,0.0402708,0,0
1934,0.0402917,0,0
1935,0.0403125,0,0
1936,0.0403333,0,0
1937,0.0403542,0,0
1938,0.040375,0,0
1939,0.0403958,0,0
1940,0.0404167,0,0
1941,0.0404375,0,0
1942,0.0404583,0,0
1943,0.0404792,0,0
1944,0.0405,0,0
1945,0.0405208,0,0
1946,0.0405417,0,0
1947,0.0405625,0,0
1948,0.0405833,0,0
1949,0.0406042,0,0
1950,0.040625,0,0
1951,0.0406458,0,0
1952,0.0406667,0,0
1953,0.0406875,0,0
1954,0.0407083,0,0
1955,0.0407292,0,0
1956,0.04075,0,0
1957,0.0407708,0,0
1958,0.0407917,0,0
1959,0.0408125,0,0
1960,0.0408333,0,0
1961,0.0408542,0,0
1962,0.040875,0,0
1963,0.0408958,0,0
1964,0.0409167,0,0
1965,0.0409375,0,0
1966,0.0409583,0,0
1967,0.0409792,0,0
1968,0.041,0,0
1969,0.0410208,0,0
1970,0.0410417,0,0
1971,0.0410625,0,0
1972,0.0410833,0,0
1973,0.0411042,0,0
1974,0.041125,0,0
1975,0.0411458,0,0
1976,0.0411667,0,0
1977,0.0411875,0,0
1978,0.0412083,0,0
1979,0.0412292,0,0
1980,0.04125,0,0
1981,0.0412708,0,0
1982,0.0412917,0,0
1983,0.0413125,0,0
1984,0.0413333,0,0
1985,0.0413542,0,0
1986,0.041375,0,0
1987,0.0413958,0,0
1988,0.0414167,0,0
1989,0.0414375,0,0
1990,0.0414583,0,0
1991,0.0414792,0,0
1992,0.0415,0,0
1993,0.0415208,0,0
1994,0.0415417,0,0
1995,0.0415625,0,0
1996,0.0415833,0,0
1997,0.0416042,0,0
1998,0.041625,0,0
1999,0.0416458,0,0
2000,0.0416667,0,0
2001,0.0416875,0,0
2002,0.0417083,0,0
2003,0.0417292,0,0
2004,0.04175,0,0
2005,0.0417708,0,0
2006,0.0417917,0,0
2007,0.0418125,0,0
2008,0.0418333,0,0
2009,0.0418542,0,0
2010,0.041875,0,0
2011,0.0418958,0,0
2012,0.0419167,0,0
2013,0.0419375,0,0
2014,0.0419583,0,0
2015,0.0419792,0,0
2016,0.042,0,0
2017,0.0420208,0,0
2018,0.0420417,0,0
2019,0.0420625,0,0
2020,0.0420833,0,0
2021,0.0421042,0,0
2022,0.042125,0,0
2023,0.0421458,0,0
2024,0.0421667,0,0
2025,0.0421875,0,0
2026,0.0422083,0,0
2027,0.0422292,0,0
2028,0.04225,0,0
2029,0.0422708,0,0
2030,0.0422917,0,0
2031,0.0423125,0,0
2032,0.0423333,0,0
2033,0.0423542,0,0
2034,0.042375,0,0
2035,0.0423958,0,0
2036,0.0424167,0,0
2037,0.0424375,0,0
2038,0.0424583,0,0
2039,0.0424792,0,0
2040,0.0425,0,0
2041,0.0425208,0,0
2042,0.0425417,0,0
2043,0.0425625,0,0
2044,0.0425833,0,0
2045,0.0426042,0,0
2046,0.042625,0,0
2047,0.0426458,0,0
2048,0.0426667,0,0
2049,0.0426875,0,0
2050,0.0427083,0,0
2051,0.0427292,0,0
2052,0.04275,0,0
2053,0.0427708,0,0
2054,0.0427917,0,0
2055,0.0428125,0,0
2056,0.0428333,0,0
2057,0.0428542,0,0
2058,0.042875,0,0
2059,0.0428958,0,0
2060,0.0429167,0,0
2061,0.0429375,0,0
2062,0.0429583,0,0
2063,0.0429792,0,0
2064,0.043,0,0
2065,0.0430208,0,0
2066,0.0430417,0,0
2067,0.0430625,0,0
2068,0.0430833,0,0
2069,0.0431042,0,0
2070,0.043125,0,0
2071,0.0431458,0,0
2072,0.0431667,0,0
2073,0.0431875,0,0
2074,0.0432083,0,0
2075,0.0432292,0,0
2076,0.04325,0,0
2077,0.0432708,0,0
2078,0.0432917,0,0
2079,0.0433125,0,0
2080,0.0433333,0,0
2081,0.0433542,0,0
2082,0.043375,0,0
2083,0.0433958,0,0
2084,0.0434167,0,0
2085,0.0434375,0,0
2086,0.0434583,0,0
2087,0.0434792,0,0
2088,0.0435,0,0
2089,0.0435208,0,0
2090,0.0435417,0,0
2091,0.0435625,0,0
2092,0.0435833,0,0
2093,0.0436042,0,0
2094,0.043625,0,0
2095,0.0436458,0,0
2096,0.0436667,0,0
2097,0.0436875,0,0
2098,0.0437083,0,0
2099,0.0437292,0,0
2100,0.04375,0,0
2101,0.0437708,0,0
2102,0.0437917,0,0
2103,0.0438125,0,0
2104,0.0438333,0,0
2105,0.0438542,0,0
2106,0.043875,0,0
2107,0.0438958,0,0
2108,0.0439167,0,0
2109,0.0439375,0,0
2110,0.0439583,0,0
2111,0.0439792,0,0
2112,0.044,0,0
2113,0.0440208,0,0
2114,0.0440417,0,0
2115,0.0440625,0,0
2116,0.0440833,0,0
2117,0.0441042,0,0
2118,0.044125,0,0
2119,0.0441458,0,0
2120,0.0441667,0,0
2121,0.0441875,0,0
2122,0.0442083,0,0
2123,0.0442292,0,0
2124,0.04425,0,0
2125,0.0442708,0,0
2126,0.0442917,0,0
2127,0.0443125,0,0
2128,0.0443333,0,0
2129,0.0443542,0,0
2130,0.044375,0,0
2131,0.0443958,0,0
2132,0.0444167,0,0
2133,0.0444375,0,0
2134,0.0444583,0,0
2135,0.0444792,0,0
2136,0.0445,0,0
2137,0.0445208,0,0
2138,0.0445417,0,0
2139,0.0445625,0,0
2140,0.0445833,0,0
2141,0.0446042,0,0
2142,0.044625,0,0
2143,0.0446458,0,0
2144,0.0446667,0,0
2145,0.0446875,0,0
2146,0.0447083,0,0
2147,0.0447292,0,0
2148,0.04475,0,0
2149,0.0447708,0,0
2150,0.0447917,0,0
2151,0.0448125,0,0
2152,0.0448333,0,0
2153,0.0448542,0,0
2154,0.044875,0,0
2155,0.0448958,0,0
2156,0.0449167,0,0
2157,0.0449375,0,0
2158,0.0449583,0,0
2159,0.0449792,0,0
2160,0.045,0,0
2161,0.0450208,0,0
2162,0.0450417,0,0
2163,0.0450625,0,0
2164,0.0450833,0,0
2165,0.0451042,0,0
2166,0.045125,0,0
2167,0.0451458,0,0
2168,0.0451667,0,0
2169,0.0451875,0,0
2170,0.0452083,0,0
2171,0.0452292,0,0
2172,0.04525,0,0
2173,0.0452708,0,0
2174,0.0452917,0,0
2175,0.0453125,0,0
2176,0.0453333,0,0
2177,0.0453542,0,0
2178,0.045375,0,0
2179,0.0453958,0,0
2180,0.0454167,0,0
2181,0.0454375,0,0
2182,0.0454583,0,0
2183,0.0454792,0,0
2184,0.0455,0,0
2185,0.0455208,0,0
2186,0.0455417,0,0
2187,0.0455625,0,0
2188,0.0455833,0,0
2189,0.0456042,0,0
2190,0.045625,0,0
2191,0.0456458,0,0
2192,0.0456667,0,0
2193,0.0456875,0,0
2194,0.0457083,0,0
2195,0.0457292,0,0
2196,0.04575,0,0
2197,0.0457708,0,0
2198,0.0457917,0,0
2199,0.0458125,0,0
2200,0.0458333,0,0
2201,0.0458542,0,0
2202,0.045875,0,0
2203,0.0458958,0,0
2204,0.0459167,0,0
2205,0.0459375,0,0
2206,0.0459583,0,0
2207,0.0459792,0,0
2208,0.046,0,0
2209,0.0460208,0,0
2210,0.0460417,0,0
2211,0.0460625,0,0
2212,0.0460833,0,0
2213,0.0461042,0,0
2214,0.046125,0,0
2215,0.0461458,0,0
2216,0.0461667,0,0
2217,0.0461875,0,0
2218,0.0462083,0,0
2219,0.0462292,0,0
2220,0.04625,0,0
2221,0.0462708,0,0
2222,0.0462917,0,0
2223,0.0463125,0,0
2224,0.0463333,0,0
2225,0.0463542,0,0
2226,0.046375,0,0
2227,0.0463958,0,0
2228,0.0464167,0,0
2229,0.0464375,0,0
2230,0.0464583,0,0
2231,0.0464792,0,0
2232,0.0465,0,0
2233,0.0465208,0,0
2234,0.0465417,0,0
2235,0.0465625,0,0
2236,0.0465833,0,0
2237,0.0466042,0,0
2238,0.046625,0,0
2239,0.0466458,0,0
2240,0.0466667,0,0
2241,0.0466875,0,0
2242,0.0467083,0,0
2243,0.0467292,0,0
2244,0.04675,0,0
2245,0.0467708,0,0
2246,0.0467917,0,0
2247,0.0468125,0,0
2248,0.0468333,0,0
2249,0.0468542,0,0
2250,0.046875,0,0
2251,0.0468958,0,0
2252,0.0469167,0,0
2253,0.0469375,0,0
2254,0.0469583,0,0
2255,0.0469792,0,0
2256,0.047,0,0
2257,0.0470208,0,0
2258,0.0470417,0,0
2259,0.0470625,0,0
2260,0.0470833,0,0
2261,0.0471042,0,0
2262,0.047125,0,0
2263,0.0471458,0,0
2264,0.0471667,0,0
2265,0.0471875,0,0
2266,0.0472083,0,0
2267,0.0472292,0,0
2268,0.04725,0,0
2269,0.0472708,0,0
2270,0.0472917,0,0
2271,0.0473125,0,0
2272,0.0473333,0,0
2273,0.0473542,0,0
2274,0.047375,0,0
2275,0.0473958,0,0
2276,0.0474167,0,0
2277,0.0474375,0,0
2278,0.0474583,0,0
2279,0.0474792,0,0
2280,0.0475,0,0
2281,0.0475208,0,0
2282,0.0475417,0,0
2283,0.0475625,0,0
2284,0.0475833,0,0
2285,0.0476042,0,0
2286,0.047625,0,0
2287,0.0476458,0,0
2288,0.0476667,0,0
2289,0.0476875,0,0
2290,0.0477083,0,0
2291,0.0477292,0,0
2292,0.04775,0,0
2293,0.0477708,0,0
2294,0.0477917,0,0
2295,0.0478125,0,0
2296,0.0478333,0,0
2297,0.0478542,0,0
2298,0.047875,0,0
2299,0.0478958,0,0
2300,0.0479167,0,0
2301,0.0479375,0,0
2302,0.0479583,0,0
2303,0.0479792,0,0
2304,0.048,0,0
2305,0.0480208,0,0
2306,0.0480417,0,0
2307,0.0480625,0,0
2308,0.0480833,0,0
2309,0.0481042,0,0
2310,0.048125,0,0
2311,0.0481458,0,0
2312,0.0481667,0,0
2313,0.0481875,0,0
2314,0.0482083,0,0
2315,0.0482292,0,0
2316,0.04825,0,0
2317,0.0482708,0,0
2318,0.0482917,0,0
2319,0.0483125,0,0
2320,0.0483333,0,0
2321,0.0483542,0,0
2322,0.048375,0,0
2323,0.0483958,0,0
2324,0.0484167,0,0
2325,0.0484375,0,0
2326,0.0484583,0,0
2327,0.0484792,0,0
2328,0.0485,0,0
2329,0.0485208,0,0
2330,0.0485417,0,0
2331,0.0485625,0,0
2332,0.0485833,0,0
2333,0.0486042,0,0
2334,0.048625,0,0
2335,0.0486458,0,0
2336,0.0486667,0,0
2337,0.0486875,0,0
2338,0.0487083,0,0
2339,0.0487292,0,0
2340,0.04875,0,0
2341,0.0487708,0,0
2342,0.0487917,0,0
2343,0.0488125,0,0
2344,0.0488333,0,0
2345,0.0488542,0,0
2346,0.048875,0,0
2347,0.0488958,0,0
2348,0.0489167,0,0
2349,0.0489375,0,0
2350,0.0489583,0,0
2351,0.0489792,0,0
2352,0.049,0,0
2353,0.0490208,0,0
2354,0.0490417,0,0
2355,0.0490625,0,0
2356,0.0490833,0,0
2357,0.0491042,0,0
2358,0.049125,0,0
2359,0.0491458,0,0
2360,0.0491667,0,0
2361,0.0491875,0,0
2362,0.0492083,0,0
2363,0.0492292,0,0
2364,0.04925,0,0
2365,0.0492708,0,0
2366,0.0492917,0,0
2367,0.0493125,0,0
2368,0.0493333,0,0
2369,0.0493542,0,0
2370,0.049375,0,0
2371,0.0493958,0,0
2372,0.0494167,0,0
2373,0.0494375,0,0
2374,0.0494583,0,0
2375,0.0494792,0,0
2376,0.0495,0,0
2377,0.0495208,0,0
2378,0.0495417,0,0
2379,0.0495625,0,0
2380,0.0495833,0,0
2381,0.0496042,0,0
2382,0.049625,0,0
2383,0.0496458,0,0
2384,0.0496667,0,0
2385,0.0496875,0,0
2386,0.0497083,0,0
2387,0.0497292,0,0
2388,0.04975,0,0
2389,0.0497708,0,0
2390,0.0497917,0,0
2391,0.0498125,0,0
2392,0.0498333,0,0
2393,0.0498542,0,0
2394,0.049875,0,0
2395,0.0498958,0,0
2396,0.0499167,0,0
2397,0.0499375,0,0
2398,0.0499583,0,0
2399,0.0499792,0,0
2400,0.05,0,0
2401,0.0500208,0,0
2402,0.0500417,0,0
2403,0.0500625,0,0
2404,0.0500833,0,0
2405,0.0501042,0,0
2406,0.050125,0,0
2407,0.0501458,0,0
2408,0.0501667,0,0
2409,0.0501875,0,0
2410,0.0502083,0,0
2411,0.0502292,0,0
2412,0.05025,0,0
2413,0.0502708,0,0
2414,0.0502917,0,0
2415,0.0503125,0,0
2416,0.0503333,0,0
2417,0.0503542,0,0
2418,0.050375,0,0
2419,0.0503958,0,0
2420,0.0504167,0,0
2421,0.0504375,0,0
2422,0.0504583,0,0
2423,0.0504792,0,0
2424,0.0505,0,0
2425,0.0505208,0,0
2426,0.0505417,0,0
2427,0.0505625,0,0
2428,0.0505833,0,0
2429,0.0506042,0,0
2430,0.050625,0,0
2431,0.0506458,0,0
2432,0.0506667,0,0
2433,0.0506875,0,0
2434,0.0507083,0,0
2435,0.0507292,0,0
2436,0.05075,0,0
2437,0.0507708,0,0
2438,0.0507917,0,0
2439,0.0508125,0,0
2440,0.0508333,0,0
2441,0.0508542,0,0
2442,0.050875,0,0
2443,0.0508958,0,0
2444,0.0509167,0,0
2445,0.0509375,0,0
2446,0.0509583,0,0
2447,0.0509792,0,0
2448,0.051,0,0
2449,0.0510208,0,0
2450,0.0510417,0,0
2451,0.0510625,0,0
2452,0.0510833,0,0
2453,0.0511042,0,0
2454,0.051125,0,0
2455,0.0511458,0,0
2456,0.0511667,0,0
2457,0.0511875,0,0
2458,0.0512083,0,0
2459,0.0512292,0,0
2460,0.05125,0,0
2461,0.0512708,0,0
2462,0.0512917,0,0
2463,0.0513125,0,0
2464,0.0513333,0,0
2465,0.0513542,0,0
2466,0.051375,0,0
2467,0.0513958,0,0
2468,0.0514167,0,0
2469,0.0514375,0,0
2470,0.0514583,0,0
2471,0.0514792,0,0
2472,0.0515,0,0
2473,0.0515208,0,0
2474,0.0515417,0,0
2475,0.0515625,0,0
2476,0.0515833,0,0
2477,0.0516042,0,0
2478,0.051625,0,0
2479,0.0516458,0,0
2480,0.0516667,0,0
2481,0.0516875,0,0
2482,0.0517083,0,0
2483,0.0517292,0,0
2484,0.05175,0,0
2485,0.0517708,0,0
2486,0.0517917,0,0
2487,0.0518125,0,0
2488,0.0518333,0,0
2489,0.0518542,0,0
2490,0.051875,0,0
2491,0.0518958,0,0
2492,0.0519167,0,0
2493,0.0519375,0,0
2494,0.0519583,0,0
2495,0.0519792,0,0
2496,0.052,0,0
2497,0.0520208,0,0
2498,0.0520417,0,0
2499,0.0520625,0,0
2500,0.0520833,0,0
2501,0.0521042,0,0
2502,0.052125,0,0
2503,0.0521458,0,0
2504,0.0521667,0,0
2505,0.0521875,0,0
2506,0.0522083,0,0
2507,0.0522292,0,0
2508,0.05225,0,0
2509,0.0522708,0,0
2510,0.0522917,0,0
2511,0.0523125,0,0
2512,0.0523333,0,0
2513,0.0523542,0,0
2514,0.052375,0,0
2515,0.0523958,0,0
2516,0.0524167,0,0
2517,0.0524375,0,0
2518,0.0524583,0,0
2519,0.0524792,0,0
2520,0.0525,0,0
2521,0.0525208,0,0
2522,0.0525417,0,0
2523,0.0525625,0,0
2524,0.0525833,0,0
2525,0.0526042,0,0
2526,0.052625,0,0
2527,0.0526458,0,0
2528,0.0526667,0,0
2529,0.0526875,0,0
2530,0.0527083,0,0
2531,0.0527292,0,0
2532,0.05275,0,0
2533,0.0527708,0,0
2534,0.0527917,0,0
2535,0.0528125,0,0
2536,0.0528333,0,0
2537,0.0528542,0,0
2538,0.052875,0,0
2539,0.0528958,0,0
2540,0.0529167,0,0
2541,0.0529375,0,0
2542,0.0529583,0,0
2543,0.0529792,0,0
2544,0.053,0,0
2545,0.0530208,0,0
2546,0.0530417,0,0
2547,0.0530625,0,0
2548,0.0530833,0,0
2549,0.0531042,0,0
2550,0.053125,0,0
2551,0.0531458,0,0
2552,0.0531667,0,0
2553,0.0531875,0,0
2554,0.0532083,0,0
2555,0.0532292,0,0
2556,0.05325,0,0
2557,0.0532708,0,0
2558,0.0532917,0,0
2559,0.0533125,0,0
2560,0.0533333,0,0
2561,0.0533542,0,0
2562,0.053375,0,0
2563,0.0533958,0,0
2564,0.0534167,0,0
2565,0.0534375,0,0
2566,0.0534583,0,0
2567,0.0534792,0,0
2568,0.0535,0,0
2569,0.0535208,0,0
2570,0.0535417,0,0
2571,0.0535625,0,0
2572,0.0535833,0,0
2573,0.0536042,0,0
2574,0.053625,0,0
2575,0.0536458,0,0
2576,0.0536667,0,0
2577,0.0536875,0,0
2578,0.0537083,0,0
2579,0.0537292,0,0
2580,0.05375,0,0
2581,0.0537708,0,0
2582,0.0537917,0,0
2583,0.0538125,0,0
2584,0.0538333,0,0
2585,0.0538542,0,0
2586,0.053875,0,0
2587,0.0538958,0,0
2588,0.0539167,0,0
2589,0.0539375,0,0
2590,0.0539583,0,0
2591,0.0539792,0,0
2592,0.054,0,0
2593,0.0540208,0,0
2594,0.0540417,0,0
2595,0.0540625,0,0
2596,0.0540833,0,0
2597,0.0541042,0,0
2598,0.054125,0,0
2599,0.0541458,0,0
2600,0.0541667,0,0
2601,0.0541875,0,0
2602,0.0542083,0,0
2603,0.0542292,0,0
2604,0.05425,0,0
2605,0.0542708,0,0
2606,0.0542917,0,0
2607,0.0543125,0,0
2608,0.0543333,0,0
2609,0.0543542,0,0
2610,0.054375,0,0
2611,0.0543958,0,0
2612,0.0544167,0,0
2613,0.0544375,0,0
2614,0.0544583,0,0
2615,0.0544792,0,0
2616,0.0545,0,0
2617,0.0545208,0,0
2618,0.0545417,0,0
2619,0.0545625,0,0
2620,0.0545833,0,0
2621,0.0546042,0,0
2622,0.054625,0,0
2623,0.0546458,0,0
2624,0.0546667,0,0
2625,0.0546875,0,0
2626,0.0547083,0,0
2627,0.0547292,0,0
2628,0.05475,0,0
2629,0.0547708,0,0
2630,0.0547917,0,0
2631,0.0548125,0,0
2632,0.0548333,0,0
2633,0.0548542,0,0
2634,0.054875,0,0
2635,0.0548958,0,0
2636,0.0549167,0,0
2637,0.0549375,0,0
2638,0.0549583,0,0
2639,0.0549792,0,0
2640,0.055,0,0
2641,0.0550208,0,0
2642,0.0550417,0,0
2643,0.0550625,0,0
2644,0.0550833,0,0
2645,0.0551042,0,0
2646,0.055125,0,0
2647,0.0551458,0,0
2648,0.0551667,0,0
2649,0.0551875,0,0
2650,0.0552083,0,0
2651,0.0552292,0,0
2652,0.05525,0,0
2653,0.0552708,0,0
2654,0.0552917,0,0
2655,0.0553125,0,0
2656,0.0553333,0,0
2657,0.0553542,0,0
2658,0.055375,0,0
2659,0.0553958,0,0
2660,0.0554167,0,0
2661,0.0554375,0,0
2662,0.0554583,0,0
2663,0.0554792,0,0
2664,0.0555,0,0
2665,0.0555208,0,0
2666,0.0555417,0,0
2667,0.0555625,0,0
2668,0.0555833,0,0
2669,0.0556042,0,0
2670,0.055625,0,0
2671,0.0556458,0,0
2672,0.0556667,0,0
2673,0.0556875,0,0
2674,0.0557083,0,0
2675,0.0557292,0,0
2676,0.05575,0,0
2677,0.0557708,0,0
2678,0.0557917,0,0
2679,0.0558125,0,0
2680,0.0558333,0,0
2681,0.0558542,0,0
2682,0.055875,0,0
2683,0.0558958,0,0
2684,0.0559167,0,0
2685,0.0559375,0,0
2686,0.0559583,0,0
2687,0.0559792,0,0
2688,0.056,0,0
2689,0.0560208,0,0
2690,0.0560417,0,0
2691,0.0560625,0,0
2692,0.0560833,0,0
2693,0.0561042,0,0
2694,0.056125,0,0
2695,0.0561458,0,0
2696,0.0561667,0,0
2697,0.0561875,0,0
2698,0.0562083,0,0
2699,0.0562292,0,0
2700,0.05625,0,0
2701,0.0562708,0,0
2702,0.0562917,0,0
2703,0.0563125,0,0
2704,0.0563333,0,0
2705,0.0563542,0,0
2706,0.056375,0,0
2707,0.0563958,0,0
2708,0.0564167,0,0
2709,0.0564375,0,0
2710,0.0564583,0,0
2711,0.0564792,0,0
2712,0.0565,0,0
2713,0.0565208,0,0
2714,0.0565417,0,0
2715,0.0565625,0,0
2716,0.0565833,0,0
2717,0.0566042,0,0
2718,0.056625,0,0
2719,0.0566458,0,0
2720,0.0566667,0,0
2721,0.0566875,0,0
2722,0.0567083,0,0
2723,0.0567292,0,0
2724,0.05675,0,0
2725,0.0567708,0,0
2726,0.0567917,0,0
2727,0.0568125,0,0
2728,0.0568333,0,0
2729,0.0568542,0,0
2730,0.056875,0,0
2731,0.0568958,0,0
2732,0.0569167,0,0
2733,0.0569375,0,0
2734,0.0569583,0,0
2735,0.0569792,0,0
2736,0.057,0,0
2737,0.0570208,0,0
2738,0.0570417,0,0
2739,0.0570625,0,0
2740,0.0570833,0,0
2741,0.0571042,0,0
2742,0.057125,0,0
2743,0.0571458,0,0
2744,0.0571667,0,0
2745,0.0571875,0,0
2746,0.0572083,0,0
2747,0.0572292,0,0
2748,0.05725,0,0
2749,0.0572708,0,0
2750,0.0572917,0,0
2751,0.0573125,0,0
2752,0.0573333,0,0
2753,0.0573542,0,0
2754,0.057375,0,0
2755,0.0573958,0,0
2756,0.0574167,0,0
2757,0.0574375,0,0
2758,0.0574583,0,0
2759,0.0574792,0,0
2760,0.0575,0,0
2761,0.0575208,0,0
2762,0.0575417,0,0
2763,0.0575625,0,0
2764,0.0575833,0,0
2765,0.0576042,0,0
2766,0.057625,0,0
2767,0.0576458,0,0
2768,0.0576667,0,0
2769,0.0576875,0,0
2770,0.0577083,0,0
2771,0.0577292,0,0
2772,0.05775,0,0
2773,0.0577708,0,0
2774,0.0577917,0,0
2775,0.0578125,0,0
2776,0.0578333,0,0
2777,0.0578542,0,0
2778,0.057875,0,0
2779,0.0578958,0,0
2780,0.0579167,0,0
2781,0.0579375,0,0
2782,0.0579583,0,0
2783,0.0579792,0,0
2784,0.058,0,0
2785,0.0580208,0,0
2786,0.0580417,0,0
2787,0.0580625,0,0
2788,0.0580833,0,0
2789,0.0581042,0,0
2790,0.058125,0,0
2791,0.0581458,0,0
2792,0.0581667,0,0
2793,0.0581875,0,0
2794,0.0582083,0,0
2795,0.0582292,0,0
2796,0.05825,0,0
2797,0.0582708,0,0
2798,0.0582917,0,0
2799,0.0583125,0,0
2800,0.0583333,0,0
2801,0.0583542,0,0
2802,0.058375,0,0
2803,0.0583958,0,0
2804,0.0584167,0,0
2805,0.0584375,0,0
2806,0.0584583,0,0
2807,0.0584792,0,0
2808,0.0585,0,0
2809,0.0585208,0,0
2810,0.0585417,0,0
2811,0.0585625,0,0
2812,0.0585833,0,0
2813,0.0586042,0,0
2814,0.058625,0,0
2815,0.0586458,0,0
2816,0.0586667,0,0
2817,0.0586875,0,0
2818,0.0587083,0,0
2819,0.0587292,0,0
2820,0.05875,0,0
2821,0.0587708,0,0
2822,0.0587917,0,0
2823,0.0588125,0,0
2824,0.0588333,0,0
2825,0.0588542,0,0
2826,0.058875,0,0
2827,0.0588958,0,0
2828,0.0589167,0,0
2829,0.0589375,0,0
2830,0.0589583,0,0
2831,0.0589792,0,0
2832,0.059,0,0
2833,0.0590208,0,0
2834,0.0590417,0,0
2835,0.0590625,0,0
2836,0.0590833,0,0
2837,0.0591042,0,0
2838,0.059125,0,0
2839,0.0591458,0,0
2840,0.0591667,0,0
2841,0.0591875,0,0
2842,0.0592083,0,0
2843,0.0592292,0,0
2844,0.05925,0,0
2845,0.0592708,0,0
2846,0.0592917,0,0
2847,0.0593125,0,0
2848,0.0593333,0,0
2849,0.0593542,0,0
2850,0.059375,0,0
2851,0.0593958,0,0
2852,0.0594167,0,0
2853,0.0594375,0,0
2854,0.0594583,0,0
2855,0.0594792,0,0
2856,0.0595,0,0
2857,0.0595208,0,0
2858,0.0595417,0,0
2859,0.0595625,0,0
2860,0.0595833,0,0
2861,0.0596042,0,0
2862,0.059625,0,0
2863,0.0596458,0,0
2864,0.0596667,0,0
2865,0.0596875,0,0
2866,0.0597083,0,0
2867,0.0597292,0,0
2868,0.05975,0,0
2869,0.0597708,0,0
2870,0.0597917,0,0
2871,0.0598125,0,0
2872,0.0598333,0,0
2873,0.0598542,0,0
2874,0.059875,0,0
2875,0.0598958,0,0
2876,0.0599167,0,0
2877,0.0599375,0,0
2878,0.0599583,0,0
2879,0.0599792,0,0
2880,0.06,0,0
2881,0.0600208,0,0
2882,0.0600417,0,0
2883,0.0600625,0,0
2884,0.0600833,0,0
2885,0.0601042,0,0
2886,0.060125,0,0
2887,0.0601458,0,0
2888,0.0601667,0,0
2889,0.0601875,0,0
2890,0.0602083,0,0
2891,0.0602292,0,0
2892,0.06025,0,0
2893,0.0602708,0,0
2894,0.0602917,0,0
2895,0.0603125,0,0
2896,0.0603333,0,0
2897,0.0603542,0,0
2898,0.060375,0,0
2899,0.0603958,0,0
2900,0.0604167,0,0
2901,0.0604375,0,0
2902,0.0604583,0,0
2903,0.0604792,0,0
2904,0.0605,0,0
2905,0.0605208,0,0
2906,0.0605417,0,0
2907,0.0605625,0,0
2908,0.0605833,0,0
2909,0.0606042,0,0
2910,0.060625,0,0
2911,0.0606458,0,0
2912,0.0606667,0,0
2913,0.0606875,0,0
2914,0.0607083,0,0
2915,0.0607292,0,0
2916,0.06075,0,0
2917,0.0607708,0,0
2918,0.0607917,0,0
2919,0.0608125,0,0
2920,0.0608333,0,0
2921,0.0608542,0,0
2922,0.060875,0,0
2923,0.0608958,0,0
2924,0.0609167,0,0
2925,0.0609375,0,0
2926,0.0609583,0,0
2927,0.0609792,0,0
2928,0.061,0,0
2929,0.0610208,0,0
2930,0.0610417,0,0
2931,0.0610625,0,0
2932,0.0610833,0,0
2933,0.0611042,0,0
2934,0.061125,0,0
2935,0.0611458,0,0
2936,0.0611667,0,0
2937,0.0611875,0,0
2938,0.0612083,0,0
2939,0.0612292,0,0
2940,0.06125,0,0
2941,0.0612708,0,0
2942,0.0612917,0,0
2943,0.0613125,0,0
2944,0.0613333,0,0
2945,0.0613542,0,0
2946,0.061375,0,0
2947,0.0613958,0,0
2948,0.0614167,0,0
2949,0.0614375,0,0
2950,0.0614583,0,0
2951,0.0614792,0,0
2952,0.0615,0,0
2953,0.0615208,0,0
2954,0.0615417,0,0
2955,0.0615625,0,0
2956,0.0615833,0,0
2957,0.0616042,0,0
2958,0.061625,0,0
2959,0.0616458,0,0
2960,0.0616667,0,0
2961,0.0616875,0,0
2962,0.0617083,0,0
2963,0.0617292,0,0
2964,0.06175,0,0
2965,0.0617708,0,0
2966,0.0617917,0,0
2967,0.0618125,0,0
2968,0.0618333,0,0
2969,0.0618542,0,0
2970,0.061875,0,0
2971,0.0618958,0,0
2972,0.0619167,0,0
2973,0.0619375,0,0
2974,0.0619583,0,0
2975,0.0619792,0,0
2976,0.062,0,0
2977,0.0620208,0,0
2978,0.0620417,0,0
2979,0.0620625,0,0
2980,0.0620833,0,0
2981,0.0621042,0,0
2982,0.062125,0,0
2983,0.0621458,0,0
2984,0.0621667,0,0
2985,0.0621875,0,0
2986,0.0622083,0,0
2987,0.0622292,0,0
2988,0.06225,0,0
2989,0.0622708,0,0
2990,0.0622917,0,0
2991,0.0623125,0,0
2992,0.0623333,0,0
2993,0.0623542,0,0
2994,0.062375,0,0
2995,0.0623958,0,0
2996,0.0624167,0,0
2997,0.0624375,0,0
2998,0.0624583,0,0
2999,0.0624792,0,0
3000,0.0625,0,0
3001,0.0625208,0,0
3002,0.0625417,0,0
3003,0.0625625,0,0
3004,0.0625833,0,0
3005,0.0626042,0,0
3006,0.062625,0,0
3007,0.0626458,0,0
3008,0.0626667,0,0
3009,0.0626875,0,0
3010,0.0627083,0,0
3011,0.0627292,0,0
3012,0.06275,0,0
3013,0.0627708,0,0
3014,0.0627917,0,0
3015,0.0628125,0,0
3016,0.0628333,0,0
3017,0.0628542,0,0
3018,0.062875,0,0
3019,0.0628958,0,0
3020,0.0629167,0,0
3021,0.0629375,0,0
3022,0.0629583,0,0
3023,0.0629792,0,0
3024,0.063,0,0
3025,0.0630208,0,0
3026,0.0630417,0,0
3027,0.0630625,0,0
3028,0.0630833,0,0
3029,0.0631042,0,0
3030,0.063125,0,0
3031,0.0631458,0,0
3032,0.0631667,0,0
3033,0.0631875,0,0
3034,0.0632083,0,0
3035,0.0632292,0,0
3036,0.06325,0,0
3037,0.0632708,0,0
3038,0.0632917,0,0
3039,0.0633125,0,0
3040,0.0633333,0,0
3041,0.0633542,0,0
3042,0.063375,0,0
3043,0.0633958,0,0
3044,0.0634167,0,0
3045,0.0634375,0,0
3046,0.0634583,0,0
3047,0.0634792,0,0
3048,0.0635,0,0
3049,0.0635208,0,0
3050,0.0635417,0,0
3051,0.0635625,0,0
3052,0.0635833,0,0
3053,0.0636042,0,0
3054,0.063625,0,0
3055,0.0636458,0,0
3056,0.0636667,0,0
3057,0.0636875,0,0
3058,0.0637083,0,0
3059,0.0637292,0,0
3060,0.06375,0,0
3061,0.0637708,0,0
3062,0.0637917,0,0
3063,0.0638125,0,0
3064,0.0638333,0,0
3065,0.0638542,0,0
3066,0.063875,0,0
3067,0.0638958,0,0
3068,0.0639167,0,0
3069,0.0639375,0,0
3070,0.0639583,0,0
3071,0.0639792,0,0
3072,0.064,0,0
3073,0.0640208,0,0
3074,0.0640417,0,0
3075,0.0640625,0,0
3076,0.0640833,0,0
3077,0.0641042,0,0
3078,0.064125,0,0
3079,0.0641458,0,0
3080,0.0641667,0,0
3081,0.0641875,0,0
3082,0.0642083,0,0
3083,0.0642292,0,0
3084,0.06425,0,0
3085,0.0642708,0,0
3086,0.0642917,0,0
3087,0.0643125,0,0
3088,0.0643333,0,0
3089,0.0643542,0,0
3090,0.064375,0,0
3091,0.0643958,0,0
3092,0.0644167,0,0
3093,0.0644375,0,0
3094,0.0644583,0,0
3095,0.0644792,0,0
3096,0.0645,0,0
3097,0.0645208,0,0
3098,0.0645417,0,0
3099,0.0645625,0,0
3100,0.0645833,0,0
3101,0.0646042,0,0
3102,0.064625,0,0
3103,0.0646458,0,0
3104,0.0646667,0,0
3105,0.0646875,0,0
3106,0.0647083,0,0
3107,0.0647292,0,0
3108,0.06475,0,0
3109,0.0647708,0,0
3110,0.0647917,0,0
3111,0.0648125,0,0
3112,0.0648333,0,0
3113,0.0648542,0,0
3114,0.064875,0,0
3115,0.0648958,0,0
3116,0.0649167,0,0
3117,0.0649375,0,0
3118,0.0649583,0,0
3119,0.0649792,0,0
3120,0.065,0,0
3121,0.0650208,0,0
3122,0.0650417,0,0
3123,0.0650625,0,0
3124,0.0650833,0,0
3125,0.0651042,0,0
3126,0.065125,0,0
3127,0.0651458,0,0
3128,0.0651667,0,0
3129,0.0651875,0,0
3130,0.0652083,0,0
3131,0.0652292,0,0
3132,0.06525,0,0
3133,0.0652708,0,0
3134,0.0652917,0,0
3135,0.0653125,0,0
3136,0.0653333,0,0
3137,0.0653542,0,0
3138,0.065375,0,0
3139,0.0653958,0,0
3140,0.0654167,0,0
3141,0.0654375,0,0
3142,0.0654583,0,0
3143,0.0654792,0,0
3144,0.0655,0,0
3145,0.0655208,0,0
3146,0.0655417,0,0
3147,0.0655625,0,0
3148,0.0655833,0,0
3149,0.0656042,0,0
3150,0.065625,0,0
3151,0.0656458,0,0
3152,0.0656667,0,0
3153,0.0656875,0,0
3154,0.0657083,0,0
3155,0.0657292,0,0
3156,0.06575,0,0
3157,0.0657708,0,0
3158,0.0657917,0,0
3159,0.0658125,0,0
3160,0.0658333,0,0
3161,0.0658542,0,0
3162,0.065875,0,0
3163,0.0658958,0,0
3164,0.0659167,0,0
3165,0.0659375,0,0
3166,0.0659583,0,0
3167,0.0659792,0,0
3168,0.066,0,0
3169,0.0660208,0,0
3170,0.0660417,0,0
3171,0.0660625,0,0
3172,0.0660833,0,0
3173,0.0661042,0,0
3174,0.066125,0,0
3175,0.0661458,0,0
3176,0.0661667,0,0
3177,0.0661875,0,0
3178,0.0662083,0,0
3179,0.0662292,0,0
3180,0.06625,0,0
3181,0.0662708,0,0
3182,0.0662917,0,0
3183,0.0663125,0,0
3184,0.0663333,0,0
3185,0.0663542,0,0
3186,0.066375,0,0
3187,0.0663958,0,0
3188,0.0664167,0,0
3189,0.0664375,0,0
3190,0.0664583,0,0
3191,0.0664792,0,0
3192,0.0665,0,0
3193,0.0665208,0,0
3194,0.0665417,0,0
3195,0.0665625,0,0
3196,0.0665833,0,0
3197,0.0666042,0,0
3198,0.066625,0,0
3199,0.0666458,0,0
3200,0.0666667,0,0
3201,0.0666875,0,0
3202,0.0667083,0,0
3203,0.0667292,0,0
3204,0.06675,0,0
3205,0.0667708,0,0
3206,0.0667917,0,0
3207,0.0668125,0,0
3208,0.0668333,0,0
3209,0.0668542,0,0
3210,0.066875,0,0
3211,0.0668958,0,0
3212,0.0669167,0,0
3213,0.0669375,0,0
3214,0.0669583,0,0
3215,0.0669792,0,0
3216,0.067,0,0
3217,0.0670208,0,0
3218,0.0670417,0,0
3219,0.0670625,0,0
3220,0.0670833,0,0
3221,0.0671042,0,0
3222,0.067125,0,0
3223,0.0671458,0,0
3224,0.0671667,0,0
3225,0.0671875,0,0
3226,0.0672083,0,0
3227,0.0672292,0,0
3228,0.06725,0,0
3229,0.0672708,0,0
3230,0.0672917,0,0
3231,0.0673125,0,0
3232,0.0673333,0,0
3233,0.0673542,0,0
3234,0.067375,0,0
3235,0.0673958,0,0
3236,0.0674167,0,0
3237,0.0674375,0,0
3238,0.0674583,0,0
3239,0.0674792,0,0
3240,0.0675,0,0
3241,0.0675208,0,0
3242,0.0675417,0,0
3243,0.0675625,0,0
3244,0.0675833,0,0
3245,0.0676042,0,0
3246,0.067625,0,0
3247,0.0676458,0,0
3248,0.0676667,0,0
3249,0.0676875,0,0
3250,0.0677083,0,0
3251,0.0677292,0,0
3252,0.06775,0,0
3253,0.0677708,0,0
3254,0.0677917,0,0
3255,0.0678125,0,0
3256,0.0678333,0,0
3257,0.0678542,0,0
3258,0.067875,0,0
3259,0.0678958,0,0
3260,0.0679167,0,0
3261,0.0679375,0,0
3262,0.0679583,0,0
3263,0.0679792,0,0
3264,0.068,0,0
3265,0.0680208,0,0
3266,0.0680417,0,0
3267,0.0680625,0,0
3268,0.0680833,0,0
3269,0.0681042,0,0
3270,0.068125,0,0
3271,0.0681458,0,0
3272,0.0681667,0,0
3273,0.0681875,0,0
3274,0.0682083,0,0
3275,0.0682292,0,0
3276,0.06825,0,0
3277,0.0682708,0,0
3278,0.0682917,0,0
3279,0.0683125,0,0
3280,0.0683333,0,0
3281,0.0683542,0,0
3282,0.068375,0,0
3283,0.0683958,0,0
3284,0.0684167,0,0
3285,0.0684375,0,0
3286,0.0684583,0,0
3287,0.0684792,0,0
3288,0.0685,0,0
3289,0.0685208,0,0
3290,0.0685417,0,0
3291,0.0685625,0,0
3292,0.0685833,0,0
3293,0.0686042,0,0
3294,0.068625,0,0
3295,0.0686458,0,0
3296,0.0686667,0,0
3297,0.0686875,0,0
3298,0.0687083,0,0
3299,0.0687292,0,0
3300,0.06875,0,0
3301,0.0687708,0,0
3302,0.0687917,0,0
3303,0.0688125,0,0
3304,0.0688333,0,0
3305,0.0688542,0,0
3306,0.068875,0,0
3307,0.0688958,0,0
3308,0.0689167,0,0
3309,0.0689375,0,0
3310,0.0689583,0,0
3311,0.0689792,0,0
3312,0.069,0,0
3313,0.0690208,0,0
3314,0.0690417,0,0
3315,0.0690625,0,0
3316,0.0690833,0,0
3317,0.0691042,0,0
3318,0.069125,0,0
3319,0.0691458,0,0
3320,0.0691667,0,0
3321,0.0691875,0,0
3322,0.0692083,0,0
3323,0.0692292,0,0
3324,0.06925,0,0
3325,0.0692708,0,0
3326,0.0692917,0,0
3327,0.0693125,0,0
3328,0.0693333,0,0
3329,0.0693542,0,0
3330,0.069375,0,0
3331,0.0693958,0,0
3332,0.0694167,0,0
3333,0.0694375,0,0
3334,0.0694583,0,0
3335,0.0694792,0,0
3336,0.0695,0,0
3337,0.0695208,0,0
3338,0.0695417,0,0
3339,0.0695625,0,0
3340,0.0695833,0,0
3341,0.0696042,0,0
3342,0.069625,0,0
3343,0.0696458,0,0
3344,0.0696667,0,0
3345,0.0696875,0,0
3346,0.0697083,0,0
3347,0.0697292,0,0
3348,0.06975,0,0
3349,0.0697708,0,0
3350,0.0697917,0,0
3351,0.0698125,0,0
3352,0.0698333,0,0
3353,0.0698542,0,0
3354,0.069875,0,0
3355,0.0698958,0,0
3356,0.0699167,0,0
3357,0.0699375,0,0
3358,0.0699583,0,0
3359,0.0699792,0,0
3360,0.07,0,0
3361,0.0700208,0,0
3362,0.0700417,0,0
3363,0.0700625,0,0
3364,0.0700833,0,0
3365,0.0701042,0,0
3366,0.070125,0,0
3367,0.0701458,0,0
3368,0.0701667,0,0
3369,0.0701875,0,0
3370,0.0702083,0,0
3371,0.0702292,0,0
3372,0.07025,0,0
3373,0.0702708,0,0
3374,0.0702917,0,0
3375,0.0703125,0,0
3376,0.0703333,0,0
3377,0.0703542,0,0
3378,0.070375,0,0
3379,0.0703958,0,0
3380,0.0704167,0,0
3381,0.0704375,0,0
3382,0.0704583,0,0
3383,0.0704792,0,0
3384,0.0705,0,0
3385,0.0705208,0,0
3386,0.0705417,0,0
3387,0.0705625,0,0
3388,0.0705833,0,0
3389,0.0706042,0,0
3390,0.070625,0,0
3391,0.0706458,0,0
3392,0.0706667,0,0
3393,0.0706875,0,0
3394,0.0707083,0,0
3395,0.0707292,0,0
3396,0.07075,0,0
3397,0.0707708,0,0
3398,0.0707917,0,0
3399,0.0708125,0,0
3400,0.0708333,0,0
3401,0.0708542,0,0
3402,0.070875,0,0
3403,0.0708958,0,0
3404,0.0709167,0,0
3405,0.0709375,0,0
3406,0.0709583,0,0
3407,0.0709792,0,0
3408,0.071,0,0
3409,0.0710208,0,0
3410,0.0710417,0,0
3411,0.0710625,0,0
3412,0.0710833,0,0
3413,0.0711042,0,0
3414,0.071125,0,0
3415,0.0711458,0,0
3416,0.0711667,0,0
3417,0.0711875,0,0
3418,0.0712083,0,0
3419,0.0712292,0,0
3420,0.07125,0,0
3421,0.0712708,0,0
3422,0.0712917,0,0
3423,0.0713125,0,0
3424,0.0713333,0,0
3425,0.0713542,0,0
3426,0.071375,0,0
3427,0.0713958,0,0
3428,0.0714167,0,0
3429,0.0714375,0,0
3430,0.0714583,0,0
3431,0.0714792,0,0
3432,0.0715,0,0
3433,0.0715208,0,0
3434,0.0715417,0,0
3435,0.0715625,0,0
3436,0.0715833,0,0
3437,0.0716042,0,0
3438,0.071625,0,0
3439,0.0716458,0,0
3440,0.0716667,0,0
3441,0.0716875,0,0
3442,0.0717083,0,0
3443,0.0717292,0,0
3444,0.07175,0,0
3445,0.0717708,0,0
3446,0.0717917,0,0
3447,0.0718125,0,0
3448,0.0718333,0,0
3449,0.0718542,0,0
3450,0.071875,0,0
3451,0.0718958,0,0
3452,0.0719167,0,0
3453,0.0719375,0,0
3454,0.0719583,0,0
3455,0.0719792,0,0
3456,0.072,0,0
3457,0.0720208,0,0
3458,0.0720417,0,0
3459,0.0720625,0,0
3460,0.0720833,0,0
3461,0.0721042,0,0
3462,0.072125,0,0
3463,0.0721458,0,0
3464,0.0721667,0,0
3465,0.0721875,0,0
3466,0.0722083,0,0
3467,0.0722292,0,0
3468,0.07225,0,0
3469,0.0722708,0,0
3470,0.0722917,0,0
3471,0.0723125,0,0
3472,0.0723333,0,0
3473,0.0723542,0,0
3474,0.072375,0,0
3475,0.0723958,0,0
3476,0.0724167,0,0
3477,0.0724375,0,0
3478,0.0724583,0,0
3479,0.0724792,0,0
3480,0.0725,0,0
3481,0.0725208,0,0
3482,0.0725417,0,0
3483,0.0725625,0,0
3484,0.0725833,0,0
3485,0.0726042,0,0
3486,0.072625,0,0
3487,0.0726458,0,0
3488,0.0726667,0,0
3489,0.0726875,0,0
3490,0.0727083,0,0
3491,0.0727292,0,0
3492,0.07275,0,0
3493,0.0727708,0,0
3494,0.0727917,0,0
3495,0.0728125,0,0
3496,0.0728333,0,0
3497,0.0728542,0,0
3498,0.072875,0,0
3499,0.0728958,0,0
3500,0.0729167,0,0
3501,0.0729375,0,0
3502,0.0729583,0,0
3503,0.0729792,0,0
3504,0.073,0,0
3505,0.0730208,0,0
3506,0.0730417,0,0
3507,0.0730625,0,0
3508,0.0730833,0,0
3509,0.0731042,0,0
3510,0.073125,0,0
3511,0.0731458,0,0
3512,0.0731667,0,0
3513,0.0731875,0,0
3514,0.0732083,0,0
3515,0.0732292,0,0
3516,0.07325,0,0
3517,0.0732708,0,0
3518,0.0732917,0,0
3519,0.0733125,0,0
3520,0.0733333,0,0
3521,0.0733542,0,0
3522,0.073375,0,0
3523,0.0733958,0,0
3524,0.0734167,0,0
3525,0.0734375,0,0
3526,0.0734583,0,0
3527,0.0734792,0,0
3528,0.0735,0,0
3529,0.0735208,0,0
3530,0.0735417,0,0
3531,0.0735625,0,0
3532,0.0735833,0,0
3533,0.0736042,0,0
3534,0.073625,0,0
3535,0.0736458,0,0
3536,0.0736667,0,0
3537,0.0736875,0,0
3538,0.0737083,0,0
3539,0.0737292,0,0
3540,0.07375,0,0
3541,0.0737708,0,0
3542,0.0737917,0,0
3543,0.0738125,0,0
3544,0.0738333,0,0
3545,0.0738542,0,0
3546,0.073875,0,0
3547,0.0738958,0,0
3548,0.0739167,0,0
3549,0.0739375,0,0
3550,0.0739583,0,0
3551,0.0739792,0,0
3552,0.074,0,0
3553,0.0740208,0,0
3554,0.0740417,0,0
3555,0.0740625,0,0
3556,0.0740833,0,0
3557,0.0741042,0,0
3558,0.074125,0,0
3559,0.0741458,0,0
3560,0.0741667,0,0
3561,0.0741875,0,0
3562,0.0742083,0,0
3563,0.0742292,0,0
3564,0.07425,0,0
3565,0.0742708,0,0
3566,0.0742917,0,0
3567,0.0743125,0,0
3568,0.0743333,0,0
3569,0.0743542,0,0
3570,0.074375,0,0
3571,0.0743958,0,0
3572,0.0744167,0,0
3573,0.0744375,0,0
3574,0.0744583,0,0
3575,0.0744792,0,0
3576,0.0745,0,0
3577,0.0745208,0,0
3578,0.0745417,0,0
3579,0.0745625,0,0
3580,0.0745833,0,0
3581,0.0746042,0,0
3582,0.074625,0,0
3583,0.0746458,0,0
3584,0.0746667,0,0
3585,0.0746875,0,0
3586,0.0747083,0,0
3587,0.0747292,0,0
3588,0.07475,0,0
3589,0.0747708,0,0
3590,0.0747917,0,0
3591,0.0748125,0,0
3592,0.0748333,0,0
3593,0.0748542,0,0
3594,0.074875,0,0
3595,0.0748958,0,0
3596,0.0749167,0,0
3597,0.0749375,0,0
3598,0.0749583,0,0
3599,0.0749792,0,0
3600,0.075,0,0
3601,0.0750208,0,0
3602,0.0750417,0,0
3603,0.0750625,0,0
3604,0.0750833,0,0
3605,0.0751042,0,0
3606,0.075125,0,0
3607,0.0751458,0,0
3608,0.0751667,0,0
3609,0.0751875,0,0
3610,0.0752083,0,0
3611,0.0752292,0,0
3612,0.07525,0,0
3613,0.0752708,0,0
3614,0.0752917,0,0
3615,0.0753125,0,0
3616,0.0753333,0,0
3617,0.0753542,0,0
3618,0.075375,0,0
3619,0.0753958,0,0
3620,0.0754167,0,0
3621,0.0754375,0,0
3622,0.0754583,0,0
3623,0.0754792,0,0
3624,0.0755,0,0
3625,0.0755208,0,0
3626,0.0755417,0,0
3627,0.0755625,0,0
3628,0.0755833,0,0
3629,0.0756042,0,0
3630,0.075625,0,0
3631,0.0756458,0,0
3632,0.0756667,0,0
3633,0.0756875,0,0
3634,0.0757083,0,0
3635,0.0757292,0,0
3636,0.07575,0,0
3637,0.0757708,0,0
3638,0.0757917,0,0
3639,0.0758125,0,0
3640,0.0758333,0,0
3641,0.0758542,0,0
3642,0.075875,0,0
3643,0.0758958,0,0
3644,0.0759167,0,0
3645,0.0759375,0,0
3646,0.0759583,0,0
3647,0.0759792,0,0
3648,0.076,0,0
3649,0.0760208,0,0
3650,0.0760417,0,0
3651,0.0760625,0,0
3652,0.0760833,0,0
3653,0.0761042,0,0
3654,0.076125,0,0
3655,0.0761458,0,0
3656,0.0761667,0,0
3657,0.0761875,0,0
3658,0.0762083,0,0
3659,0.0762292,0,0
3660,0.07625,0,0
3661,0.0762708,0,0
3662,0.0762917,0,0
3663,0.0763125,0,0
3664,0.0763333,0,0
3665,0.0763542,0,0
3666,0.076375,0,0
3667,0.0763958,0,0
3668,0.0764167,0,0
3669,0.0764375,0,0
3670,0.0764583,0,0
3671,0.0764792,0,0
3672,0.0765,0,0
3673,0.0765208,0,0
3674,0.0765417,0,0
3675,0.0765625,0,0
3676,0.0765833,0,0
3677,0.0766042,0,0
3678,0.076625,0,0
3679,0.0766458,0,0
3680,0.0766667,0,0
3681,0.0766875,0,0
3682,0.0767083,0,0
3683,0.0767292,0,0
3684,0.07675,0,0
3685,0.0767708,0,0
3686,0.0767917,0,0
3687,0.0768125,0,0
3688,0.0768333,0,0
3689,0.0768542,0,0
3690,0.076875,0,0
3691,0.0768958,0,0
3692,0.0769167,0,0
3693,0.0769375,0,0
3694,0.0769583,0,0
3695,0.0769792,0,0
3696,0.077,0,0
3697,0.0770208,0,0
3698,0.0770417,0,0
3699,0.0770625,0,0
3700,0.0770833,0,0
3701,0.0771042,0,0
3702,0.077125,0,0
3703,0.0771458,0,0
3704,0.0771667,0,0
3705,0.0771875,0,0
3706,0.0772083,0,0
3707,0.0772292,0,0
3708,0.07725,0,0
3709,0.0772708,0,0
3710,0.0772917,0,0
3711,0.0773125,0,0
3712,0.0773333,0,0
3713,0.0773542,0,0
3714,0.077375,0,0
3715,0.0773958,0,0
3716,0.0774167,0,0
3717,0.0774375,0,0
3718,0.0774583,0,0
3719,0.0774792,0,0
3720,0.0775,0,0
3721,0.0775208,0,0
3722,0.0775417,0,0
3723,0.0775625,0,0
3724,0.0775833,0,0
3725,0.0776042,0,0
3726,0.077625,0,0
3727,0.0776458,0,0
3728,0.0776667,0,0
3729,0.0776875,0,0
3730,0.0777083,0,0
3731,0.0777292,0,0
3732,0.07775,0,0
3733,0.0777708,0,0
3734,0.0777917,0,0
3735,0.0778125,0,0
3736,0.0778333,0,0
3737,0.0778542,0,0
3738,0.077875,0,0
3739,0.0778958,0,0
3740,0.0779167,0,0
3741,0.0779375,0,0
3742,0.0779583,0,0
3743,0.0779792,0,0
3744,0.078,0,0
3745,0.0780208,0,0
3746,0.0780417,0,0
3747,0.0780625,0,0
3748,0.0780833,0,0
3749,0.0781042,0,0
3750,0.078125,0,0
3751,0.0781458,0,0
3752,0.0781667,0,0
3753,0.0781875,0,0
3754,0.0782083,0,0
3755,0.0782292,0,0
3756,0.07825,0,0
3757,0.0782708,0,0
3758,0.0782917,0,0
3759,0.0783125,0,0
3760,0.0783333,0,0
3761,0.0783542,0,0
3762,0.078375,0,0
3763,0.0783958,0,0
3764,0.0784167,0,0
3765,0.0784375,0,0
3766,0.0784583,0,0
3767,0.0784792,0,0
3768,0.0785,0,0
3769,0.0785208,0,0
3770,0.0785417,0,0
3771,0.0785625,0,0
3772,0.0785833,0,0
3773,0.0786042,0,0
3774,0.078625,0,0
3775,0.0786458,0,0
3776,0.0786667,0,0
3777,0.0786875,0,0
3778,0.0787083,0,0
3779,0.0787292,0,0
3780,0.07875,0,0
3781,0.0787708,0,0
3782,0.0787917,0,0
3783,0.0788125,0,0
3784,0.0788333,0,0
3785,0.0788542,0,0
3786,0.078875,0,0
3787,0.0788958,0,0
3788,0.0789167,0,0
3789,0.0789375,0,0
3790,0.0789583,0,0
3791,0.0789792,0,0
3792,0.079,0,0
3793,0.0790208,0,0
3794,0.0790417,0,0
3795,0.0790625,0,0
3796,0.0790833,0,0
3797,0.0791042,0,0
3798,0.079125,0,0
3799,0.0791458,0,0
3800,0.0791667,0,0
3801,0.0791875,0,0
3802,0.0792083,0,0
3803,0.0792292,0,0
3804,0.07925,0,0
3805,0.0792708,0,0
3806,0.0792917,0,0
3807,0.0793125,0,0
3808,0.0793333,0,0
3809,0.0793542,0,0
3810,0.079375,0,0
3811,0.0793958,0,0
3812,0.0794167,0,0
3813,0.0794375,0,0
3814,0.0794583,0,0
3815,0.0794792,0,0
3816,0.0795,0,0
3817,0.0795208,0,0
3818,0.0795417,0,0
3819,0.0795625,0,0
3820,0.0795833,0,0
3821,0.0796042,0,0
3822,0.079625,0,0
3823,0.0796458,0,0
3824,0.0796667,0,0
3825,0.0796875,0,0
3826,0.0797083,0,0
3827,0.0797292,0,0
3828,0.07975,0,0
3829,0.0797708,0,0
3830,0.0797917,0,0
3831,0.0798125,0,0
3832,0.0798333,0,0
3833,0.0798542,0,0
3834,0.079875,0,0
3835,0.0798958,0,0
3836,0.0799167,0,0
3837,0.0799375,0,0
3838,0.0799583,0,0
3839,0.0799792,0,0
3840,0.08,0,0
3841,0.0800208,0,0
3842,0.0800417,0,0
3843,0.0800625,0,0
3844,0.0800833,0,0
3845,0.0801042,0,0
3846,0.080125,0,0
3847,0.0801458,0,0
3848,0.0801667,0,0
3849,0.0801875,0,0
3850,0.0802083,0,0
3851,0.0802292,0,0
3852,0.08025,0,0
3853,0.0802708,0,0
3854,0.0802917,0,0
3855,0.0803125,0,0
3856,0.0803333,0,0
3857,0.0803542,0,0
3858,0.080375,0,0
3859,0.0803958,0,0
3860,0.0804167,0,0
3861,0.0804375,0,0
3862,0.0804583,0,0
3863,0.0804792,0,0
3864,0.0805,0,0
3865,0.0805208,0,0
3866,0.0805417,0,0
3867,0.0805625,0,0
3868,0.0805833,0,0
3869,0.0806042,0,0
3870,0.080625,0,0
3871,0.0806458,0,0
3872,0.0806667,0,0
3873,0.0806875,0,0
3874,0.0807083,0,0
3875,0.0807292,0,0
3876,0.08075,0,0
3877,0.0807708,0,0
3878,0.0807917,0,0
3879,0.0808125,0,0
3880,0.0808333,0,0
3881,0.0808542,0,0
3882,0.080875,0,0
3883,0.0808958,0,0
3884,0.0809167,0,0
3885,0.0809375,0,0
3886,0.0809583,0,0
3887,0.0809792,0,0
3888,0.081,0,0
3889,0.0810208,0,0
3890,0.0810417,0,0
3891,0.0810625,0,0
3892,0.0810833,0,0
3893,0.0811042,0,0
3894,0.081125,0,0
3895,0.0811458,0,0
3896,0.0811667,0,0
3897,0.0811875,0,0
3898,0.0812083,0,0
3899,0.0812292,0,0
3900,0.08125,0,0
3901,0.0812708,0,0
3902,0.0812917,0,0
3903,0.0813125,0,0
3904,0.0813333,0,0
3905,0.0813542,0,0
3906,0.081375,0,0
3907,0.0813958,0,0
3908,0.0814167,0,0
3909,0.0814375,0,0
3910,0.0814583,0,0
3911,0.0814792,0,0
3912,0.0815,0,0
3913,0.0815208,0,0
3914,0.0815417,0,0
3915,0.0815625,0,0
3916,0.0815833,0,0
3917,0.0816042,0,0
3918,0.081625,0,0
3919,0.0816458,0,0
3920,0.0816667,0,0
3921,0.0816875,0,0
3922,0.0817083,0,0
3923,0.0817292,0,0
3924,0.08175,0,0
3925,0.0817708,0,0
3926,0.0817917,0,0
3927,0.0818125,0,0
3928,0.0818333,0,0
3929,0.0818542,0,0
3930,0.081875,0,0
3931,0.0818958,0,0
3932,0.0819167,0,0
3933,0.0819375,0,0
3934,0.0819583,0,0
3935,0.0819792,0,0
3936,0.082,0,0
3937,0.0820208,0,0
3938,0.0820417,0,0
3939,0.0820625,0,0
3940,0.0820833,0,0
3941,0.0821042,0,0
3942,0.082125,0,0
3943,0.0821458,0,0
3944,0.0821667,0,0
3945,0.0821875,0,0
3946,0.0822083,0,0
3947,0.0822292,0,0
3948,0.08225,0,0
3949,0.0822708,0,0
3950,0.0822917,0,0
3951,0.0823125,0,0
3952,0.0823333,0,0
3953,0.0823542,0,0
3954,0.082375,0,0
3955,0.0823958,0,0
3956,0.0824167,0,0
3957,0.0824375,0,0
3958,0.0824583,0,0
3959,0.0824792,0,0
3960,0.0825,0,0
3961,0.0825208,0,0
3962,0.0825417,0,0
3963,0.0825625,0,0
3964,0.0825833,0,0
3965,0.0826042,0,0
3966,0.082625,0,0
3967,0.0826458,0,0
3968,0.0826667,0,0
3969,0.0826875,0,0
3970,0.0827083,0,0
3971,0.0827292,0,0
3972,0.08275,0,0
3973,0.0827708,0,0
3974,0.0827917,0,0
3975,0.0828125,0,0
3976,0.0828333,0,0
3977,0.0828542,0,0
3978,0.082875,0,0
3979,0.0828958,0,0
3980,0.0829167,0,0
3981,0.0829375,0,0
3982,0.0829583,0,0
3983,0.0829792,0,0
3984,0.083,0,0
3985,0.0830208,0,0
3986,0.0830417,0,0
3987,0.0830625,0,0
3988,0.0830833,0,0
3989,0.0831042,0,0
3990,0.083125,0,0
3991,0.0831458,0,0
3992,0.0831667,0,0
3993,0.0831875,0,0
3994,0.0832083,0,0
3995,0.0832292,0,0
3996,0.08325,0,0
3997,0.0832708,0,0
3998,0.0832917,0,0
3999,0.0833125,0,0
4000,0.0833333,0,0
4001,0.0833542,0,0
4002,0.083375,0,0
4003,0.0833958,0,0
4004,0.0834167,0,0
4005,0.0834375,0,0
4006,0.0834583,0,0
4007,0.0834792,0,0
4008,0.0835,0,0
4009,0.0835208,0,0
4010,0.0835417,0,0
4011,0.0835625,0,0
4012,0.0835833,0,0
4013,0.0836042,0,0
4014,0.083625,0,0
4015,0.0836458,0,0
4016,0.0836667,0,0
4017,0.0836875,0,0
4018,0.0837083,0,0
4019,0.0837292,0,0
4020,0.08375,0,0
4021,0.0837708,0,0
4022,0.0837917,0,0
4023,0.0838125,0,0
4024,0.0838333,0,0
4025,0.0838542,0,0
4026,0.083875,0,0
4027,0.0838958,0,0
4028,0.0839167,0,0
4029,0.0839375,0,0
4030,0.0839583,0,0
4031,0.0839792,0,0
4032,0.084,0,0
4033,0.0840208,0,0
4034,0.0840417,0,0
4035,0.0840625,0,0
4036,0.0840833,0,0
4037,0.0841042,0,0
4038,0.084125,0,0
4039,0.0841458,0,0
4040,0.0841667,0,0
4041,0.0841875,0,0
4042,0.0842083,0,0
4043,0.0842292,0,0
4044,0.08425,0,0
4045,0.0842708,0,0
4046,0.0842917,0,0
4047,0.0843125,0,0
4048,0.0843333,0,0
4049,0.0843542,0,0
4050,0.084375,0,0
4051,0.0843958,0,0
4052,0.0844167,0,0
4053,0.0844375,0,0
4054,0.0844583,0,0
4055,0.0844792,0,0
4056,0.0845,0,0
4057,0.0845208,0,0
4058,0.0845417,0,0
4059,0.0845625,0,0
4060,0.0845833,0,0
4061,0.0846042,0,0
4062,0.084625,0,0
4063,0.0846458,0,0
4064,0.0846667,0,0
4065,0.0846875,0,0
4066,0.0847083,0,0
4067,0.0847292,0,0
4068,0.08475,0,0
4069,0.0847708,0,0
4070,0.0847917,0,0
4071,0.0848125,0,0
4072,0.0848333,0,0
4073,0.0848542,0,0
4074,0.084875,0,0
4075,0.0848958,0,0
4076,0.0849167,0,0
4077,0.0849375,0,0
4078,0.0849583,0,0
4079,0.0849792,0,0
4080,0.085,0,0
4081,0.0850208,0,0
4082,0.0850417,0,0
4083,0.0850625,0,0
4084,0.0850833,0,0
4085,0.0851042,0,0
4086,0.085125,0,0
4087,0.0851458,0,0
4088,0.0851667,0,0
4089,0.0851875,0,0
4090,0.0852083,0,0
4091,0.0852292,0,0
4092,0.08525,0,0
4093,0.0852708,0,0
4094,0.0852917,0,0
4095,0.0853125,0,0
4096,0.0853333,0,0
4097,0.0853542,0,0
4098,0.085375,0,0
4099,0.0853958,0,0
4100,0.0854167,0,0
4101,0.0854375,0,0
4102,0.0854583,0,0
4103,0.0854792,0,0
4104,0.0855,0,0
4105,0.0855208,0,0
4106,0.0855417,0,0
4107,0.0855625,0,0
4108,0.0855833,0,0
4109,0.0856042,0,0
4110,0.085625,0,0
4111,0.0856458,0,0
4112,0.0856667,0,0
4113,0.0856875,0,0
4114,0.0857083,0,0
4115,0.0857292,0,0
4116,0.08575,0,0
4117,0.0857708,0,0
4118,0.0857917,0,0
4119,0.0858125,0,0
4120,0.0858333,0,0
4121,0.0858542,0,0
4122,0.085875,0,0
4123,0.0858958,0,0
4124,0.0859167,0,0
4125,0.0859375,0,0
4126,0.0859583,0,0
4127,0.0859792,0,0
4128,0.086,0,0
4129,0.0860208,0,0
4130,0.0860417,0,0
4131,0.0860625,0,0
4132,0.0860833,0,0
4133,0.0861042,0,0
4134,0.086125,0,0
4135,0.0861458,0,0
4136,0.0861667,0,0
4137,0.0861875,0,0
4138,0.0862083,0,0
4139,0.0862292,0,0
4140,0.08625,0,0
4141,0.0862708,0,0
4142,0.0862917,0,0
4143,0.0863125,0,0
4144,0.0863333,0,0
4145,0.0863542,0,0
4146,0.086375,0,0
4147,0.0863958,0,0
4148,0.0864167,0,0
4149,0.0864375,0,0
4150,0.0864583,0,0
4151,0.0864792,0,0
4152,0.0865,0,0
4153,0.0865208,0,0
4154,0.0865417,0,0
4155,0.0865625,0,0
4156,0.0865833,0,0
4157,0.0866042,0,0
4158,0.086625,0,0
4159,0.0866458,0,0
4160,0.0866667,0,0
4161,0.0866875,0,0
4162,0.0867083,0,0
4163,0.0867292,0,0
4164,0.08675,0,0
4165,0.0867708,0,0
4166,0.0867917,0,0
4167,0.0868125,0,0
4168,0.0868333,0,0
4169,0.0868542,0,0
4170,0.086875,0,0
4171,0.0868958,0,0
4172,0.0869167,0,0
4173,0.0869375,0,0
4174,0.0869583,0,0
4175,0.0869792,0,0
4176,0.087,0,0
4177,0.0870208,0,0
4178,0.0870417,0,0
4179,0.0870625,0,0
4180,0.0870833,0,0
4181,0.0871042,0,0
4182,0.087125,0,0
4183,0.0871458,0,0
4184,0.0871667,0,0
4185,0.0871875,0,0
4186,0.0872083,0,0
4187,0.0872292,0,0
4188,0.08725,0,0
4189,0.0872708,0,0
4190,0.0872917,0,0
4191,0.0873125,0,0
4192,0.0873333,0,0
4193,0.0873542,0,0
4194,0.087375,0,0
4195,0.0873958,0,0
4196,0.0874167,0,0
4197,0.0874375,0,0
4198,0.0874583,0,0
4199,0.0874792,0,0
4200,0.0875,0,0
4201,0.0875208,0,0
4202,0.0875417,0,0
4203,0.0875625,0,0
4204,0.0875833,0,0
4205,0.0876042,0,0
4206,0.087625,0,0
4207,0.0876458,0,0
4208,0.0876667,0,0
4209,0.0876875,0,0
4210,0.0877083,0,0
4211,0.0877292,0,0
4212,0.08775,0,0
4213,0.0877708,0,0
4214,0.0877917,0,0
4215,0.0878125,0,0
4216,0.0878333,0,0
4217,0.0878542,0,0
4218,0.087875,0,0
4219,0.0878958,0,0
4220,0.0879167,0,0
4221,0.0879375,0,0
4222,0.0879583,0,0
4223,0.0879792,0,0
4224,0.088,0,0
4225,0.0880208,0,0
4226,0.0880417,0,0
4227,0.0880625,0,0
4228,0.0880833,0,0
4229,0.0881042,0,0
4230,0.088125,0,0
4231,0.0881458,0,0
4232,0.0881667,0,0
4233,0.0881875,0,0
4234,0.0882083,0,0
4235,0.0882292,0,0
4236,0.08825,0,0
4237,0.0882708,0,0
4238,0.0882917,0,0
4239,0.0883125,0,0
4240,0.0883333,0,0
4241,0.0883542,0,0
4242,0.088375,0,0
4243,0.0883958,0,0
4244,0.0884167,0,0
4245,0.0884375,0,0
4246,0.0884583,0,0
4247,0.0884792,0,0
4248,0.0885,0,0
4249,0.0885208,0,0
4250,0.0885417,0,0
4251,0.0885625,0,0
4252,0.0885833,0,0
4253,0.0886042,0,0
4254,0.088625,0,0
4255,0.0886458,0,0
4256,0.0886667,0,0
4257,0.0886875,0,0
4258,0.0887083,0,0
4259,0.0887292,0,0
4260,0.08875,0,0
4261,0.0887708,0,0
4262,0.0887917,0,0
4263,0.0888125,0,0
4264,0.0888333,0,0
4265,0.0888542,0,0
4266,0.088875,0,0
4267,0.0888958,0,0
4268,0.0889167,0,0
4269,0.0889375,0,0
4270,0.0889583,0,0
4271,0.0889792,0,0
4272,0.089,0,0
4273,0.0890208,0,0
4274,0.0890417,0,0
4275,0.0890625,0,0
4276,0.0890833,0,0
4277,0.0891042,0,0
4278,0.089125,0,0
4279,0.0891458,0,0
4280,0.0891667,0,0
4281,0.0891875,0,0
4282,0.0892083,0,0
4283,0.0892292,0,0
4284,0.08925,0,0
4285,0.0892708,0,0
4286,0.0892917,0,0
4287,0.0893125,0,0
4288,0.0893333,0,0
4289,0.0893542,0,0
4290,0.089375,0,0
4291,0.0893958,0,0
4292,0.0894167,0,0
4293,0.0894375,0,0
4294,0.0894583,0,0
4295,0.0894792,0,0
4296,0.0895,0,0
4297,0.0895208,0,0
4298,0.0895417,0,0
4299,0.0895625,0,0
4300,0.0895833,0,0
4301,0.0896042,0,0
4302,0.089625,0,0
4303,0.0896458,0,0
4304,0.0896667,0,0
4305,0.0896875,0,0
4306,0.0897083,0,0
4307,0.0897292,0,0
4308,0.08975,0,0
4309,0.0897708,0,0
4310,0.0897917,0,0
4311,0.0898125,0,0
4312,0.0898333,0,0
4313,0.0898542,0,0
4314,0.089875,0,0
4315,0.0898958,0,0
4316,0.0899167,0,0
4317,0.0899375,0,0
4318,0.0899583,0,0
4319,0.0899792,0,0
4320,0.09,0,0
4321,0.0900208,0,0
4322,0.0900417,0,0
4323,0.0900625,0,0
4324,0.0900833,0,0
4325,0.0901042,0,0
4326,0.090125,0,0
4327,0.0901458,0,0
4328,0.0901667,0,0
4329,0.0901875,0,0
4330,0.0902083,0,0
4331,0.0902292,0,0
4332,0.09025,0,0
4333,0.0902708,0,0
4334,0.0902917,0,0
4335,0.0903125,0,0
4336,0.0903333,0,0
4337,0.0903542,0,0
4338,0.090375,0,0
4339,0.0903958,0,0
4340,0.0904167,0,0
4341,0.0904375,0,0
4342,0.0904583,0,0
4343,0.0904792,0,0
4344,0.0905,0,0
4345,0.0905208,0,0
4346,0.0905417,0,0
4347,0.0905625,0,0
4348,0.0905833,0,0
4349,0.0906042,0,0
4350,0.090625,0,0
4351,0.0906458,0,0
4352,0.0906667,0,0
4353,0.0906875,0,0
4354,0.0907083,0,0
4355,0.0907292,0,0
4356,0.09075,0,0
4357,0.0907708,0,0
4358,0.0907917,0,0
4359,0.0908125,0,0
4360,0.0908333,0,0
4361,0.0908542,0,0
4362,0.090875,0,0
4363,0.0908958,0,0
4364,0.0909167,0,0
4365,0.0909375,0,0
4366,0.0909583,0,0
4367,0.0909792,0,0
4368,0.091,0,0
4369,0.0910208,0,0
4370,0.0910417,0,0
4371,0.0910625,0,0
4372,0.0910833,0,0
4373,0.0911042,0,0
4374,0.091125,0,0
4375,0.0911458,0,0
4376,0.0911667,0,0
4377,0.0911875,0,0
4378,0.0912083,0,0
4379,0.0912292,0,0
4380,0.09125,0,0
4381,0.0912708,0,0
4382,0.0912917,0,0
4383,0.0913125,0,0
4384,0.0913333,0,0
4385,0.0913542,0,0
4386,0.091375,0,0
4387,0.0913958,0,0
4388,0.0914167,0,0
4389,0.0914375,0,0
4390,0.0914583,0,0
4391,0.0914792,0,0
4392,0.0915,0,0
4393,0.0915208,0,0
4394,0.0915417,0,0
4395,0.0915625,0,0
4396,0.0915833,0,0
4397,0.0916042,0,0
4398,0.091625,0,0
4399,0.0916458,0,0
4400,0.0916667,0,0
4401,0.0916875,0,0
4402,0.0917083,0,0
4403,0.0917292,0,0
4404,0.09175,0,0
4405,0.0917708,0,0
4406,0.0917917,0,0
4407,0.0918125,0,0
4408,0.0918333,0,0
4409,0.0918542,0,0
4410,0.091875,0,0
4411,0.0918958,0,0
4412,0.0919167,0,0
4413,0.0919375,0,0
4414,0.0919583,0,0
4415,0.0919792,0,0
4416,0.092,0,0
4417,0.0920208,0,0
4418,0.0920417,0,0
4419,0.0920625,0,0
4420,0.0920833,0,0
4421,0.0921042,0,0
4422,0.092125,0,0
4423,0.0921458,0,0
4424,0.0921667,0,0
4425,0.0921875,0,0
4426,0.0922083,0,0
4427,0.0922292,0,0
4428,0.09225,0,0
4429,0.0922708,0,0
4430,0.0922917,0,0
4431,0.0923125,0,0
4432,0.0923333,0,0
4433,0.0923542,0,0
4434,0.092375,0,0
4435,0.0923958,0,0
4436,0.0924167,0,0
4437,0.0924375,0,0
4438,0.0924583,0,0
4439,0.0924792,0,0
4440,0.0925,0,0
4441,0.0925208,0,0
4442,0.0925417,0,0
4443,0.0925625,0,0
4444,0.0925833,0,0
4445,0.0926042,0,0
4446,0.092625,0,0
4447,0.0926458,0,0
4448,0.0926667,0,0
4449,0.0926875,0,0
4450,0.0927083,0,0
4451,0.0927292,0,0
4452,0.09275,0,0
4453,0.0927708,0,0
4454,0.0927917,0,0
4455,0.0928125,0,0
4456,0.0928333,0,0
4457,0.0928542,0,0
4458,0.092875,0,0
4459,0.0928958,0,0
4460,0.0929167,0,0
4461,0.0929375,0,0
4462,0.0929583,0,0
4463,0.0929792,0,0
4464,0.093,0,0
4465,0.0930208,0,0
4466,0.0930417,0,0
4467,0.0930625,0,0
4468,0.0930833,0,0
4469,0.0931042,0,0
4470,0.093125,0,0
4471,0.0931458,0,0
4472,0.0931667,0,0
4473,0.0931875,0,0
4474,0.0932083,0,0
4475,0.0932292,0,0
4476,0.09325,0,0
4477,0.0932708,0,0
4478,0.0932917,0,0
4479,0.0933125,0,0
4480,0.0933333,0,0
4481,0.0933542,0,0
4482,0.093375,0,0
4483,0.0933958,0,0
4484,0.0934167,0,0
4485,0.0934375,0,0
4486,0.0934583,0,0
4487,0.0934792,0,0
4488,0.0935,0,0
4489,0.0935208,0,0
4490,0.0935417,0,0
4491,0.0935625,0,0
4492,0.0935833,0,0
4493,0.0936042,0,0
4494,0.093625,0,0
4495,0.0936458,0,0
4496,0.0936667,0,0
4497,0.0936875,0,0
4498,0.0937083,0,0
4499,0.0937292,0,0
4500,0.09375,0,0
4501,0.0937708,0,0
4502,0.0937917,0,0
4503,0.0938125,0,0
4504,0.0938333,0,0
4505,0.0938542,0,0
4506,0.093875,0,0
4507,0.0938958,0,0
4508,0.0939167,0,0
4509,0.0939375,0,0
4510,0.0939583,0,0
4511,0.0939792,0,0
4512,0.094,0,0
4513,0.0940208,0,0
4514,0.0940417,0,0
4515,0.0940625,0,0
4516,0.0940833,0,0
4517,0.0941042,0,0
4518,0.094125,0,0
4519,0.0941458,0,0
4520,0.0941667,0,0
4521,0.0941875,0,0
4522,0.0942083,0,0
4523,0.0942292,0,0
4524,0.09425,0,0
4525,0.0942708,0,0
4526,0.0942917,0,0
4527,0.0943125,0,0
4528,0.0943333,0,0
4529,0.0943542,0,0
4530,0.094375,0,0
4531,0.0943958,0,0
4532,0.0944167,0,0
4533,0.0944375,0,0
4534,0.0944583,0,0
4535,0.0944792,0,0
4536,0.0945,0,0
4537,0.0945208,0,0
4538,0.0945417,0,0
4539,0.0945625,0,0
4540,0.0945833,0,0
4541,0.0946042,0,0
4542,0.094625,0,0
4543,0.0946458,0,0
4544,0.0946667,0,0
4545,0.0946875,0,0
4546,0.0947083,0,0
4547,0.0947292,0,0
4548,0.09475,0,0
4549,0.0947708,0,0
4550,0.0947917,0,0
4551,0.0948125,0,0
4552,0.0948333,0,0
4553,0.0948542,0,0
4554,0.094875,0,0
4555,0.0948958,0,0
4556,0.0949167,0,0
4557,0.0949375,0,0
4558,0.0949583,0,0
4559,0.0949792,0,0
4560,0.095,0,0
4561,0.0950208,0,0
4562,0.0950417,0,0
4563,0.0950625,0,0
4564,0.0950833,0,0
4565,0.0951042,0,0
4566,0.095125,0,0
4567,0.0951458,0,0
4568,0.0951667,0,0
4569,0.0951875,0,0
4570,0.0952083,0,0
4571,0.0952292,0,0
4572,0.09525,0,0
4573,0.0952708,0,0
4574,0.0952917,0,0
4575,0.0953125,0,0
4576,0.0953333,0,0
4577,0.0953542,0,0
4578,0.095375,0,0
4579,0.0953958,0,0
4580,0.0954167,0,0
4581,0.0954375,0,0
4582,0.0954583,0,0
4583,0.0954792,0,0
4584,0.0955,0,0
4585,0.0955208,0,0
4586,0.0955417,0,0
4587,0.0955625,0,0
4588,0.0955833,0,0
4589,0.0956042,0,0
4590,0.095625,0,0
4591,0.0956458,0,0
4592,0.0956667,0,0
4593,0.0956875,0,0
4594,0.0957083,0,0
4595,0.0957292,0,0
4596,0.09575,0,0
4597,0.0957708,0,0
4598,0.0957917,0,0
4599,0.0958125,0,0
4600,0.0958333,0,0
4601,0.0958542,0,0
4602,0.095875,0,0
4603,0.0958958,0,0
4604,0.0959167,0,0
4605,0.0959375,0,0
4606,0.0959583,0,0
4607,0.0959792,0,0
4608,0.096,0,0
4609,0.0960208,0,0
4610,0.0960417,0,0
4611,0.0960625,0,0
4612,0.0960833,0,0
4613,0.0961042,0,0
4614,0.096125,0,0
4615,0.0961458,0,0
4616,0.0961667,0,0
4617,0.0961875,0,0
4618,0.0962083,0,0
4619,0.0962292,0,0
4620,0.09625,0,0
4621,0.0962708,0,0
4622,0.0962917,0,0
4623,0.0963125,0,0
4624,0.0963333,0,0
4625,0.0963542,0,0
4626,0.096375,0,0
4627,0.0963958,0,0
4628,0.0964167,0,0
4629,0.0964375,0,0
4630,0.0964583,0,0
4631,0.0964792,0,0
4632,0.0965,0,0
4633,0.0965208,0,0
4634,0.0965417,0,0
4635,0.0965625,0,0
4636,0.0965833,0,0
4637,0.0966042,0,0
4638,0.096625,0,0
4639,0.0966458,0,0
4640,0.0966667,0,0
4641,0.0966875,0,0
4642,0.0967083,0,0
4643,0.0967292,0,0
4644,0.09675,0,0
4645,0.0967708,0,0
4646,0.0967917,0,0
4647,0.0968125,0,0
4648,0.0968333,0,0
4649,0.0968542,0,0
4650,0.096875,0,0
4651,0.0968958,0,0
4652,0.0969167,0,0
4653,0.0969375,0,0
4654,0.0969583,0,0
4655,0.0969792,0,0
4656,0.097,0,0
4657,0.0970208,0,0
4658,0.0970417,0,0
4659,0.0970625,0,0
4660,0.0970833,0,0
4661,0.0971042,0,0
4662,0.097125,0,0
4663,0.0971458,0,0
4664,0.0971667,0,0
4665,0.0971875,0,0
4666,0.0972083,0,0
4667,0.0972292,0,0
4668,0.09725,0,0
4669,0.0972708,0,0
4670,0.0972917,0,0
4671,0.0973125,0,0
4672,0.0973333,0,0
4673,0.0973542,0,0
4674,0.097375,0,0
4675,0.0973958,0,0
4676,0.0974167,0,0
4677,0.0974375,0,0
4678,0.0974583,0,0
4679,0.0974792,0,0
4680,0.0975,0,0
4681,0.0975208,0,0
4682,0.0975417,0,0
4683,0.0975625,0,0
4684,0.0975833,0,0
4685,0.0976042,0,0
4686,0.097625,0,0
4687,0.0976458,0,0
4688,0.0976667,0,0
4689,0.0976875,0,0
4690,0.0977083,0,0
4691,0.0977292,0,0
4692,0.09775,0,0
4693,0.0977708,0,0
4694,0.0977917,0,0
4695,0.0978125,0,0
4696,0.0978333,0,0
4697,0.0978542,0,0
4698,0.097875,0,0
4699,0.0978958,0,0
4700,0.0979167,0,0
4701,0.0979375,0,0
4702,0.0979583,0,0
4703,0.0979792,0,0
4704,0.098,0,0
4705,0.0980208,0,0
4706,0.0980417,0,0
4707,0.0980625,0,0
4708,0.0980833,0,0
4709,0.0981042,0,0
4710,0.098125,0,0
4711,0.0981458,0,0
4712,0.0981667,0,0
4713,0.0981875,0,0
4714,0.0982083,0,0
4715,0.0982292,0,0
4716,0.09825,0,0
4717,0.0982708,0,0
4718,0.0982917,0,0
4719,0.0983125,0,0
4720,0.0983333,0,0
4721,0.0983542,0,0
4722,0.098375,0,0
4723,0.0983958,0,0
4724,0.0984167,0,0
4725,0.0984375,0,0
4726,0.0984583,0,0
4727,0.0984792,0,0
4728,0.0985,0,0
4729,0.0985208,0,0
4730,0.0985417,0,0
4731,0.0985625,0,0
4732,0.0985833,0,0
4733,0.0986042,0,0
4734,0.098625,0,0
4735,0.0986458,0,0
4736,0.0986667,0,0
4737,0.0986875,0,0
4738,0.0987083,0,0
4739,0.0987292,0,0
4740,0.09875,0,0
4741,0.0987708,0,0
4742,0.0987917,0,0
4743,0.0988125,0,0
4744,0.0988333,0,0
4745,0.0988542,0,0
4746,0.098875,0,0
4747,0.0988958,0,0
4748,0.0989167,0,0
4749,0.0989375,0,0
4750,0.0989583,0,0
4751,0.0989792,0,0
4752,0.099,0,0
4753,0.0990208,0,0
4754,0.0990417,0,0
4755,0.0990625,0,0
4756,0.0990833,0,0
4757,0.0991042,0,0
4758,0.099125,0,0
4759,0.0991458,0,0
4760,0.0991667,0,0
4761,0.0991875,0,0
4762,0.0992083,0,0
4763,0.0992292,0,0
4764,0.09925,0,0
4765,0.0992708,0,0
4766,0.0992917,0,0
4767,0.0993125,0,0
4768,0.0993333,0,0
4769,0.0993542,0,0
4770,0.099375,0,0
4771,0.0993958,0,0
4772,0.0994167,0,0
4773,0.0994375,0,0
4774,0.0994583,0,0
4775,0.0994792,0,0
4776,0.0995,0,0
4777,0.0995208,0,0
4778,0.0995417,0,0
4779,0.0995625,0,0
4780,0.0995833,0,0
4781,0.0996042,0,0
4782,0.099625,0,0
4783,0.0996458,0,0
4784,0.0996667,0,0
4785,0.0996875,0,0
4786,0.0997083,0,0
4787,0.0997292,0,0
4788,0.09975,0,0
4789,0.0997708,0,0
4790,0.0997917,0,0
4791,0.0998125,0,0
4792,0.0998333,0,0
4793,0.0998542,0,0
4794,0.099875,0,0
4795,0.0998958,0,0
4796,0.0999167,0,0
4797,0.0999375,0,0
4798,0.0999583,0,0
4799,0.0999792,0,0
4800,0.1,0,0
4801,0.100021,0,0
4802,0.100042,0,0
4803,0.100062,0,0
4804,0.100083,0,0
4805,0.100104,0,0
4806,0.100125,0,0
4807,0.100146,0,0
4808,0.100167,0,0
4809,0.100188,0,0
4810,0.100208,0,0
4811,0.100229,0,0
4812,0.10025,0,0
4813,0.100271,0,0
4814,0.100292,0,0
4815,0.100313,0,0
4816,0.100333,0,0
4817,0.100354,0,0
4818,0.100375,0,0
4819,0.100396,0,0
4820,0.100417,0,0
4821,0.100437,0,0
4822,0.100458,0,0
4823,0.100479,0,0
4824,0.1005,0,0
4825,0.100521,0,0
4826,0.100542,0,0
4827,0.100562,0,0
4828,0.100583,0,0
4829,0.100604,0,0
4830,0.100625,0,0
4831,0.100646,0,0
4832,0.100667,0,0
4833,0.100687,0,0
4834,0.100708,0,0
4835,0.100729,0,0
4836,0.10075,0,0
4837,0.100771,0,0
4838,0.100792,0,0
4839,0.100813,0,0
4840,0.100833,0,0
4841,0.100854,0,0
4842,0.100875,0,0
4843,0.100896,0,0
4844,0.100917,0,0
4845,0.100938,0,0
4846,0.100958,0,0
4847,0.100979,0,0
4848,0.101,0,0
4849,0.101021,0,0
4850,0.101042,0,0
4851,0.101062,0,0
4852,0.101083,0,0
4853,0.101104,0,0
4854,0.101125,0,0
4855,0.101146,0,0
4856,0.101167,0,0
4857,0.101187,0,0
4858,0.101208,0,0
4859,0.101229,0,0
4860,0.10125,0,0
4861,0.101271,0,0
4862,0.101292,0,0
4863,0.101313,0,0
4864,0.101333,0,0
4865,0.101354,0,0
4866,0.101375,0,0
4867,0.101396,0,0
4868,0.101417,0,0
4869,0.101438,0,0
4870,0.101458,0,0
4871,0.101479,0,0
4872,0.1015,0,0
4873,0.101521,0,0
4874,0.101542,0,0
4875,0.101562,0,0
4876,0.101583,0,0
4877,0.101604,0,0
4878,0.101625,0,0
4879,0.101646,0,0
4880,0.101667,0,0
4881,0.101687,0,0
4882,0.101708,0,0
4883,0.101729,0,0
4884,0.10175,0,0
4885,0.101771,0,0
4886,0.101792,0,0
4887,0.101812,0,0
4888,0.101833,0,0
4889,0.101854,0,0
4890,0.101875,0,0
4891,0.101896,0,0
4892,0.101917,0,0
4893,0.101938,0,0
4894,0.101958,0,0
4895,0.101979,0,0
4896,0.102,0,0
4897,0.102021,0,0
4898,0.102042,0,0
4899,0.102063,0,0
4900,0.102083,0,0
4901,0.102104,0,0
4902,0.102125,0,0
4903,0.102146,0,0
4904,0.102167,0,0
4905,0.102187,0,0
4906,0.102208,0,0
4907,0.102229,0,0
4908,0.10225,0,0
4909,0.102271,0,0
4910,0.102292,0,0
4911,0.102312,0,0
4912,0.102333,0,0
4913,0.102354,0,0
4914,0.102375,0,0
4915,0.102396,0,0
4916,0.102417,0,0
4917,0.102438,0,0
4918,0.102458,0,0
4919,0.102479,0,0
4920,0.1025,0,0
4921,0.102521,0,0
4922,0.102542,0,0
4923,0.102563,0,0
4924,0.102583,0,0
4925,0.102604,0,0
4926,0.102625,0,0
4927,0.102646,0,0
4928,0.102667,0,0
4929,0.102688,0,0
4930,0.102708,0,0
4931,0.102729,0,0
4932,0.10275,0,0
4933,0.102771,0,0
4934,0.102792,0,0
4935,0.102812,0,0
4936,0.102833,0,0
4937,0.102854,0,0
4938,0.102875,0,0
4939,0.102896,0,0
4940,0.102917,0,0
4941,0.102937,0,0
4942,0.102958,0,0
4943,0.102979,0,0
4944,0.103,0,0
4945,0.103021,0,0
4946,0.103042,0,0
4947,0.103063,0,0
4948,0.103083,0,0
4949,0.103104,0,0
4950,0.103125,0,0
4951,0.103146,0,0
4952,0.103167,0,0
4953,0.103188,0,0
4954,0.103208,0,0
4955,0.103229,0,0
4956,0.10325,0,0
4957,0.103271,0,0
4958,0.103292,0,0
4959,0.103312,0,0
4960,0.103333,0,0
4961,0.103354,0,0
4962,0.103375,0,0
4963,0.103396,0,0
4964,0.103417,0,0
4965,0.103437,0,0
4966,0.103458,0,0
4967,0.103479,0,0
4968,0.1035,0,0
4969,0.103521,0,0
4970,0.103542,0,0
4971,0.103562,0,0
4972,0.103583,0,0
4973,0.103604,0,0
4974,0.103625,0,0
4975,0.103646,0,0
4976,0.103667,0,0
4977,0.103688,0,0
4978,0.103708,0,0
4979,0.103729,0,0
4980,0.10375,0,0
4981,0.103771,0,0
4982,0.103792,0,0
4983,0.103813,0,0
4984,0.103833,0,0
4985,0.103854,0,0
4986,0.103875,0,0
4987,0.103896,0,0
4988,0.103917,0,0
4989,0.103937,0,0
4990,0.103958,0,0
4991,0.103979,0,0
4992,0.104,0,0
4993,0.104021,0,0
4994,0.104042,0,0
4995,0.104062,0,0
4996,0.104083,0,0
4997,0.104104,0,0
4998,0.104125,0,0
4999,0.104146,0,0
5000,0.104167,0,0
5001,0.104188,0,0
5002,0.104208,0,0
5003,0.104229,0,0
5004,0.10425,0,0
5005,0.104271,0,0
5006,0.104292,0,0
5007,0.104313,0,0
5008,0.104333,0,0
5009,0.104354,0,0
5010,0.104375,0,0
5011,0.104396,0,0
5012,0.104417,0,0
5013,0.104438,0,0
5014,0.104458,0,0
5015,0.104479,0,0
5016,0.1045,0,0
5017,0.104521,0,0
5018,0.104542,0,0
5019,0.104562,0,0
5020,0.104583,0,0
5021,0.104604,0,0
5022,0.104625,0,0
5023,0.104646,0,0
5024,0.104667,0,0
5025,0.104687,0,0
5026,0.104708,0,0
5027,0.104729,0,0
5028,0.10475,0,0
5029,0.104771,0,0
5030,0.104792,0,0
5031,0.104813,0,0
5032,0.104833,0,0
5033,0.104854,0,0
5034,0.104875,0,0
5035,0.104896,0,0
5036,0.104917,0,0
5037,0.104938,0,0
5038,0.104958,0,0
5039,0.104979,0,0
5040,0.105,0,0
5041,0.105021,0,0
5042,0.105042,0,0
5043,0.105062,0,0
5044,0.105083,0,0
5045,0.105104,0,0
5046,0.105125,0,0
5047,0.105146,0,0
5048,0.105167,0,0
5049,0.105187,0,0
5050,0.105208,0,0
5051,0.105229,0,0
5052,0.10525,0,0
5053,0.105271,0,0
5054,0.105292,0,0
5055,0.105312,0,0
5056,0.105333,0,0
5057,0.105354,0,0
5058,0.105375,0,0
5059,0.105396,0,0
5060,0.105417,0,0
5061,0.105438,0,0
5062,0.105458,0,0
5063,0.105479,0,0
5064,0.1055,0,0
5065,0.105521,0,0
5066,0.105542,0,0
5067,0.105563,0,0
5068,0.105583,0,0
5069,0.105604,0,0
5070,0.105625,0,0
5071,0.105646,0,0
5072,0.105667,0,0
5073,0.105687,0,0
5074,0.105708,0,0
5075,0.105729,0,0
5076,0.10575,0,0
5077,0.105771,0,0
5078,0.105792,0,0
5079,0.105812,0,0
5080,0.105833,0,0
5081,0.105854,0,0
5082,0.105875,0,0
5083,0.105896,0,0
5084,0.105917,0,0
5085,0.105938,0,0
5086,0.105958,0,0
5087,0.105979,0,0
5088,0.106,0,0
5089,0.106021,0,0
5090,0.106042,0,0
5091,0.106063,0,0
5092,0.106083,0,0
5093,0.106104,0,0
5094,0.106125,0,0
5095,0.106146,0,0
5096,0.106167,0,0
5097,0.106188,0,0
5098,0.106208,0,0
5099,0.106229,0,0
5100,0.10625,0,0
5101,0.106271,0,0
5102,0.106292,0,0
5103,0.106312,0,0
5104,0.106333,0,0
5105,0.106354,0,0
5106,0.106375,0,0
5107,0.106396,0,0
5108,0.106417,0,0
5109,0.106437,0,0
5110,0.106458,0,0
5111,0.106479,0,0
5112,0.1065,0,0
5113,0.106521,0,0
5114,0.106542,0,0
5115,0.106563,0,0
5116,0.106583,0,0
5117,0.106604,0,0
5118,0.106625,0,0
5119,0.106646,0,0
5120,0.106667,0,0
5121,0.106688,0,0
5122,0.106708,0,0
5123,0.106729,0,0
5124,0.10675,0,0
5125,0.106771,0,0
5126,0.106792,0,0
5127,0.106812,0,0
5128,0.106833,0,0
5129,0.106854,0,0
5130,0.106875,0,0
5131,0.106896,0,0
5132,0.106917,0,0
5133,0.106937,0,0
5134,0.106958,0,0
5135,0.106979,0,0
5136,0.107,0,0
5137,0.107021,0,0
5138,0.107042,0,0
5139,0.107063,0,0
5140,0.107083,0,0
5141,0.107104,0,0
5142,0.107125,0,0
5143,0.107146,0,0
5144,0.107167,0,0
5145,0.107188,0,0
5146,0.107208,0,0
5147,0.107229,0,0
5148,0.10725,0,0
5149,0.107271,0,0
5150,0.107292,0,0
5151,0.107313,0,0
5152,0.107333,0,0
5153,0.107354,0,0
5154,0.107375,0,0
5155,0.107396,0,0
5156,0.107417,0,0
5157,0.107437,0,0
5158,0.107458,0,0
5159,0.107479,0,0
5160,0.1075,0,0
5161,0.107521,0,0
5162,0.107542,0,0
5163,0.107562,0,0
5164,0.107583,0,0
5165,0.107604,0,0
5166,0.107625,0,0
5167,0.107646,0,0
5168,0.107667,0,0
5169,0.107688,0,0
5170,0.107708,0,0
5171,0.107729,0,0
5172,0.10775,0,0
5173,0.107771,0,0
5174,0.107792,0,0
5175,0.107813,0,0
5176,0.107833,0,0
5177,0.107854,0,0
5178,0.107875,0,0
5179,0.107896,0,0
5180,0.107917,0,0
5181,0.107937,0,0
5182,0.107958,0,0
5183,0.107979,0,0
5184,0.108,0,0
5185,0.108021,0,0
5186,0.108042,0,0
5187,0.108062,0,0
5188,0.108083,0,0
5189,0.108104,0,0
5190,0.108125,0,0
5191,0.108146,0,0
5192,0.108167,0,0
5193,0.108187,0,0
5194,0.108208,0,0
5195,0.108229,0,0
5196,0.10825,0,0
5197,0.108271,0,0
5198,0.108292,0,0
5199,0.108313,0,0
5200,0.108333,0,0
5201,0.108354,0,0
5202,0.108375,0,0
5203,0.108396,0,0
5204,0.108417,0,0
5205,0.108438,0,0
5206,0.108458,0,0
5207,0.108479,0,0
5208,0.1085,0,0
5209,0.108521,0,0
5210,0.108542,0,0
5211,0.108562,0,0
5212,0.108583,0,0
5213,0.108604,0,0
5214,0.108625,0,0
5215,0.108646,0,0
5216,0.108667,0,0
5217,0.108687,0,0
5218,0.108708,0,0
5219,0.108729,0,0
5220,0.10875,0,0
5221,0.108771,0,0
5222,0.108792,0,0
5223,0.108813,0,0
5224,0.108833,0,0
5225,0.108854,0,0
5226,0.108875,0,0
5227,0.108896,0,0
5228,0.108917,0,0
5229,0.108938,0,0
5230,0.108958,0,0
5231,0.108979,0,0
5232,0.109,0,0
5233,0.109021,0,0
5234,0.109042,0,0
5235,0.109063,0,0
5236,0.109083,0,0
5237,0.109104,0,0
5238,0.109125,0,0
5239,0.109146,0,0
5240,0.109167,0,0
5241,0.109187,0,0
5242,0.109208,0,0
5243,0.109229,0,0
5244,0.10925,0,0
5245,0.109271,0,0
5246,0.109292,0,0
5247,0.109312,0,0
5248,0.109333,0,0
5249,0.109354,0,0
5250,0.109375,0,0
5251,0.109396,0,0
5252,0.109417,0,0
5253,0.109438,0,0
5254,0.109458,0,0
5255,0.109479,0,0
5256,0.1095,0,0
5257,0.109521,0,0
5258,0.109542,0,0
5259,0.109563,0,0
5260,0.109583,0,0
5261,0.109604,0,0
5262,0.109625,0,0
5263,0.109646,0,0
5264,0.109667,0,0
5265,0.109687,0,0
5266,0.109708,0,0
5267,0.109729,0,0
5268,0.10975,0,0
5269,0.109771,0,0
5270,0.109792,0,0
5271,0.109812,0,0
5272,0.109833,0,0
5273,0.109854,0,0
5274,0.109875,0,0
5275,0.109896,0,0
5276,0.109917,0,0
5277,0.109937,0,0
5278,0.109958,0,0
5279,0.109979,0,0
5280,0.11,0,0
5281,0.110021,0,0
5282,0.110042,0,0
5283,0.110063,0,0
5284,0.110083,0,0
5285,0.110104,0,0
5286,0.110125,0,0
5287,0.110146,0,0
5288,0.110167,0,0
5289,0.110188,0,0
5290,0.110208,0,0
5291,0.110229,0,0
5292,0.11025,0,0
5293,0.110271,0,0
5294,0.110292,0,0
5295,0.110312,0,0
5296,0.110333,0,0
5297,0.110354,0,0
5298,0.110375,0,0
5299,0.110396,0,0
5300,0.110417,0,0
5301,0.110437,0,0
5302,0.110458,0,0
5303,0.110479,0,0
5304,0.1105,0,0
5305,0.110521,0,0
5306,0.110542,0,0
5307,0.110563,0,0
5308,0.110583,0,0
5309,0.110604,0,0
5310,0.110625,0,0
5311,0.110646,0,0
5312,0.110667,0,0
5313,0.110688,0,0
5314,0.110708,0,0
5315,0.110729,0,0
5316,0.11075,0,0
5317,0.110771,0,0
5318,0.110792,0,0
5319,0.110813,0,0
5320,0.110833,0,0
5321,0.110854,0,0
5322,0.110875,0,0
5323,0.110896,0,0
5324,0.110917,0,0
5325,0.110937,0,0
5326,0.110958,0,0
5327,0.110979,0,0
5328,0.111,0,0
5329,0.111021,0,0
5330,0.111042,0,0
5331,0.111062,0,0
5332,0.111083,0,0
5333,0.111104,0,0
5334,0.111125,0,0
5335,0.111146,0,0
5336,0.111167,0,0
5337,0.111188,0,0
5338,0.111208,0,0
5339,0.111229,0,0
5340,0.11125,0,0
5341,0.111271,0,0
5342,0.111292,0,0
5343,0.111313,0,0
5344,0.111333,0,0
5345,0.111354,0,0
5346,0.111375,0,0
5347,0.111396,0,0
5348,0.111417,0,0
5349,0.111437,0,0
5350,0.111458,0,0
5351,0.111479,0,0
5352,0.1115,0,0
5353,0.111521,0,0
5354,0.111542,0,0
5355,0.111562,0,0
5356,0.111583,0,0
5357,0.111604,0,0
5358,0.111625,0,0
5359,0.111646,0,0
5360,0.111667,0,0
5361,0.111687,0,0
5362,0.111708,0,0
5363,0.111729,0,0
5364,0.11175,0,0
5365,0.111771,0,0
5366,0.111792,0,0
5367,0.111813,0,0
5368,0.111833,0,0
5369,0.111854,0,0
5370,0.111875,0,0
5371,0.111896,0,0
5372,0.111917,0,0
5373,0.111938,0,0
5374,0.111958,0,0
5375,0.111979,0,0
5376,0.112,0,0
5377,0.112021,0,0
5378,0.112042,0,0
5379,0.112062,0,0
5380,0.112083,0,0
5381,0.112104,0,0
5382,0.112125,0,0
5383,0.112146,0,0
5384,0.112167,0,0
5385,0.112187,0,0
5386,0.112208,0,0
5387,0.112229,0,0
5388,0.11225,0,0
5389,0.112271,0,0
5390,0.112292,0,0
5391,0.112313,0,0
5392,0.112333,0,0
5393,0.112354,0,0
5394,0.112375,0,0
5395,0.112396,0,0
5396,0.112417,0,0
5397,0.112438,0,0
5398,0.112458,0,0
5399,0.112479,0,0
5400,0.1125,0,0
5401,0.112521,0,0
5402,0.112542,0,0
5403,0.112562,0,0
5404,0.112583,0,0
5405,0.112604,0,0
5406,0.112625,0,0
5407,0.112646,0,0
5408,0.112667,0,0
5409,0.112687,0,0
5410,0.112708,0,0
5411,0.112729,0,0
5412,0.11275,0,0
5413,0.112771,0,0
5414,0.112792,0,0
5415,0.112812,0,0
5416,0.112833,0,0
5417,0.112854,0,0
5418,0.112875,0,0
5419,0.112896,0,0
5420,0.112917,0,0
5421,0.112938,0,0
5422,0.112958,0,0
5423,0.112979,0,0
5424,0.113,0,0
5425,0.113021,0,0
5426,0.113042,0,0
5427,0.113063,0,0
5428,0.113083,0,0
5429,0.113104,0,0
5430,0.113125,0,0
5431,0.113146,0,0
5432,0.113167,0,0
5433,0.113187,0,0
5434,0.113208,0,0
5435,0.113229,0,0
5436,0.11325,0,0
5437,0.113271,0,0
5438,0.113292,0,0
5439,0.113312,0,0
5440,0.113333,0,0
5441,0.113354,0,0
5442,0.113375,0,0
5443,0.113396,0,0
5444,0.113417,0,0
5445,0.113438,0,0
5446,0.113458,0,0
5447,0.113479,0,0
5448,0.1135,0,0
5449,0.113521,0,0
5450,0.113542,0,0
5451,0.113563,0,0
5452,0.113583,0,0
5453,0.113604,0,0
5454,0.113625,0,0
5455,0.113646,0,0
5456,0.113667,0,0
5457,0.113688,0,0
5458,0.113708,0,0
5459,0.113729,0,0
5460,0.11375,0,0
5461,0.113771,0,0
5462,0.113792,0,0
5463,0.113812,0,0
5464,0.113833,0,0
5465,0.113854,0,0
5466,0.113875,0,0
5467,0.113896,0,0
5468,0.113917,0,0
5469,0.113937,0,0
5470,0.113958,0,0
5471,0.113979,0,0
5472,0.114,0,0
5473,0.114021,0,0
5474,0.114042,0,0
5475,0.114063,0,0
5476,0.114083,0,0
5477,0.114104,0,0
5478,0.114125,0,0
5479,0.114146,0,0
5480,0.114167,0,0
5481,0.114188,0,0
5482,0.114208,0,0
5483,0.114229,0,0
5484,0.11425,0,0
5485,0.114271,0,0
5486,0.114292,0,0
5487,0.114312,0,0
5488,0.114333,0,0
5489,0.114354,0,0
5490,0.114375,0,0
5491,0.114396,0,0
5492,0.114417,0,0
5493,0.114437,0,0
5494,0.114458,0,0
5495,0.114479,0,0
5496,0.1145,0,0
5497,0.114521,0,0
5498,0.114542,0,0
5499,0.114562,0,0
5500,0.114583,0,0
5501,0.114604,0,0
5502,0.114625,0,0
5503,0.114646,0,0
5504,0.114667,0,0
5505,0.114688,0,0
5506,0.114708,0,0
5507,0.114729,0,0
5508,0.11475,0,0
5509,0.114771,0,0
5510,0.114792,0,0
5511,0.114813,0,0
5512,0.114833,0,0
5513,0.114854,0,0
5514,0.114875,0,0
5515,0.114896,0,0
5516,0.114917,0,0
5517,0.114937,0,0
5518,0.114958,0,0
5519,0.114979,0,0
5520,0.115,0,0
5521,0.115021,0,0
5522,0.115042,0,0
5523,0.115062,0,0
5524,0.115083,0,0
5525,0.115104,0,0
5526,0.115125,0,0
5527,0.115146,0,0
5528,0.115167,0,0
5529,0.115188,0,0
5530,0.115208,0,0
5531,0.115229,0,0
5532,0.11525,0,0
5533,0.115271,0,0
5534,0.115292,0,0
5535,0.115313,0,0
5536,0.115333,0,0
5537,0.115354,0,0
5538,0.115375,0,0
5539,0.115396,0,0
5540,0.115417,0,0
5541,0.115438,0,0
5542,0.115458,0,0
5543,0.115479,0,0
5544,0.1155,0,0
5545,0.115521,0,0
5546,0.115542,0,0
5547,0.115562,0,0
5548,0.115583,0,0
5549,0.115604,0,0
5550,0.115625,0,0
5551,0.115646,0,0
5552,0.115667,0,0
5553,0.115687,0,0
5554,0.115708,0,0
5555,0.115729,0,0
5556,0.11575,0,0
5557,0.115771,0,0
5558,0.115792,0,0
5559,0.115813,0,0
5560,0.115833,0,0
5561,0.115854,0,0
5562,0.115875,0,0
5563,0.115896,0,0
5564,0.115917,0,0
5565,0.115938,0,0
5566,0.115958,0,0
5567,0.115979,0,0
5568,0.116,0,0
5569,0.116021,0,0
5570,0.116042,0,0
5571,0.116062,0,0
5572,0.116083,0,0
5573,0.116104,0,0
5574,0.116125,0,0
5575,0.116146,0,0
5576,0.116167,0,0
5577,0.116187,0,0
5578,0.116208,0,0
5579,0.116229,0,0
5580,0.11625,0,0
5581,0.116271,0,0
5582,0.116292,0,0
5583,0.116312,0,0
5584,0.116333,0,0
5585,0.116354,0,0
5586,0.116375,0,0
5587,0.116396,0,0
5588,0.116417,0,0
5589,0.116438,0,0
5590,0.116458,0,0
5591,0.116479,0,0
5592,0.1165,0,0
5593,0.116521,0,0
5594,0.116542,0,0
5595,0.116563,0,0
5596,0.116583,0,0
5597,0.116604,0,0
5598,0.116625,0,0
5599,0.116646,0,0
5600,0.116667,0,0
5601,0.116687,0,0
5602,0.116708,0,0
5603,0.116729,0,0
5604,0.11675,0,0
5605,0.116771,0,0
5606,0.116792,0,0
5607,0.116812,0,0
5608,0.116833,0,0
5609,0.116854,0,0
5610,0.116875,0,0
5611,0.116896,0,0
5612,0.116917,0,0
5613,0.116938,0,0
5614,0.116958,0,0
5615,0.116979,0,0
5616,0.117,0,0
5617,0.117021,0,0
5618,0.117042,0,0
5619,0.117063,0,0
5620,0.117083,0,0
5621,0.117104,0,0
5622,0.117125,0,0
5623,0.117146,0,0
5624,0.117167,0,0
5625,0.117188,0,0
5626,0.117208,0,0
5627,0.117229,0,0
5628,0.11725,0,0
5629,0.117271,0,0
5630,0.117292,0,0
5631,0.117312,0,0
5632,0.117333,0,0
5633,0.117354,0,0
5634,0.117375,0,0
5635,0.117396,0,0
5636,0.117417,0,0
5637,0.117437,0,0
5638,0.117458,0,0
5639,0.117479,0,0
5640,0.1175,0,0
5641,0.117521,0,0
5642,0.117542,0,0
5643,0.117563,0,0
5644,0.117583,0,0
5645,0.117604,0,0
5646,0.117625,0,0
5647,0.117646,0,0
5648,0.117667,0,0
5649,0.117688,0,0
5650,0.117708,0,0
5651,0.117729,0,0
5652,0.11775,0,0
5653,0.117771,0,0
5654,0.117792,0,0
5655,0.117812,0,0
5656,0.117833,0,0
5657,0.117854,0,0
5658,0.117875,0,0
5659,0.117896,0,0
5660,0.117917,0,0
5661,0.117937,0,0
5662,0.117958,0,0
5663,0.117979,0,0
5664,0.118,0,0
5665,0.118021,0,0
5666,0.118042,0,0
5667,0.118063,0,0
5668,0.118083,0,0
5669,0.118104,0,0
5670,0.118125,0,0
5671,0.118146,0,0
5672,0.118167,0,0
5673,0.118188,0,0
5674,0.118208,0,0
5675,0.118229,0,0
5676,0.11825,0,0
5677,0.118271,0,0
5678,0.118292,0,0
5679,0.118313,0,0
5680,0.118333,0,0
5681,0.118354,0,0
5682,0.118375,0,0
5683,0.118396,0,0
5684,0.118417,0,0
5685,0.118437,0,0
5686,0.118458,0,0
5687,0.118479,0,0
5688,0.1185,0,0
5689,0.118521,0,0
5690,0.118542,0,0
5691,0.118562,0,0
5692,0.118583,0,0
5693,0.118604,0,0
5694,0.118625,0,0
5695,0.118646,0,0
5696,0.118667,0,0
5697,0.118688,0,0
5698,0.118708,0,0
5699,0.118729,0,0
5700,0.11875,0,0
5701,0.118771,0,0
5702,0.118792,0,0
5703,0.118813,0,0
5704,0.118833,0,0
5705,0.118854,0,0
5706,0.118875,0,0
5707,0.118896,0,0
5708,0.118917,0,0
5709,0.118937,0,0
5710,0.118958,0,0
5711,0.118979,0,0
5712,0.119,0,0
5713,0.119021,0,0
5714,0.119042,0,0
5715,0.119062,0,0
5716,0.119083,0,0
5717,0.119104,0,0
5718,0.119125,0,0
5719,0.119146,0,0
5720,0.119167,0,0
5721,0.119187,0,0
5722,0.119208,0,0
5723,0.119229,0,0
5724,0.11925,0,0
5725,0.119271,0,0
5726,0.119292,0,0
5727,0.119313,0,0
5728,0.119333,0,0
5729,0.119354,0,0
5730,0.119375,0,0
5731,0.119396,0,0
5732,0.119417,0,0
5733,0.119438,0,0
5734,0.119458,0,0
5735,0.119479,0,0
5736,0.1195,0,0
5737,0.119521,0,0
5738,0.119542,0,0
5739,0.119562,0,0
5740,0.119583,0,0
5741,0.119604,0,0
5742,0.119625,0,0
5743,0.119646,0,0
5744,0.119667,0,0
5745,0.119687,0,0
5746,0.119708,0,0
5747,0.119729,0,0
5748,0.11975,0,0
5749,0.119771,0,0
5750,0.119792,0,0
5751,0.119813,0,0
5752,0.119833,0,0
5753,0.119854,0,0
5754,0.119875,0,0
5755,0.119896,0,0
5756,0.119917,0,0
5757,0.119938,0,0
5758,0.119958,0,0
5759,0.119979,0,0
5760,0.12,0,0
5761,0.120021,0,0
5762,0.120042,0,0
5763,0.120063,0,0
5764,0.120083,0,0
5765,0.120104,0,0
5766,0.120125,0,0
5767,0.120146,0,0
5768,0.120167,0,0
5769,0.120187,0,0
5770,0.120208,0,0
5771,0.120229,0,0
5772,0.12025,0,0
5773,0.120271,0,0
5774,0.120292,0,0
5775,0.120312,0,0
5776,0.120333,0,0
5777,0.120354,0,0
5778,0.120375,0,0
5779,0.120396,0,0
5780,0.120417,0,0
5781,0.120438,0,0
5782,0.120458,0,0
5783,0.120479,0,0
5784,0.1205,0,0
5785,0.120521,0,0
5786,0.120542,0,0
5787,0.120563,0,0
5788,0.120583,0,0
5789,0.120604,0,0
5790,0.120625,0,0
5791,0.120646,0,0
5792,0.120667,0,0
5793,0.120687,0,0
5794,0.120708,0,0
5795,0.120729,0,0
5796,0.12075,0,0
5797,0.120771,0,0
5798,0.120792,0,0
5799,0.120812,0,0
5800,0.120833,0,0
5801,0.120854,0,0
5802,0.120875,0,0
5803,0.120896,0,0
5804,0.120917,0,0
5805,0.120937,0,0
5806,0.120958,0,0
5807,0.120979,0,0
5808,0.121,0,0
5809,0.121021,0,0
5810,0.121042,0,0
5811,0.121063,0,0
5812,0.121083,0,0
5813,0.121104,0,0
5814,0.121125,0,0
5815,0.121146,0,0
5816,0.121167,0,0
5817,0.121188,0,0
5818,0.121208,0,0
5819,0.121229,0,0
5820,0.12125,0,0
5821,0.121271,0,0
5822,0.121292,0,0
5823,0.121312,0,0
5824,0.121333,0,0
5825,0.121354,0,0
5826,0.121375,0,0
5827,0.121396,0,0
5828,0.121417,0,0
5829,0.121437,0,0
5830,0.121458,0,0
5831,0.121479,0,0
5832,0.1215,0,0
5833,0.121521,0,0
5834,0.121542,0,0
5835,0.121563,0,0
5836,0.121583,0,0
5837,0.121604,0,0
5838,0.121625,0,0
5839,0.121646,0,0
5840,0.121667,0,0
5841,0.121688,0,0
5842,0.121708,0,0
5843,0.121729,0,0
5844,0.12175,0,0
5845,0.121771,0,0
5846,0.121792,0,0
5847,0.121813,0,0
5848,0.121833,0,0
5849,0.121854,0,0
5850,0.121875,0,0
5851,0.121896,0,0
5852,0.121917,0,0
5853,0.121937,0,0
5854,0.121958,0,0
5855,0.121979,0,0
5856,0.122,0,0
5857,0.122021,0,0
5858,0.122042,0,0
5859,0.122062,0,0
5860,0.122083,0,0
5861,0.122104,0,0
5862,0.122125,0,0
5863,0.122146,0,0
5864,0.122167,0,0
5865,0.122188,0,0
5866,0.122208,0,0
5867,0.122229,0,0
5868,0.12225,0,0
5869,0.122271,0,0
5870,0.122292,0,0
5871,0.122313,0,0
5872,0.122333,0,0
5873,0.122354,0,0
5874,0.122375,0,0
5875,0.122396,0,0
5876,0.122417,0,0
5877,0.122437,0,0
5878,0.122458,0,0
5879,0.122479,0,0
5880,0.1225,0,0
5881,0.122521,0,0
5882,0.122542,0,0
5883,0.122562,0,0
5884,0.122583,0,0
5885,0.122604,0,0
5886,0.122625,0,0
5887,0.122646,0,0
5888,0.122667,0,0
5889,0.122688,0,0
5890,0.122708,0,0
5891,0.122729,0,0
5892,0.12275,0,0
5893,0.122771,0,0
5894,0.122792,0,0
5895,0.122813,0,0
5896,0.122833,0,0
5897,0.122854,0,0
5898,0.122875,0,0
5899,0.122896,0,0
5900,0.122917,0,0
5901,0.122938,0,0
5902,0.122958,0,0
5903,0.122979,0,0
5904,0.123,0,0
5905,0.123021,0,0
5906,0.123042,0,0
5907,0.123062,0,0
5908,0.123083,0,0
5909,0.123104,0,0
5910,0.123125,0,0
5911,0.123146,0,0
5912,0.123167,0,0
5913,0.123187,0,0
5914,0.123208,0,0
5915,0.123229,0,0
5916,0.12325,0,0
5917,0.123271,0,0
5918,0.123292,0,0
5919,0.123313,0,0
5920,0.123333,0,0
5921,0.123354,0,0
5922,0.123375,0,0
5923,0.123396,0,0
5924,0.123417,0,0
5925,0.123438,0,0
5926,0.123458,0,0
5927,0.123479,0,0
5928,0.1235,0,0
5929,0.123521,0,0
5930,0.123542,0,0
5931,0.123562,0,0
5932,0.123583,0,0
5933,0.123604,0,0
5934,0.123625,0,0
5935,0.123646,0,0
5936,0.123667,0,0
5937,0.123687,0,0
5938,0.123708,0,0
5939,0.123729,0,0
5940,0.12375,0,0
5941,0.123771,0,0
5942,0.123792,0,0
5943,0.123812,0,0
5944,0.123833,0,0
5945,0.123854,0,0
5946,0.123875,0,0
5947,0.123896,0,0
5948,0.123917,0,0
5949,0.123938,0,0
5950,0.123958,0,0
5951,0.123979,0,0
5952,0.124,0,0
5953,0.124021,0,0
5954,0.124042,0,0
5955,0.124063,0,0
5956,0.124083,0,0
5957,0.124104,0,0
5958,0.124125,0,0
5959,0.124146,0,0
5960,0.124167,0,0
5961,0.124187,0,0
5962,0.124208,0,0
5963,0.124229,0,0
5964,0.12425,0,0
5965,0.124271,0,0
5966,0.124292,0,0
5967,0.124312,0,0
5968,0.124333,0,0
5969,0.124354,0,0
5970,0.124375,0,0
5971,0.124396,0,0
5972,0.124417,0,0
5973,0.124438,0,0
5974,0.124458,0,0
5975,0.124479,0,0
5976,0.1245,0,0
5977,0.124521,0,0
5978,0.124542,0,0
5979,0.124563,0,0
5980,0.124583,0,0
5981,0.124604,0,0
5982,0.124625,0,0
5983,0.124646,0,0
5984,0.124667,0,0
5985,0.124688,0,0
5986,0.124708,0,0
5987,0.124729,0,0
5988,0.12475,0,0
5989,0.124771,0,0
5990,0.124792,0,0
5991,0.124812,0,0
5992,0.124833,0,0
5993,0.124854,0,0
5994,0.124875,0,0
5995,0.124896,0,0
5996,0.124917,0,0
5997,0.124937,0,0
5998,0.124958,0,0
5999,0.124979,0,0
6000,0.125,0,0
6001,0.125021,0,0
6002,0.125042,0,0
6003,0.125062,0,0
6004,0.125083,0,0
6005,0.125104,0,0
6006,0.125125,0,0
6007,0.125146,0,0
6008,0.125167,0,0
6009,0.125188,0,0
6010,0.125208,0,0
6011,0.125229,0,0
6012,0.12525,0,0
6013,0.125271,0,0
6014,0.125292,0,0
6015,0.125313,0,0
6016,0.125333,0,0
6017,0.125354,0,0
6018,0.125375,0,0
6019,0.125396,0,0
6020,0.125417,0,0
6021,0.125437,0,0
6022,0.125458,0,0
6023,0.125479,0,0
6024,0.1255,0,0
6025,0.125521,0,0
6026,0.125542,0,0
6027,0.125563,0,0
6028,0.125583,0,0
6029,0.125604,0,0
6030,0.125625,0,0
6031,0.125646,0,0
6032,0.125667,0,0
6033,0.125687,0,0
6034,0.125708,0,0
6035,0.125729,0,0
6036,0.12575,0,0
6037,0.125771,0,0
6038,0.125792,0,0
6039,0.125813,0,0
6040,0.125833,0,0
6041,0.125854,0,0
6042,0.125875,0,0
6043,0.125896,0,0
6044,0.125917,0,0
6045,0.125938,0,0
6046,0.125958,0,0
6047,0.125979,0,0
6048,0.126,0,0
6049,0.126021,0,0
6050,0.126042,0,0
6051,0.126062,0,0
6052,0.126083,0,0
6053,0.126104,0,0
6054,0.126125,0,0
6055,0.126146,0,0
6056,0.126167,0,0
6057,0.126188,0,0
6058,0.126208,0,0
6059,0.126229,0,0
6060,0.12625,0,0
6061,0.126271,0,0
6062,0.126292,0,0
6063,0.126312,0,0
6064,0.126333,0,0
6065,0.126354,0,0
6066,0.126375,0,0
6067,0.126396,0,0
6068,0.126417,0,0
6069,0.126438,0,0
6070,0.126458,0,0
6071,0.126479,0,0
6072,0.1265,0,0
6073,0.126521,0,0
6074,0.126542,0,0
6075,0.126563,0,0
6076,0.126583,0,0
6077,0.126604,0,0
6078,0.126625,0,0
6079,0.126646,0,0
6080,0.126667,0,0
6081,0.126687,0,0
6082,0.126708,0,0
6083,0.126729,0,0
6084,0.12675,0,0
6085,0.126771,0,0
6086,0.126792,0,0
6087,0.126813,0,0
6088,0.126833,0,0
6089,0.126854,0,0
6090,0.126875,0,0
6091,0.126896,0,0
6092,0.126917,0,0
6093,0.126937,0,0
6094,0.126958,0,0
6095,0.126979,0,0
6096,0.127,0,0
6097,0.127021,0,0
6098,0.127042,0,0
6099,0.127062,0,0
6100,0.127083,0,0
6101,0.127104,0,0
6102,0.127125,0,0
6103,0.127146,0,0
6104,0.127167,0,0
6105,0.127188,0,0
6106,0.127208,0,0
6107,0.127229,0,0
6108,0.12725,0,0
6109,0.127271,0,0
6110,0.127292,0,0
6111,0.127312,0,0
6112,0.127333,0,0
6113,0.127354,0,0
6114,0.127375,0,0
6115,0.127396,0,0
6116,0.127417,0,0
6117,0.127438,0,0
6118,0.127458,0,0
6119,0.127479,0,0
6120,0.1275,0,0
6121,0.127521,0,0
6122,0.127542,0,0
6123,0.127562,0,0
6124,0.127583,0,0
6125,0.127604,0,0
6126,0.127625,0,0
6127,0.127646,0,0
6128,0.127667,0,0
6129,0.127687,0,0
6130,0.127708,0,0
6131,0.127729,0,0
6132,0.12775,0,0
6133,0.127771,0,0
6134,0.127792,0,0
6135,0.127813,0,0
6136,0.127833,0,0
6137,0.127854,0,0
6138,0.127875,0,0
6139,0.127896,0,0
6140,0.127917,0,0
6141,0.127937,0,0
6142,0.127958,0,0
6143,0.127979,0,0
6144,0.128,0,0
6145,0.128021,0,0
6146,0.128042,0,0
6147,0.128063,0,0
6148,0.128083,0,0
6149,0.128104,0,0
6150,0.128125,0,0
6151,0.128146,0,0
6152,0.128167,0,0
6153,0.128188,0,0
6154,0.128208,0,0
6155,0.128229,0,0
6156,0.12825,0,0
6157,0.128271,0,0
6158,0.128292,0,0
6159,0.128312,0,0
6160,0.128333,0,0
6161,0.128354,0,0
6162,0.128375,0,0
6163,0.128396,0,0
6164,0.128417,0,0
6165,0.128438,0,0
6166,0.128458,0,0
6167,0.128479,0,0
6168,0.1285,0,0
6169,0.128521,0,0
6170,0.128542,0,0
6171,0.128562,0,0
6172,0.128583,0,0
6173,0.128604,0,0
6174,0.128625,0,0
6175,0.128646,0,0
6176,0.128667,0,0
6177,0.128688,0,0
6178,0.128708,0,0
6179,0.128729,0,0
6180,0.12875,0,0
6181,0.128771,0,0
6182,0.128792,0,0
6183,0.128813,0,0
6184,0.128833,0,0
6185,0.128854,0,0
6186,0.128875,0,0
6187,0.128896,0,0
6188,0.128917,0,0
6189,0.128937,0,0
6190,0.128958,0,0
6191,0.128979,0,0
6192,0.129,0,0
6193,0.129021,0,0
6194,0.129042,0,0
6195,0.129063,0,0
6196,0.129083,0,0
6197,0.129104,0,0
6198,0.129125,0,0
6199,0.129146,0,0
6200,0.129167,0,0
6201,0.129187,0,0
6202,0.129208,0,0
6203,0.129229,0,0
6204,0.12925,0,0
6205,0.129271,0,0
6206,0.129292,0,0
6207,0.129313,0,0
6208,0.129333,0,0
6209,0.129354,0,0
6210,0.129375,0,0
6211,0.129396,0,0
6212,0.129417,0,0
6213,0.129438,0,0
6214,0.129458,0,0
6215,0.129479,0,0
6216,0.1295,0,0
6217,0.129521,0,0
6218,0.129542,0,0
6219,0.129562,0,0
6220,0.129583,0,0
6221,0.129604,0,0
6222,0.129625,0,0
6223,0.129646,0,0
6224,0.129667,0,0
6225,0.129688,0,0
6226,0.129708,0,0
6227,0.129729,0,0
6228,0.12975,0,0
6229,0.129771,0,0
6230,0.129792,0,0
6231,0.129812,0,0
6232,0.129833,0,0
6233,0.129854,0,0
6234,0.129875,0,0
6235,0.129896,0,0
6236,0.129917,0,0
6237,0.129937,0,0
6238,0.129958,0,0
6239,0.129979,0,0
6240,0.13,0,0
6241,0.130021,0,0
6242,0.130042,0,0
6243,0.130063,0,0
6244,0.130083,0,0
6245,0.130104,0,0
6246,0.130125,0,0
6247,0.130146,0,0
6248,0.130167,0,0
6249,0.130187,0,0
6250,0.130208,0,0
6251,0.130229,0,0
6252,0.13025,0,0
6253,0.130271,0,0
6254,0.130292,0,0
6255,0.130313,0,0
6256,0.130333,0,0
6257,0.130354,0,0
6258,0.130375,0,0
6259,0.130396,0,0
6260,0.130417,0,0
6261,0.130437,0,0
6262,0.130458,0,0
6263,0.130479,0,0
6264,0.1305,0,0
6265,0.130521,0,0
6266,0.130542,0,0
6267,0.130562,0,0
6268,0.130583,0,0
6269,0.130604,0,0
6270,0.130625,0,0
6271,0.130646,0,0
6272,0.130667,0,0
6273,0.130688,0,0
6274,0.130708,0,0
6275,0.130729,0,0
6276,0.13075,0,0
6277,0.130771,0,0
6278,0.130792,0,0
6279,0.130812,0,0
6280,0.130833,0,0
6281,0.130854,0,0
6282,0.130875,0,0
6283,0.130896,0,0
6284,0.130917,0,0
6285,0.130938,0,0
6286,0.130958,0,0
6287,0.130979,0,0
6288,0.131,0,0
6289,0.131021,0,0
6290,0.131042,0,0
6291,0.131062,0,0
6292,0.131083,0,0
6293,0.131104,0,0
6294,0.131125,0,0
6295,0.131146,0,0
6296,0.131167,0,0
6297,0.131187,0,0
6298,0.131208,0,0
6299,0.131229,0,0
6300,0.13125,0,0
6301,0.131271,0,0
6302,0.131292,0,0
6303,0.131313,0,0
6304,0.131333,0,0
6305,0.131354,0,0
6306,0.131375,0,0
6307,0.131396,0,0
6308,0.131417,0,0
6309,0.131437,0,0
6310,0.131458,0,0
6311,0.131479,0,0
6312,0.1315,0,0
6313,0.131521,0,0
6314,0.131542,0,0
6315,0.131563,0,0
6316,0.131583,0,0
6317,0.131604,0,0
6318,0.131625,0,0
6319,0.131646,0,0
6320,0.131667,0,0
6321,0.131688,0,0
6322,0.131708,0,0
6323,0.131729,0,0
6324,0.13175,0,0
6325,0.131771,0,0
6326,0.131792,0,0
6327,0.131812,0,0
6328,0.131833,0,0
6329,0.131854,0,0
6330,0.131875,0,0
6331,0.131896,0,0
6332,0.131917,0,0
6333,0.131938,0,0
6334,0.131958,0,0
6335,0.131979,0,0
6336,0.132,0,0
6337,0.132021,0,0
6338,0.132042,0,0
6339,0.132062,0,0
6340,0.132083,0,0
6341,0.132104,0,0
6342,0.132125,0,0
6343,0.132146,0,0
6344,0.132167,0,0
6345,0.132188,0,0
6346,0.132208,0,0
6347,0.132229,0,0
6348,0.13225,0,0
6349,0.132271,0,0
6350,0.132292,0,0
6351,0.132313,0,0
6352,0.132333,0,0
6353,0.132354,0,0
6354,0.132375,0,0
6355,0.132396,0,0
6356,0.132417,0,0
6357,0.132437,0,0
6358,0.132458,0,0
6359,0.132479,0,0
6360,0.1325,0,0
6361,0.132521,0,0
6362,0.132542,0,0
6363,0.132563,0,0
6364,0.132583,0,0
6365,0.132604,0,0
6366,0.132625,0,0
6367,0.132646,0,0
6368,0.132667,0,0
6369,0.132687,0,0
6370,0.132708,0,0
6371,0.132729,0,0
6372,0.13275,0,0
6373,0.132771,0,0
6374,0.132792,0,0
6375,0.132812,0,0
6376,0.132833,0,0
6377,0.132854,0,0
6378,0.132875,0,0
6379,0.132896,0,0
6380,0.132917,0,0
6381,0.132938,0,0
6382,0.132958,0,0
6383,0.132979,0,0
6384,0.133,0,0
6385,0.133021,0,0
6386,0.133042,0,0
6387,0.133062,0,0
6388,0.133083,0,0
6389,0.133104,0,0
6390,0.133125,0,0
6391,0.133146,0,0
6392,0.133167,0,0
6393,0.133188,0,0
6394,0.133208,0,0
6395,0.133229,0,0
6396,0.13325,0,0
6397,0.133271,0,0
6398,0.133292,0,0
6399,0.133312,0,0
6400,0.133333,0,0
6401,0.133354,0,0
6402,0.133375,0,0
6403,0.133396,0,0
6404,0.133417,0,0
6405,0.133437,0,0
6406,0.133458,0,0
6407,0.133479,0,0
6408,0.1335,0,0
6409,0.133521,0,0
6410,0.133542,0,0
6411,0.133563,0,0
6412,0.133583,0,0
6413,0.133604,0,0
6414,0.133625,0,0
6415,0.133646,0,0
6416,0.133667,0,0
6417,0.133687,0,0
6418,0.133708,0,0
6419,0.133729,0,0
6420,0.13375,0,0
6421,0.133771,0,0
6422,0.133792,0,0
6423,0.133813,0,0
6424,0.133833,0,0
6425,0.133854,0,0
6426,0.133875,0,0
6427,0.133896,0,0
6428,0.133917,0,0
6429,0.133937,0,0
6430,0.133958,0,0
6431,0.133979,0,0
6432,0.134,0,0
6433,0.134021,0,0
6434,0.134042,0,0
6435,0.134062,0,0
6436,0.134083,0,0
6437,0.134104,0,0
6438,0.134125,0,0
6439,0.134146,0,0
6440,0.134167,0,0
6441,0.134188,0,0
6442,0.134208,0,0
6443,0.134229,0,0
6444,0.13425,0,0
6445,0.134271,0,0
6446,0.134292,0,0
6447,0.134312,0,0
6448,0.134333,0,0
6449,0.134354,0,0
6450,0.134375,0,0
6451,0.134396,0,0
6452,0.134417,0,0
6453,0.134438,0,0
6454,0.134458,0,0
6455,0.134479,0,0
6456,0.1345,0,0
6457,0.134521,0,0
6458,0.134542,0,0
6459,0.134563,0,0
6460,0.134583,0,0
6461,0.134604,0,0
6462,0.134625,0,0
6463,0.134646,0,0
6464,0.134667,0,0
6465,0.134687,0,0
6466,0.134708,0,0
6467,0.134729,0,0
6468,0.13475,0,0
6469,0.134771,0,0
6470,0.134792,0,0
6471,0.134813,0,0
6472,0.134833,0,0
6473,0.134854,0,0
6474,0.134875,0,0
6475,0.134896,0,0
6476,0.134917,0,0
6477,0.134937,0,0
6478,0.134958,0,0
6479,0.134979,0,0
6480,0.135,0,0
6481,0.135021,0,0
6482,0.135042,0,0
6483,0.135063,0,0
6484,0.135083,0,0
6485,0.135104,0,0
6486,0.135125,0,0
6487,0.135146,0,0
6488,0.135167,0,0
6489,0.135188,0,0
6490,0.135208,0,0
6491,0.135229,0,0
6492,0.13525,0,0
6493,0.135271,0,0
6494,0.135292,0,0
6495,0.135312,0,0
6496,0.135333,0,0
6497,0.135354,0,0
6498,0.135375,0,0
6499,0.135396,0,0
6500,0.135417,0,0
6501,0.135438,0,0
6502,0.135458,0,0
6503,0.135479,0,0
6504,0.1355,0,0
6505,0.135521,0,0
6506,0.135542,0,0
6507,0.135562,0,0
6508,0.135583,0,0
6509,0.135604,0,0
6510,0.135625,0,0
6511,0.135646,0,0
6512,0.135667,0,0
6513,0.135688,0,0
6514,0.135708,0,0
6515,0.135729,0,0
6516,0.13575,0,0
6517,0.135771,0,0
6518,0.135792,0,0
6519,0.135813,0,0
6520,0.135833,0,0
6521,0.135854,0,0
6522,0.135875,0,0
6523,0.135896,0,0
6524,0.135917,0,0
6525,0.135937,0,0
6526,0.135958,0,0
6527,0.135979,0,0
6528,0.136,0,0
6529,0.136021,0,0
6530,0.136042,0,0
6531,0.136063,0,0
6532,0.136083,0,0
6533,0.136104,0,0
6534,0.136125,0,0
6535,0.136146,0,0
6536,0.136167,0,0
6537,0.136187,0,0
6538,0.136208,0,0
6539,0.136229,0,0
6540,0.13625,0,0
6541,0.136271,0,0
6542,0.136292,0,0
6543,0.136312,0,0
6544,0.136333,0,0
6545,0.136354,0,0
6546,0.136375,0,0
6547,0.136396,0,0
6548,0.136417,0,0
6549,0.136438,0,0
6550,0.136458,0,0
6551,0.136479,0,0
6552,0.1365,0,0
6553,0.136521,0,0
6554,0.136542,0,0
6555,0.136562,0,0
6556,0.136583,0,0
6557,0.136604,0,0
6558,0.136625,0,0
6559,0.136646,0,0
6560,0.136667,0,0
6561,0.136688,0,0
6562,0.136708,0,0
6563,0.136729,0,0
6564,0.13675,0,0
6565,0.136771,0,0
6566,0.136792,0,0
6567,0.136812,0,0
6568,0.136833,0,0
6569,0.136854,0,0
6570,0.136875,0,0
6571,0.136896,0,0
6572,0.136917,0,0
6573,0.136937,0,0
6574,0.136958,0,0
6575,0.136979,0,0
6576,0.137,0,0
6577,0.137021,0,0
6578,0.137042,0,0
6579,0.137063,0,0
6580,0.137083,0,0
6581,0.137104,0,0
6582,0.137125,0,0
6583,0.137146,0,0
6584,0.137167,0,0
6585,0.137187,0,0
6586,0.137208,0,0
6587,0.137229,0,0
6588,0.13725,0,0
6589,0.137271,0,0
6590,0.137292,0,0
6591,0.137313,0,0
6592,0.137333,0,0
6593,0.137354,0,0
6594,0.137375,0,0
6595,0.137396,0,0
6596,0.137417,0,0
6597,0.137437,0,0
6598,0.137458,0,0
6599,0.137479,0,0
6600,0.1375,0,0
6601,0.137521,0,0
6602,0.137542,0,0
6603,0.137562,0,0
6604,0.137583,0,0
6605,0.137604,0,0
6606,0.137625,0,0
6607,0.137646,0,0
6608,0.137667,0,0
6609,0.137688,0,0
6610,0.137708,0,0
6611,0.137729,0,0
6612,0.13775,0,0
6613,0.137771,0,0
6614,0.137792,0,0
6615,0.137812,0,0
6616,0.137833,0,0
6617,0.137854,0,0
6618,0.137875,0,0
6619,0.137896,0,0
6620,0.137917,0,0
6621,0.137938,0,0
6622,0.137958,0,0
6623,0.137979,0,0
6624,0.138,0,0
6625,0.138021,0,0
6626,0.138042,0,0
6627,0.138063,0,0
6628,0.138083,0,0
6629,0.138104,0,0
6630,0.138125,0,0
6631,0.138146,0,0
6632,0.138167,0,0
6633,0.138187,0,0
6634,0.138208,0,0
6635,0.138229,0,0
6636,0.13825,0,0
6637,0.138271,0,0
6638,0.138292,0,0
6639,0.138313,0,0
6640,0.138333,0,0
6641,0.138354,0,0
6642,0.138375,0,0
6643,0.138396,0,0
6644,0.138417,0,0
6645,0.138437,0,0
6646,0.138458,0,0
6647,0.138479,0,0
6648,0.1385,0,0
6649,0.138521,0,0
6650,0.138542,0,0
6651,0.138563,0,0
6652,0.138583,0,0
6653,0.138604,0,0
6654,0.138625,0,0
6655,0.138646,0,0
6656,0.138667,0,0
6657,0.138688,0,0
6658,0.138708,0,0
6659,0.138729,0,0
6660,0.13875,0,0
6661,0.138771,0,0
6662,0.138792,0,0
6663,0.138812,0,0
6664,0.138833,0,0
6665,0.138854,0,0
6666,0.138875,0,0
6667,0.138896,0,0
6668,0.138917,0,0
6669,0.138938,0,0
6670,0.138958,0,0
6671,0.138979,0,0
6672,0.139,0,0
6673,0.139021,0,0
6674,0.139042,0,0
6675,0.139062,0,0
6676,0.139083,0,0
6677,0.139104,0,0
6678,0.139125,0,0
6679,0.139146,0,0
6680,0.139167,0,0
6681,0.139187,0,0
6682,0.139208,0,0
6683,0.139229,0,0
6684,0.13925,0,0
6685,0.139271,0,0
6686,0.139292,0,0
6687,0.139313,0,0
6688,0.139333,0,0
6689,0.139354,0,0
6690,0.139375,0,0
6691,0.139396,0,0
6692,0.139417,0,0
6693,0.139437,0,0
6694,0.139458,0,0
6695,0.139479,0,0
6696,0.1395,0,0
6697,0.139521,0,0
6698,0.139542,0,0
6699,0.139563,0,0
6700,0.139583,0,0
6701,0.139604,0,0
6702,0.139625,0,0
6703,0.139646,0,0
6704,0.139667,0,0
6705,0.139687,0,0
6706,0.139708,0,0
6707,0.139729,0,0
6708,0.13975,0,0
6709,0.139771,0,0
6710,0.139792,0,0
6711,0.139812,0,0
6712,0.139833,0,0
6713,0.139854,0,0
6714,0.139875,0,0
6715,0.139896,0,0
6716,0.139917,0,0
6717,0.139938,0,0
6718,0.139958,0,0
6719,0.139979,0,0
6720,0.14,0,0
6721,0.140021,0,0
6722,0.140042,0,0
6723,0.140062,0,0
6724,0.140083,0,0
6725,0.140104,0,0
6726,0.140125,0,0
6727,0.140146,0,0
6728,0.140167,0,0
6729,0.140188,0,0
6730,0.140208,0,0
6731,0.140229,0,0
6732,0.14025,0,0
6733,0.140271,0,0
6734,0.140292,0,0
6735,0.140312,0,0
6736,0.140333,0,0
6737,0.140354,0,0
6738,0.140375,0,0
6739,0.140396,0,0
6740,0.140417,0,0
6741,0.140437,0,0
6742,0.140458,0,0
6743,0.140479,0,0
6744,0.1405,0,0
6745,0.140521,0,0
6746,0.140542,0,0
6747,0.140563,0,0
6748,0.140583,0,0
6749,0.140604,0,0
6750,0.140625,0,0
6751,0.140646,0,0
6752,0.140667,0,0
6753,0.140687,0,0
6754,0.140708,0,0
6755,0.140729,0,0
6756,0.14075,0,0
6757,0.140771,0,0
6758,0.140792,0,0
6759,0.140813,0,0
6760,0.140833,0,0
6761,0.140854,0,0
6762,0.140875,0,0
6763,0.140896,0,0
6764,0.140917,0,0
6765,0.140938,0,0
6766,0.140958,0,0
6767,0.140979,0,0
6768,0.141,0,0
6769,0.141021,0,0
6770,0.141042,0,0
6771,0.141062,0,0
6772,0.141083,0,0
6773,0.141104,0,0
6774,0.141125,0,0
6775,0.141146,0,0
6776,0.141167,0,0
6777,0.141188,0,0
6778,0.141208,0,0
6779,0.141229,0,0
6780,0.14125,0,0
6781,0.141271,0,0
6782,0.141292,0,0
6783,0.141312,0,0
6784,0.141333,0,0
6785,0.141354,0,0
6786,0.141375,0,0
6787,0.141396,0,0
6788,0.141417,0,0
6789,0.141438,0,0
6790,0.141458,0,0
6791,0.141479,0,0
6792,0.1415,0,0
6793,0.141521,0,0
6794,0.141542,0,0
6795,0.141563,0,0
6796,0.141583,0,0
6797,0.141604,0,0
6798,0.141625,0,0
6799,0.141646,0,0
6800,0.141667,0,0
6801,0.141687,0,0
6802,0.141708,0,0
6803,0.141729,0,0
6804,0.14175,0,0
6805,0.141771,0,0
6806,0.141792,0,0
6807,0.141813,0,0
6808,0.141833,0,0
6809,0.141854,0,0
6810,0.141875,0,0
6811,0.141896,0,0
6812,0.141917,0,0
6813,0.141937,0,0
6814,0.141958,0,0
6815,0.141979,0,0
6816,0.142,0,0
6817,0.142021,0,0
6818,0.142042,0,0
6819,0.142063,0,0
6820,0.142083,0,0
6821,0.142104,0,0
6822,0.142125,0,0
6823,0.142146,0,0
6824,0.142167,0,0
6825,0.142188,0,0
6826,0.142208,0,0
6827,0.142229,0,0
6828,0.14225,0,0
6829,0.142271,0,0
6830,0.142292,0,0
6831,0.142312,0,0
6832,0.142333,0,0
6833,0.142354,0,0
6834,0.142375,0,0
6835,0.142396,0,0
6836,0.142417,0,0
6837,0.142438,0,0
6838,0.142458,0,0
6839,0.142479,0,0
6840,0.1425,0,0
6841,0.142521,0,0
6842,0.142542,0,0
6843,0.142562,0,0
6844,0.142583,0,0
6845,0.142604,0,0
6846,0.142625,0,0
6847,0.142646,0,0
6848,0.142667,0,0
6849,0.142687,0,0
6850,0.142708,0,0
6851,0.142729,0,0
6852,0.14275,0,0
6853,0.142771,0,0
6854,0.142792,0,0
6855,0.142813,0,0
6856,0.142833,0,0
6857,0.142854,0,0
6858,0.142875,0,0
6859,0.142896,0,0
6860,0.142917,0,0
6861,0.142937,0,0
6862,0.142958,0,0
6863,0.142979,0,0
6864,0.143,0,0
6865,0.143021,0,0
6866,0.143042,0,0
6867,0.143063,0,0
6868,0.143083,0,0
6869,0.143104,0,0
6870,0.143125,0,0
6871,0.143146,0,0
6872,0.143167,0,0
6873,0.143187,0,0
6874,0.143208,0,0
6875,0.143229,0,0
6876,0.14325,0,0
6877,0.143271,0,0
6878,0.143292,0,0
6879,0.143312,0,0
6880,0.143333,0,0
6881,0.143354,0,0
6882,0.143375,0,0
6883,0.143396,0,0
6884,0.143417,0,0
6885,0.143438,0,0
6886,0.143458,0,0
6887,0.143479,0,0
6888,0.1435,0,0
6889,0.143521,0,0
6890,0.143542,0,0
6891,0.143562,0,0
6892,0.143583,0,0
6893,0.143604,0,0
6894,0.143625,0,0
6895,0.143646,0,0
6896,0.143667,0,0
6897,0.143688,0,0
6898,0.143708,0,0
6899,0.143729,0,0
6900,0.14375,0,0
6901,0.143771,0,0
6902,0.143792,0,0
6903,0.143813,0,0
6904,0.143833,0,0
6905,0.143854,0,0
6906,0.143875,0,0
6907,0.143896,0,0
6908,0.143917,0,0
6909,0.143937,0,0
6910,0.143958,0,0
6911,0.143979,0,0
6912,0.144,0,0
6913,0.144021,0,0
6914,0.144042,0,0
6915,0.144063,0,0
6916,0.144083,0,0
6917,0.144104,0,0
6918,0.144125,0,0
6919,0.144146,0,0
6920,0.144167,0,0
6921,0.144187,0,0
6922,0.144208,0,0
6923,0.144229,0,0
6924,0.14425,0,0
6925,0.144271,0,0
6926,0.144292,0,0
6927,0.144313,0,0
6928,0.144333,0,0
6929,0.144354,0,0
6930,0.144375,0,0
6931,0.144396,0,0
6932,0.144417,0,0
6933,0.144438,0,0
6934,0.144458,0,0
6935,0.144479,0,0
6936,0.1445,0,0
6937,0.144521,0,0
6938,0.144542,0,0
6939,0.144562,0,0
6940,0.144583,0,0
6941,0.144604,0,0
6942,0.144625,0,0
6943,0.144646,0,0
6944,0.144667,0,0
6945,0.144688,0,0
6946,0.144708,0,0
6947,0.144729,0,0
6948,0.14475,0,0
6949,0.144771,0,0
6950,0.144792,0,0
6951,0.144812,0,0
6952,0.144833,0,0
6953,0.144854,0,0
6954,0.144875,0,0
6955,0.144896,0,0
6956,0.144917,0,0
6957,0.144938,0,0
6958,0.144958,0,0
6959,0.144979,0,0
6960,0.145,0,0
6961,0.145021,0,0
6962,0.145042,0,0
6963,0.145063,0,0
6964,0.145083,0,0
6965,0.145104,0,0
6966,0.145125,0,0
6967,0.145146,0,0
6968,0.145167,0,0
6969,0.145187,0,0
6970,0.145208,0,0
6971,0.145229,0,0
6972,0.14525,0,0
6973,0.145271,0,0
6974,0.145292,0,0
6975,0.145313,0,0
6976,0.145333,0,0
6977,0.145354,0,0
6978,0.145375,0,0
6979,0.145396,0,0
6980,0.145417,0,0
6981,0.145437,0,0
6982,0.145458,0,0
6983,0.145479,0,0
6984,0.1455,0,0
6985,0.145521,0,0
6986,0.145542,0,0
6987,0.145562,0,0
6988,0.145583,0,0
6989,0.145604,0,0
6990,0.145625,0,0
6991,0.145646,0,0
6992,0.145667,0,0
6993,0.145688,0,0
6994,0.145708,0,0
6995,0.145729,0,0
6996,0.14575,0,0
6997,0.145771,0,0
6998,0.145792,0,0
6999,0.145812,0,0
7000,0.145833,0,0
7001,0.145854,0,0
7002,0.145875,0,0
7003,0.145896,0,0
7004,0.145917,0,0
7005,0.145938,0,0
7006,0.145958,0,0
7007,0.145979,0,0
7008,0.146,0,0
7009,0.146021,0,0
7010,0.146042,0,0
7011,0.146062,0,0
7012,0.146083,0,0
7013,0.146104,0,0
7014,0.146125,0,0
7015,0.146146,0,0
7016,0.146167,0,0
7017,0.146187,0,0
7018,0.146208,0,0
7019,0.146229,0,0
7020,0.14625,0,0
7021,0.146271,0,0
7022,0.146292,0,0
7023,0.146313,0,0
7024,0.146333,0,0
7025,0.146354,0,0
7026,0.146375,0,0
7027,0.146396,0,0
7028,0.146417,0,0
7029,0.146437,0,0
7030,0.146458,0,0
7031,0.146479,0,0
7032,0.1465,0,0
7033,0.146521,0,0
7034,0.146542,0,0
7035,0.146563,0,0
7036,0.146583,0,0
7037,0.146604,0,0
7038,0.146625,0,0
7039,0.146646,0,0
7040,0.146667,0,0
7041,0.146687,0,0
7042,0.146708,0,0
7043,0.146729,0,0
7044,0.14675,0,0
7045,0.146771,0,0
7046,0.146792,0,0
7047,0.146812,0,0
7048,0.146833,0,0
7049,0.146854,0,0
7050,0.146875,0,0
7051,0.146896,0,0
7052,0.146917,0,0
7053,0.146938,0,0
7054,0.146958,0,0
7055,0.146979,0,0
7056,0.147,0,0
7057,0.147021,0,0
7058,0.147042,0,0
7059,0.147062,0,0
7060,0.147083,0,0
7061,0.147104,0,0
7062,0.147125,0,0
7063,0.147146,0,0
7064,0.147167,0,0
7065,0.147188,0,0
7066,0.147208,0,0
7067,0.147229,0,0
7068,0.14725,0,0
7069,0.147271,0,0
7070,0.147292,0,0
7071,0.147313,0,0
7072,0.147333,0,0
7073,0.147354,0,0
7074,0.147375,0,0
7075,0.147396,0,0
7076,0.147417,0,0
7077,0.147437,0,0
7078,0.147458,0,0
7079,0.147479,0,0
7080,0.1475,0,0
7081,0.147521,0,0
7082,0.147542,0,0
7083,0.147563,0,0
7084,0.147583,0,0
7085,0.147604,0,0
7086,0.147625,0,0
7087,0.147646,0,0
7088,0.147667,0,0
7089,0.147687,0,0
7090,0.147708,0,0
7091,0.147729,0,0
7092,0.14775,0,0
7093,0.147771,0,0
7094,0.147792,0,0
7095,0.147813,0,0
7096,0.147833,0,0
7097,0.147854,0,0
7098,0.147875,0,0
7099,0.147896,0,0
7100,0.147917,0,0
7101,0.147938,0,0
7102,0.147958,0,0
7103,0.147979,0,0
7104,0.148,0,0
7105,0.148021,0,0
7106,0.148042,0,0
7107,0.148062,0,0
7108,0.148083,0,0
7109,0.148104,0,0
7110,0.148125,0,0
7111,0.148146,0,0
7112,0.148167,0,0
7113,0.148188,0,0
7114,0.148208,0,0
7115,0.148229,0,0
7116,0.14825,0,0
7117,0.148271,0,0
7118,0.148292,0,0
7119,0.148312,0,0
7120,0.148333,0,0
7121,0.148354,0,0
7122,0.148375,0,0
7123,0.148396,0,0
7124,0.148417,0,0
7125,0.148438,0,0
7126,0.148458,0,0
7127,0.148479,0,0
7128,0.1485,0,0
7129,0.148521,0,0
7130,0.148542,0,0
7131,0.148563,0,0
7132,0.148583,0,0
7133,0.148604,0,0
7134,0.148625,0,0
7135,0.148646,0,0
7136,0.148667,0,0
7137,0.148687,0,0
7138,0.148708,0,0
7139,0.148729,0,0
7140,0.14875,0,0
7141,0.148771,0,0
7142,0.148792,0,0
7143,0.148813,0,0
7144,0.148833,0,0
7145,0.148854,0,0
7146,0.148875,0,0
7147,0.148896,0,0
7148,0.148917,0,0
7149,0.148937,0,0
7150,0.148958,0,0
7151,0.148979,0,0
7152,0.149,0,0
7153,0.149021,0,0
7154,0.149042,0,0
7155,0.149062,0,0
7156,0.149083,0,0
7157,0.149104,0,0
7158,0.149125,0,0
7159,0.149146,0,0
7160,0.149167,0,0
7161,0.149188,0,0
7162,0.149208,0,0
7163,0.149229,0,0
7164,0.14925,0,0
7165,0.149271,0,0
7166,0.149292,0,0
7167,0.149312,0,0
7168,0.149333,0,0
7169,0.149354,0,0
7170,0.149375,0,0
7171,0.149396,0,0
7172,0.149417,0,0
7173,0.149438,0,0
7174,0.149458,0,0
7175,0.149479,0,0
7176,0.1495,0,0
7177,0.149521,0,0
7178,0.149542,0,0
7179,0.149562,0,0
7180,0.149583,0,0
7181,0.149604,0,0
7182,0.149625,0,0
7183,0.149646,0,0
7184,0.149667,0,0
7185,0.149687,0,0
7186,0.149708,0,0
7187,0.149729,0,0
7188,0.14975,0,0
7189,0.149771,0,0
7190,0.149792,0,0
7191,0.149813,0,0
7192,0.149833,0,0
7193,0.149854,0,0
7194,0.149875,0,0
7195,0.149896,0,0
7196,0.149917,0,0
7197,0.149937,0,0
7198,0.149958,0,0
7199,0.149979,0,0
7200,0.15,0,0
7201,0.150021,0,0
7202,0.150042,0,0
7203,0.150063,0,0
7204,0.150083,0,0
7205,0.150104,0,0
7206,0.150125,0,0
7207,0.150146,0,0
7208,0.150167,0,0
7209,0.150188,0,0
7210,0.150208,0,0
7211,0.150229,0,0
7212,0.15025,0,0
7213,0.150271,0,0
7214,0.150292,0,0
7215,0.150312,0,0
7216,0.150333,0,0
7217,0.150354,0,0
7218,0.150375,0,0
7219,0.150396,0,0
7220,0.150417,0,0
7221,0.150438,0,0
7222,0.150458,0,0
7223,0.150479,0,0
7224,0.1505,0,0
7225,0.150521,0,0
7226,0.150542,0,0
7227,0.150562,0,0
7228,0.150583,0,0
7229,0.150604,0,0
7230,0.150625,0,0
7231,0.150646,0,0
7232,0.150667,0,0
7233,0.150688,0,0
7234,0.150708,0,0
7235,0.150729,0,0
7236,0.15075,0,0
7237,0.150771,0,0
7238,0.150792,0,0
7239,0.150813,0,0
7240,0.150833,0,0
7241,0.150854,0,0
7242,0.150875,0,0
7243,0.150896,0,0
7244,0.150917,0,0
7245,0.150937,0,0
7246,0.150958,0,0
7247,0.150979,0,0
7248,0.151,0,0
7249,0.151021,0,0
7250,0.151042,0,0
7251,0.151063,0,0
7252,0.151083,0,0
7253,0.151104,0,0
7254,0.151125,0,0
7255,0.151146,0,0
7256,0.151167,0,0
7257,0.151187,0,0
7258,0.151208,0,0
7259,0.151229,0,0
7260,0.15125,0,0
7261,0.151271,0,0
7262,0.151292,0,0
7263,0.151313,0,0
7264,0.151333,0,0
7265,0.151354,0,0
7266,0.151375,0,0
7267,0.151396,0,0
7268,0.151417,0,0
7269,0.151438,0,0
7270,0.151458,0,0
7271,0.151479,0,0
7272,0.1515,0,0
7273,0.151521,0,0
7274,0.151542,0,0
7275,0.151562,0,0
7276,0.151583,0,0
7277,0.151604,0,0
7278,0.151625,0,0
7279,0.151646,0,0
7280,0.151667,0,0
7281,0.151688,0,0
7282,0.151708,0,0
7283,0.151729,0,0
7284,0.15175,0,0
7285,0.151771,0,0
7286,0.151792,0,0
7287,0.151812,0,0
7288,0.151833,0,0
7289,0.151854,0,0
7290,0.151875,0,0
7291,0.151896,0,0
7292,0.151917,0,0
7293,0.151937,0,0
7294,0.151958,0,0
7295,0.151979,0,0
7296,0.152,0,0
7297,0.152021,0,0
7298,0.152042,0,0
7299,0.152063,0,0
7300,0.152083,0,0
7301,0.152104,0,0
7302,0.152125,0,0
7303,0.152146,0,0
7304,0.152167,0,0
7305,0.152187,0,0
7306,0.152208,0,0
7307,0.152229,0,0
7308,0.15225,0,0
7309,0.152271,0,0
7310,0.152292,0,0
7311,0.152313,0,0
7312,0.152333,0,0
7313,0.152354,0,0
7314,0.152375,0,0
7315,0.152396,0,0
7316,0.152417,0,0
7317,0.152437,0,0
7318,0.152458,0,0
7319,0.152479,0,0
7320,0.1525,0,0
7321,0.152521,0,0
7322,0.152542,0,0
7323,0.152562,0,0
7324,0.152583,0,0
7325,0.152604,0,0
7326,0.152625,0,0
7327,0.152646,0,0
7328,0.152667,0,0
7329,0.152688,0,0
7330,0.152708,0,0
7331,0.152729,0,0
7332,0.15275,0,0
7333,0.152771,0,0
7334,0.152792,0,0
7335,0.152812,0,0
7336,0.152833,0,0
7337,0.152854,0,0
7338,0.152875,0,0
7339,0.152896,0,0
7340,0.152917,0,0
7341,0.152938,0,0
7342,0.152958,0,0
7343,0.152979,0,0
7344,0.153,0,0
7345,0.153021,0,0
7346,0.153042,0,0
7347,0.153062,0,0
7348,0.153083,0,0
7349,0.153104,0,0
7350,0.153125,0,0
7351,0.153146,0,0
7352,0.153167,0,0
7353,0.153187,0,0
7354,0.153208,0,0
7355,0.153229,0,0
7356,0.15325,0,0
7357,0.153271,0,0
7358,0.153292,0,0
7359,0.153313,0,0
7360,0.153333,0,0
7361,0.153354,0,0
7362,0.153375,0,0
7363,0.153396,0,0
7364,0.153417,0,0
7365,0.153437,0,0
7366,0.153458,0,0
7367,0.153479,0,0
7368,0.1535,0,0
7369,0.153521,0,0
7370,0.153542,0,0
7371,0.153563,0,0
7372,0.153583,0,0
7373,0.153604,0,0
7374,0.153625,0,0
7375,0.153646,0,0
7376,0.153667,0,0
7377,0.153688,0,0
7378,0.153708,0,0
7379,0.153729,0,0
7380,0.15375,0,0
7381,0.153771,0,0
7382,0.153792,0,0
7383,0.153812,0,0
7384,0.153833,0,0
7385,0.153854,0,0
7386,0.153875,0,0
7387,0.153896,0,0
7388,0.153917,0,0
7389,0.153938,0,0
7390,0.153958,0,0
7391,0.153979,0,0
7392,0.154,0,0
7393,0.154021,0,0
7394,0.154042,0,0
7395,0.154062,0,0
7396,0.154083,0,0
7397,0.154104,0,0
7398,0.154125,0,0
7399,0.154146,0,0
7400,0.154167,0,0
7401,0.154188,0,0
7402,0.154208,0,0
7403,0.154229,0,0
7404,0.15425,0,0
7405,0.154271,0,0
7406,0.154292,0,0
7407,0.154313,0,0
7408,0.154333,0,0
7409,0.154354,0,0
7410,0.154375,0,0
7411,0.154396,0,0
7412,0.154417,0,0
7413,0.154437,0,0
7414,0.154458,0,0
7415,0.154479,0,0
7416,0.1545,0,0
7417,0.154521,0,0
7418,0.154542,0,0
7419,0.154563,0,0
7420,0.154583,0,0
7421,0.154604,0,0
7422,0.154625,0,0
7423,0.154646,0,0
7424,0.154667,0,0
7425,0.154687,0,0
7426,0.154708,0,0
7427,0.154729,0,0
7428,0.15475,0,0
7429,0.154771,0,0
7430,0.154792,0,0
7431,0.154812,0,0
7432,0.154833,0,0
7433,0.154854,0,0
7434,0.154875,0,0
7435,0.154896,0,0
7436,0.154917,0,0
7437,0.154938,0,0
7438,0.154958,0,0
7439,0.154979,0,0
7440,0.155,0,0
7441,0.155021,0,0
7442,0.155042,0,0
7443,0.155062,0,0
7444,0.155083,0,0
7445,0.155104,0,0
7446,0.155125,0,0
7447,0.155146,0,0
7448,0.155167,0,0
7449,0.155188,0,0
7450,0.155208,0,0
7451,0.155229,0,0
7452,0.15525,0,0
7453,0.155271,0,0
7454,0.155292,0,0
7455,0.155312,0,0
7456,0.155333,0,0
7457,0.155354,0,0
7458,0.155375,0,0
7459,0.155396,0,0
7460,0.155417,0,0
7461,0.155437,0,0
7462,0.155458,0,0
7463,0.155479,0,0
7464,0.1555,0,0
7465,0.155521,0,0
7466,0.155542,0,0
7467,0.155563,0,0
7468,0.155583,0,0
7469,0.155604,0,0
7470,0.155625,0,0
7471,0.155646,0,0
7472,0.155667,0,0
7473,0.155687,0,0
7474,0.155708,0,0
7475,0.155729,0,0
7476,0.15575,0,0
7477,0.155771,0,0
7478,0.155792,0,0
7479,0.155813,0,0
7480,0.155833,0,0
7481,0.155854,0,0
7482,0.155875,0,0
7483,0.155896,0,0
7484,0.155917,0,0
7485,0.155937,0,0
7486,0.155958,0,0
7487,0.155979,0,0
7488,0.156,0,0
7489,0.156021,0,0
7490,0.156042,0,0
7491,0.156062,0,0
7492,0.156083,0,0
7493,0.156104,0,0
7494,0.156125,0,0
7495,0.156146,0,0
7496,0.156167,0,0
7497,0.156188,0,0
7498,0.156208,0,0
7499,0.156229,0,0
7500,0.15625,0,0
7501,0.156271,0,0
7502,0.156292,0,0
7503,0.156312,0,0
7504,0.156333,0,0
7505,0.156354,0,0
7506,0.156375,0,0
7507,0.156396,0,0
7508,0.156417,0,0
7509,0.156438,0,0
7510,0.156458,0,0
7511,0.156479,0,0
7512,0.1565,0,0
7513,0.156521,0,0
7514,0.156542,0,0
7515,0.156563,0,0
7516,0.156583,0,0
7517,0.156604,0,0
7518,0.156625,0,0
7519,0.156646,0,0
7520,0.156667,0,0
7521,0.156687,0,0
7522,0.156708,0,0
7523,0.156729,0,0
7524,0.15675,0,0
7525,0.156771,0,0
7526,0.156792,0,0
7527,0.156813,0,0
7528,0.156833,0,0
7529,0.156854,0,0
7530,0.156875,0,0
7531,0.156896,0,0
7532,0.156917,0,0
7533,0.156937,0,0
7534,0.156958,0,0
7535,0.156979,0,0
7536,0.157,0,0
7537,0.157021,0,0
7538,0.157042,0,0
7539,0.157063,0,0
7540,0.157083,0,0
7541,0.157104,0,0
7542,0.157125,0,0
7543,0.157146,0,0
7544,0.157167,0,0
7545,0.157188,0,0
7546,0.157208,0,0
7547,0.157229,0,0
7548,0.15725,0,0
7549,0.157271,0,0
7550,0.157292,0,0
7551,0.157312,0,0
7552,0.157333,0,0
7553,0.157354,0,0
7554,0.157375,0,0
7555,0.157396,0,0
7556,0.157417,0,0
7557,0.157438,0,0
7558,0.157458,0,0
7559,0.157479,0,0
7560,0.1575,0,0
7561,0.157521,0,0
7562,0.157542,0,0
7563,0.157562,0,0
7564,0.157583,0,0
7565,0.157604,0,0
7566,0.157625,0,0
7567,0.157646,0,0
7568,0.157667,0,0
7569,0.157688,0,0
7570,0.157708,0,0
7571,0.157729,0,0
7572,0.15775,0,0
7573,0.157771,0,0
7574,0.157792,0,0
7575,0.157813,0,0
7576,0.157833,0,0
7577,0.157854,0,0
7578,0.157875,0,0
7579,0.157896,0,0
7580,0.157917,0,0
7581,0.157937,0,0
7582,0.157958,0,0
7583,0.157979,0,0
7584,0.158,0,0
7585,0.158021,0,0
7586,0.158042,0,0
7587,0.158063,0,0
7588,0.158083,0,0
7589,0.158104,0,0
7590,0.158125,0,0
7591,0.158146,0,0
7592,0.158167,0,0
7593,0.158187,0,0
7594,0.158208,0,0
7595,0.158229,0,0
7596,0.15825,0,0
7597,0.158271,0,0
7598,0.158292,0,0
7599,0.158312,0,0
7600,0.158333,0,0
7601,0.158354,0,0
7602,0.158375,0,0
7603,0.158396,0,0
7604,0.158417,0,0
7605,0.158438,0,0
7606,0.158458,0,0
7607,0.158479,0,0
7608,0.1585,0,0
7609,0.158521,0,0
7610,0.158542,0,0
7611,0.158562,0,0
7612,0.158583,0,0
7613,0.158604,0,0
7614,0.158625,0,0
7615,0.158646,0,0
7616,0.158667,0,0
7617,0.158688,0,0
7618,0.158708,0,0
7619,0.158729,0,0
7620,0.15875,0,0
7621,0.158771,0,0
7622,0.158792,0,0
7623,0.158812,0,0
7624,0.158833,0,0
7625,0.158854,0,0
7626,0.158875,0,0
7627,0.158896,0,0
7628,0.158917,0,0
7629,0.158937,0,0
7630,0.158958,0,0
7631,0.158979,0,0
7632,0.159,0,0
7633,0.159021,0,0
7634,0.159042,0,0
7635,0.159063,0,0
7636,0.159083,0,0
7637,0.159104,0,0
7638,0.159125,0,0
7639,0.159146,0,0
7640,0.159167,0,0
7641,0.159187,0,0
7642,0.159208,0,0
7643,0.159229,0,0
7644,0.15925,0,0
7645,0.159271,0,0
7646,0.159292,0,0
7647,0.159313,0,0
7648,0.159333,0,0
7649,0.159354,0,0
7650,0.159375,0,0
7651,0.159396,0,0
7652,0.159417,0,0
7653,0.159438,0,0
7654,0.159458,0,0
7655,0.159479,0,0
7656,0.1595,0,0
7657,0.159521,0,0
7658,0.159542,0,0
7659,0.159562,0,0
7660,0.159583,0,0
7661,0.159604,0,0
7662,0.159625,0,0
7663,0.159646,0,0
7664,0.159667,0,0
7665,0.159688,0,0
7666,0.159708,0,0
7667,0.159729,0,0
7668,0.15975,0,0
7669,0.159771,0,0
7670,0.159792,0,0
7671,0.159812,0,0
7672,0.159833,0,0
7673,0.159854,0,0
7674,0.159875,0,0
7675,0.159896,0,0
7676,0.159917,0,0
7677,0.159938,0,0
7678,0.159958,0,0
7679,0.159979,0,0
7680,0.16,0,0
7681,0.160021,0,0
7682,0.160042,0,0
7683,0.160063,0,0
7684,0.160083,0,0
7685,0.160104,0,0
7686,0.160125,0,0
7687,0.160146,0,0
7688,0.160167,0,0
7689,0.160187,0,0
7690,0.160208,0,0
7691,0.160229,0,0
7692,0.16025,0,0
7693,0.160271,0,0
7694,0.160292,0,0
7695,0.160313,0,0
7696,0.160333,0,0
7697,0.160354,0,0
7698,0.160375,0,0
7699,0.160396,0,0
7700,0.160417,0,0
7701,0.160437,0,0
7702,0.160458,0,0
7703,0.160479,0,0
7704,0.1605,0,0
7705,0.160521,0,0
7706,0.160542,0,0
7707,0.160563,0,0
7708,0.160583,0,0
7709,0.160604,0,0
7710,0.160625,0,0
7711,0.160646,0,0
7712,0.160667,0,0
7713,0.160688,0,0
7714,0.160708,0,0
7715,0.160729,0,0
7716,0.16075,0,0
7717,0.160771,0,0
7718,0.160792,0,0
7719,0.160812,0,0
7720,0.160833,0,0
7721,0.160854,0,0
7722,0.160875,0,0
7723,0.160896,0,0
7724,0.160917,0,0
7725,0.160938,0,0
7726,0.160958,0,0
7727,0.160979,0,0
7728,0.161,0,0
7729,0.161021,0,0
7730,0.161042,0,0
7731,0.161062,0,0
7732,0.161083,0,0
7733,0.161104,0,0
7734,0.161125,0,0
7735,0.161146,0,0
7736,0.161167,0,0
7737,0.161187,0,0
7738,0.161208,0,0
7739,0.161229,0,0
7740,0.16125,0,0
7741,0.161271,0,0
7742,0.161292,0,0
7743,0.161313,0,0
7744,0.161333,0,0
7745,0.161354,0,0
7746,0.161375,0,0
7747,0.161396,0,0
7748,0.161417,0,0
7749,0.161437,0,0
7750,0.161458,0,0
7751,0.161479,0,0
7752,0.1615,0,0
7753,0.161521,0,0
7754,0.161542,0,0
7755,0.161563,0,0
7756,0.161583,0,0
7757,0.161604,0,0
7758,0.161625,0,0
7759,0.161646,0,0
7760,0.161667,0,0
7761,0.161687,0,0
7762,0.161708,0,0
7763,0.161729,0,0
7764,0.16175,0,0
7765,0.161771,0,0
7766,0.161792,0,0
7767,0.161812,0,0
7768,0.161833,0,0
7769,0.161854,0,0
7770,0.161875,0,0
7771,0.161896,0,0
7772,0.161917,0,0
7773,0.161938,0,0
7774,0.161958,0,0
7775,0.161979,0,0
7776,0.162,0,0
7777,0.162021,0,0
7778,0.162042,0,0
7779,0.162062,0,0
7780,0.162083,0,0
7781,0.162104,0,0
7782,0.162125,0,0
7783,0.162146,0,0
7784,0.162167,0,0
7785,0.162188,0,0
7786,0.162208,0,0
7787,0.162229,0,0
7788,0.16225,0,0
7789,0.162271,0,0
7790,0.162292,0,0
7791,0.162312,0,0
7792,0.162333,0,0
7793,0.162354,0,0
7794,0.162375,0,0
7795,0.162396,0,0
7796,0.162417,0,0
7797,0.162437,0,0
7798,0.162458,0,0
7799,0.162479,0,0
7800,0.1625,0,0
7801,0.162521,0,0
7802,0.162542,0,0
7803,0.162563,0,0
7804,0.162583,0,0
7805,0.162604,0,0
7806,0.162625,0,0
7807,0.162646,0,0
7808,0.162667,0,0
7809,0.162687,0,0
7810,0.162708,0,0
7811,0.162729,0,0
7812,0.16275,0,0
7813,0.162771,0,0
7814,0.162792,0,0
7815,0.162813,0,0
7816,0.162833,0,0
7817,0.162854,0,0
7818,0.162875,0,0
7819,0.162896,0,0
7820,0.162917,0,0
7821,0.162938,0,0
7822,0.162958,0,0
7823,0.162979,0,0
7824,0.163,0,0
7825,0.163021,0,0
7826,0.163042,0,0
7827,0.163062,0,0
7828,0.163083,0,0
7829,0.163104,0,0
7830,0.163125,0,0
7831,0.163146,0,0
7832,0.163167,0,0
7833,0.163188,0,0
7834,0.163208,0,0
7835,0.163229,0,0
7836,0.16325,0,0
7837,0.163271,0,0
7838,0.163292,0,0
7839,0.163312,0,0
7840,0.163333,0,0
7841,0.163354,0,0
7842,0.163375,0,0
7843,0.163396,0,0
7844,0.163417,0,0
7845,0.163438,0,0
7846,0.163458,0,0
7847,0.163479,0,0
7848,0.1635,0,0
7849,0.163521,0,0
7850,0.163542,0,0
7851,0.163563,0,0
7852,0.163583,0,0
7853,0.163604,0,0
7854,0.163625,0,0
7855,0.163646,0,0
7856,0.163667,0,0
7857,0.163687,0,0
7858,0.163708,0,0
7859,0.163729,0,0
7860,0.16375,0,0
7861,0.163771,0,0
7862,0.163792,0,0
7863,0.163813,0,0
7864,0.163833,0,0
7865,0.163854,0,0
7866,0.163875,0,0
7867,0.163896,0,0
7868,0.163917,0,0
7869,0.163937,0,0
7870,0.163958,0,0
7871,0.163979,0,0
7872,0.164,0,0
7873,0.164021,0,0
7874,0.164042,0,0
7875,0.164062,0,0
7876,0.164083,0,0
7877,0.164104,0,0
7878,0.164125,0,0
7879,0.164146,0,0
7880,0.164167,0,0
7881,0.164188,0,0
7882,0.164208,0,0
7883,0.164229,0,0
7884,0.16425,0,0
7885,0.164271,0,0
7886,0.164292,0,0
7887,0.164312,0,0
7888,0.164333,0,0
7889,0.164354,0,0
7890,0.164375,0,0
7891,0.164396,0,0
7892,0.164417,0,0
7893,0.164438,0,0
7894,0.164458,0,0
7895,0.164479,0,0
7896,0.1645,0,0
7897,0.164521,0,0
7898,0.164542,0,0
7899,0.164562,0,0
7900,0.164583,0,0
7901,0.164604,0,0
7902,0.164625,0,0
7903,0.164646,0,0
7904,0.164667,0,0
7905,0.164687,0,0
7906,0.164708,0,0
7907,0.164729,0,0
7908,0.16475,0,0
7909,0.164771,0,0
7910,0.164792,0,0
7911,0.164813,0,0
7912,0.164833,0,0
7913,0.164854,0,0
7914,0.164875,0,0
7915,0.164896,0,0
7916,0.164917,0,0
7917,0.164937,0,0
7918,0.164958,0,0
7919,0.164979,0,0
7920,0.165,0,0
7921,0.165021,0,0
7922,0.165042,0,0
7923,0.165063,0,0
7924,0.165083,0,0
7925,0.165104,0,0
7926,0.165125,0,0
7927,0.165146,0,0
7928,0.165167,0,0
7929,0.165187,0,0
7930,0.165208,0,0
7931,0.165229,0,0
7932,0.16525,0,0
7933,0.165271,0,0
7934,0.165292,0,0
7935,0.165312,0,0
7936,0.165333,0,0
7937,0.165354,0,0
7938,0.165375,0,0
7939,0.165396,0,0
7940,0.165417,0,0
7941,0.165438,0,0
7942,0.165458,0,0
7943,0.165479,0,0
7944,0.1655,0,0
7945,0.165521,0,0
7946,0.165542,0,0
7947,0.165562,0,0
7948,0.165583,0,0
7949,0.165604,0,0
7950,0.165625,0,0
7951,0.165646,0,0
7952,0.165667,0,0
7953,0.165688,0,0
7954,0.165708,0,0
7955,0.165729,0,0
7956,0.16575,0,0
7957,0.165771,0,0
7958,0.165792,0,0
7959,0.165813,0,0
7960,0.165833,0,0
7961,0.165854,0,0
7962,0.165875,0,0
7963,0.165896,0,0
7964,0.165917,0,0
7965,0.165937,0,0
7966,0.165958,0,0
7967,0.165979,0,0
7968,0.166,0,0
7969,0.166021,0,0
7970,0.166042,0,0
7971,0.166063,0,0
7972,0.166083,0,0
7973,0.166104,0,0
7974,0.166125,0,0
7975,0.166146,0,0
7976,0.166167,0,0
7977,0.166187,0,0
7978,0.166208,0,0
7979,0.166229,0,0
7980,0.16625,0,0
7981,0.166271,0,0
7982,0.166292,0,0
7983,0.166313,0,0
7984,0.166333,0,0
7985,0.166354,0,0
7986,0.166375,0,0
7987,0.166396,0,0
7988,0.166417,0,0
7989,0.166438,0,0
7990,0.166458,0,0
7991,0.166479,0,0
7992,0.1665,0,0
7993,0.166521,0,0
7994,0.166542,0,0
7995,0.166562,0,0
7996,0.166583,0,0
7997,0.166604,0,0
7998,0.166625,0,0
7999,0.166646,0,0
8000,0.166667,0,0
8001,0.166688,0,0
8002,0.166708,0,0
8003,0.166729,0,0
8004,0.16675,0,0
8005,0.166771,0,0
8006,0.166792,0,0
8007,0.166812,0,0
8008,0.166833,0,0
8009,0.166854,0,0
8010,0.166875,0,0
8011,0.166896,0,0
8012,0.166917,0,0
8013,0.166938,0,0
8014,0.166958,0,0
8015,0.166979,0,0
8016,0.167,0,0
8017,0.167021,0,0
8018,0.167042,0,0
8019,0.167063,0,0
8020,0.167083,0,0
8021,0.167104,0,0
8022,0.167125,0,0
8023,0.167146,0,0
8024,0.167167,0,0
8025,0.167187,0,0
8026,0.167208,0,0
8027,0.167229,0,0
8028,0.16725,0,0
8029,0.167271,0,0
8030,0.167292,0,0
8031,0.167313,0,0
8032,0.167333,0,0
8033,0.167354,0,0
8034,0.167375,0,0
8035,0.167396,0,0
8036,0.167417,0,0
8037,0.167437,0,0
8038,0.167458,0,0
8039,0.167479,0,0
8040,0.1675,0,0
8041,0.167521,0,0
8042,0.167542,0,0
8043,0.167562,0,0
8044,0.167583,0,0
8045,0.167604,0,0
8046,0.167625,0,0
8047,0.167646,0,0
8048,0.167667,0,0
8049,0.167688,0,0
8050,0.167708,0,0
8051,0.167729,0,0
8052,0.16775,0,0
8053,0.167771,0,0
8054,0.167792,0,0
8055,0.167812,0,0
8056,0.167833,0,0
8057,0.167854,0,0
8058,0.167875,0,0
8059,0.167896,0,0
8060,0.167917,0,0
8061,0.167938,0,0
8062,0.167958,0,0
8063,0.167979,0,0
8064,0.168,0,0
8065,0.168021,0,0
8066,0.168042,0,0
8067,0.168062,0,0
8068,0.168083,0,0
8069,0.168104,0,0
8070,0.168125,0,0
8071,0.168146,0,0
8072,0.168167,0,0
8073,0.168187,0,0
8074,0.168208,0,0
8075,0.168229,0,0
8076,0.16825,0,0
8077,0.168271,0,0
8078,0.168292,0,0
8079,0.168313,0,0
8080,0.168333,0,0
8081,0.168354,0,0
8082,0.168375,0,0
8083,0.168396,0,0
8084,0.168417,0,0
8085,0.168437,0,0
8086,0.168458,0,0
8087,0.168479,0,0
8088,0.1685,0,0
8089,0.168521,0,0
8090,0.168542,0,0
8091,0.168563,0,0
8092,0.168583,0,0
8093,0.168604,0,0
8094,0.168625,0,0
8095,0.168646,0,0
8096,0.168667,0,0
8097,0.168687,0,0
8098,0.168708,0,0
8099,0.168729,0,0
8100,0.16875,0,0
8101,0.168771,0,0
8102,0.168792,0,0
8103,0.168812,0,0
8104,0.168833,0,0
8105,0.168854,0,0
8106,0.168875,0,0
8107,0.168896,0,0
8108,0.168917,0,0
8109,0.168938,0,0
8110,0.168958,0,0
8111,0.168979,0,0
8112,0.169,0,0
8113,0.169021,0,0
8114,0.169042,0,0
8115,0.169062,0,0
8116,0.169083,0,0
8117,0.169104,0,0
8118,0.169125,0,0
8119,0.169146,0,0
8120,0.169167,0,0
8121,0.169188,0,0
8122,0.169208,0,0
8123,0.169229,0,0
8124,0.16925,0,0
8125,0.169271,0,0
8126,0.169292,0,0
8127,0.169313,0,0
8128,0.169333,0,0
8129,0.169354,0,0
8130,0.169375,0,0
8131,0.169396,0,0
8132,0.169417,0,0
8133,0.169437,0,0
8134,0.169458,0,0
8135,0.169479,0,0
8136,0.1695,0,0
8137,0.169521,0,0
8138,0.169542,0,0
8139,0.169563,0,0
8140,0.169583,0,0
8141,0.169604,0,0
8142,0.169625,0,0
8143,0.169646,0,0
8144,0.169667,0,0
8145,0.169687,0,0
8146,0.169708,0,0
8147,0.169729,0,0
8148,0.16975,0,0
8149,0.169771,0,0
8150,0.169792,0,0
8151,0.169813,0,0
8152,0.169833,0,0
8153,0.169854,0,0
8154,0.169875,0,0
8155,0.169896,0,0
8156,0.169917,0,0
8157,0.169938,0,0
8158,0.169958,0,0
8159,0.169979,0,0
8160,0.17,0,0
8161,0.170021,0,0
8162,0.170042,0,0
8163,0.170062,0,0
8164,0.170083,0,0
8165,0.170104,0,0
8166,0.170125,0,0
8167,0.170146,0,0
8168,0.170167,0,0
8169,0.170188,0,0
8170,0.170208,0,0
8171,0.170229,0,0
8172,0.17025,0,0
8173,0.170271,0,0
8174,0.170292,0,0
8175,0.170312,0,0
8176,0.170333,0,0
8177,0.170354,0,0
8178,0.170375,0,0
8179,0.170396,0,0
8180,0.170417,0,0
8181,0.170437,0,0
8182,0.170458,0,0
8183,0.170479,0,0
8184,0.1705,0,0
8185,0.170521,0,0
8186,0.170542,0,0
8187,0.170563,0,0
8188,0.170583,0,0
8189,0.170604,0,0
8190,0.170625,0,0
8191,0.170646,0,0
8192,0.170667,0,0
8193,0.170687,0,0
8194,0.170708,0,0
8195,0.170729,0,0
8196,0.17075,0,0
8197,0.170771,0,0
8198,0.170792,0,0
8199,0.170813,0,0
8200,0.170833,0,0
8201,0.170854,0,0
8202,0.170875,0,0
8203,0.170896,0,0
8204,0.170917,0,0
8205,0.170937,0,0
8206,0.170958,0,0
8207,0.170979,0,0
8208,0.171,0,0
8209,0.171021,0,0
8210,0.171042,0,0
8211,0.171062,0,0
8212,0.171083,0,0
8213,0.171104,0,0
8214,0.171125,0,0
8215,0.171146,0,0
8216,0.171167,0,0
8217,0.171188,0,0
8218,0.171208,0,0
8219,0.171229,0,0
8220,0.17125,0,0
8221,0.171271,0,0
8222,0.171292,0,0
8223,0.171312,0,0
8224,0.171333,0,0
8225,0.171354,0,0
8226,0.171375,0,0
8227,0.171396,0,0
8228,0.171417,0,0
8229,0.171438,0,0
8230,0.171458,0,0
8231,0.171479,0,0
8232,0.1715,0,0
8233,0.171521,0,0
8234,0.171542,0,0
8235,0.171562,0,0
8236,0.171583,0,0
8237,0.171604,0,0
8238,0.171625,0,0
8239,0.171646,0,0
8240,0.171667,0,0
8241,0.171687,0,0
8242,0.171708,0,0
8243,0.171729,0,0
8244,0.17175,0,0
8245,0.171771,0,0
8246,0.171792,0,0
8247,0.171813,0,0
8248,0.171833,0,0
8249,0.171854,0,0
8250,0.171875,0,0
8251,0.171896,0,0
8252,0.171917,0,0
8253,0.171937,0,0
8254,0.171958,0,0
8255,0.171979,0,0
8256,0.172,0,0
8257,0.172021,0,0
8258,0.172042,0,0
8259,0.172063,0,0
8260,0.172083,0,0
8261,0.172104,0,0
8262,0.172125,0,0
8263,0.172146,0,0
8264,0.172167,0,0
8265,0.172188,0,0
8266,0.172208,0,0
8267,0.172229,0,0
8268,0.17225,0,0
8269,0.172271,0,0
8270,0.172292,0,0
8271,0.172312,0,0
8272,0.172333,0,0
8273,0.172354,0,0
8274,0.172375,0,0
8275,0.172396,0,0
8276,0.172417,0,0
8277,0.172438,0,0
8278,0.172458,0,0
8279,0.172479,0,0
8280,0.1725,0,0
8281,0.172521,0,0
8282,0.172542,0,0
8283,0.172562,0,0
8284,0.172583,0,0
8285,0.172604,0,0
8286,0.172625,0,0
8287,0.172646,0,0
8288,0.172667,0,0
8289,0.172688,0,0
8290,0.172708,0,0
8291,0.172729,0,0
8292,0.17275,0,0
8293,0.172771,0,0
8294,0.172792,0,0
8295,0.172813,0,0
8296,0.172833,0,0
8297,0.172854,0,0
8298,0.172875,0,0
8299,0.172896,0,0
8300,0.172917,0,0
8301,0.172937,0,0
8302,0.172958,0,0
8303,0.172979,0,0
8304,0.173,0,0
8305,0.173021,0,0
8306,0.173042,0,0
8307,0.173063,0,0
8308,0.173083,0,0
8309,0.173104,0,0
8310,0.173125,0,0
8311,0.173146,0,0
8312,0.173167,0,0
8313,0.173187,0,0
8314,0.173208,0,0
8315,0.173229,0,0
8316,0.17325,0,0
8317,0.173271,0,0
8318,0.173292,0,0
8319,0.173313,0,0
8320,0.173333,0,0
8321,0.173354,0,0
8322,0.173375,0,0
8323,0.173396,0,0
8324,0.173417,0,0
8325,0.173438,0,0
8326,0.173458,0,0
8327,0.173479,0,0
8328,0.1735,0,0
8329,0.173521,0,0
8330,0.173542,0,0
8331,0.173562,0,0
8332,0.173583,0,0
8333,0.173604,0,0
8334,0.173625,0,0
8335,0.173646,0,0
8336,0.173667,0,0
8337,0.173688,0,0
8338,0.173708,0,0
8339,0.173729,0,0
8340,0.17375,0,0
8341,0.173771,0,0
8342,0.173792,0,0
8343,0.173812,0,0
8344,0.173833,0,0
8345,0.173854,0,0
8346,0.173875,0,0
8347,0.173896,0,0
8348,0.173917,0,0
8349,0.173937,0,0
8350,0.173958,0,0
8351,0.173979,0,0
8352,0.174,0,0
8353,0.174021,0,0
8354,0.174042,0,0
8355,0.174063,0,0
8356,0.174083,0,0
8357,0.174104,0,0
8358,0.174125,0,0
8359,0.174146,0,0
8360,0.174167,0,0
8361,0.174187,0,0
8362,0.174208,0,0
8363,0.174229,0,0
8364,0.17425,0,0
8365,0.174271,0,0
8366,0.174292,0,0
8367,0.174313,0,0
8368,0.174333,0,0
8369,0.174354,0,0
8370,0.174375,0,0
8371,0.174396,0,0
8372,0.174417,0,0
8373,0.174437,0,0
8374,0.174458,0,0
8375,0.174479,0,0
8376,0.1745,0,0
8377,0.174521,0,0
8378,0.174542,0,0
8379,0.174562,0,0
8380,0.174583,0,0
8381,0.174604,0,0
8382,0.174625,0,0
8383,0.174646,0,0
8384,0.174667,0,0
8385,0.174688,0,0
8386,0.174708,0,0
8387,0.174729,0,0
8388,0.17475,0,0
8389,0.174771,0,0
8390,0.174792,0,0
8391,0.174812,0,0
8392,0.174833,0,0
8393,0.174854,0,0
8394,0.174875,0,0
8395,0.174896,0,0
8396,0.174917,0,0
8397,0.174938,0,0
8398,0.174958,0,0
8399,0.174979,0,0
8400,0.175,0,0
8401,0.175021,0,0
8402,0.175042,0,0
8403,0.175063,0,0
8404,0.175083,0,0
8405,0.175104,0,0
8406,0.175125,0,0
8407,0.175146,0,0
8408,0.175167,0,0
8409,0.175187,0,0
8410,0.175208,0,0
8411,0.175229,0,0
8412,0.17525,0,0
8413,0.175271,0,0
8414,0.175292,0,0
8415,0.175313,0,0
8416,0.175333,0,0
8417,0.175354,0,0
8418,0.175375,0,0
8419,0.175396,0,0
8420,0.175417,0,0
8421,0.175437,0,0
8422,0.175458,0,0
8423,0.175479,0,0
8424,0.1755,0,0
8425,0.175521,0,0
8426,0.175542,0,0
8427,0.175563,0,0
8428,0.175583,0,0
8429,0.175604,0,0
8430,0.175625,0,0
8431,0.175646,0,0
8432,0.175667,0,0
8433,0.175688,0,0
8434,0.175708,0,0
8435,0.175729,0,0
8436,0.17575,0,0
8437,0.175771,0,0
8438,0.175792,0,0
8439,0.175812,0,0
8440,0.175833,0,0
8441,0.175854,0,0
8442,0.175875,0,0
8443,0.175896,0,0
8444,0.175917,0,0
8445,0.175938,0,0
8446,0.175958,0,0
8447,0.175979,0,0
8448,0.176,0,0
8449,0.176021,0,0
8450,0.176042,0,0
8451,0.176062,0,0
8452,0.176083,0,0
8453,0.176104,0,0
8454,0.176125,0,0
8455,0.176146,0,0
8456,0.176167,0,0
8457,0.176188,0,0
8458,0.176208,0,0
8459,0.176229,0,0
8460,0.17625,0,0
8461,0.176271,0,0
8462,0.176292,0,0
8463,0.176313,0,0
8464,0.176333,0,0
8465,0.176354,0,0
8466,0.176375,0,0
8467,0.176396,0,0
8468,0.176417,0,0
8469,0.176437,0,0
8470,0.176458,0,0
8471,0.176479,0,0
8472,0.1765,0,0
8473,0.176521,0,0
8474,0.176542,0,0
8475,0.176563,0,0
8476,0.176583,0,0
8477,0.176604,0,0
8478,0.176625,0,0
8479,0.176646,0,0
8480,0.176667,0,0
8481,0.176687,0,0
8482,0.176708,0,0
8483,0.176729,0,0
8484,0.17675,0,0
8485,0.176771,0,0
8486,0.176792,0,0
8487,0.176812,0,0
8488,0.176833,0,0
8489,0.176854,0,0
8490,0.176875,0,0
8491,0.176896,0,0
8492,0.176917,0,0
8493,0.176938,0,0
8494,0.176958,0,0
8495,0.176979,0,0
8496,0.177,0,0
8497,0.177021,0,0
8498,0.177042,0,0
8499,0.177062,0,0
8500,0.177083,0,0
8501,0.177104,0,0
8502,0.177125,0,0
8503,0.177146,0,0
8504,0.177167,0,0
8505,0.177188,0,0
8506,0.177208,0,0
8507,0.177229,0,0
8508,0.17725,0,0
8509,0.177271,0,0
8510,0.177292,0,0
8511,0.177312,0,0
8512,0.177333,0,0
8513,0.177354,0,0
8514,0.177375,0,0
8515,0.177396,0,0
8516,0.177417,0,0
8517,0.177437,0,0
8518,0.177458,0,0
8519,0.177479,0,0
8520,0.1775,0,0
8521,0.177521,0,0
8522,0.177542,0,0
8523,0.177563,0,0
8524,0.177583,0,0
8525,0.177604,0,0
8526,0.177625,0,0
8527,0.177646,0,0
8528,0.177667,0,0
8529,0.177687,0,0
8530,0.177708,0,0
8531,0.177729,0,0
8532,0.17775,0,0
8533,0.177771,0,0
8534,0.177792,0,0
8535,0.177813,0,0
8536,0.177833,0,0
8537,0.177854,0,0
8538,0.177875,0,0
8539,0.177896,0,0
8540,0.177917,0,0
8541,0.177937,0,0
8542,0.177958,0,0
8543,0.177979,0,0
8544,0.178,0,0
8545,0.178021,0,0
8546,0.178042,0,0
8547,0.178062,0,0
8548,0.178083,0,0
8549,0.178104,0,0
8550,0.178125,0,0
8551,0.178146,0,0
8552,0.178167,0,0
8553,0.178188,0,0
8554,0.178208,0,0
8555,0.178229,0,0
8556,0.17825,0,0
8557,0.178271,0,0
8558,0.178292,0,0
8559,0.178312,0,0
8560,0.178333,0,0
8561,0.178354,0,0
8562,0.178375,0,0
8563,0.178396,0,0
8564,0.178417,0,0
8565,0.178438,0,0
8566,0.178458,0,0
8567,0.178479,0,0
8568,0.1785,0,0
8569,0.178521,0,0
8570,0.178542,0,0
8571,0.178563,0,0
8572,0.178583,0,0
8573,0.178604,0,0
8574,0.178625,0,0
8575,0.178646,0,0
8576,0.178667,0,0
8577,0.178687,0,0
8578,0.178708,0,0
8579,0.178729,0,0
8580,0.17875,0,0
8581,0.178771,0,0
8582,0.178792,0,0
8583,0.178813,0,0
8584,0.178833,0,0
8585,0.178854,0,0
8586,0.178875,0,0
8587,0.178896,0,0
8588,0.178917,0,0
8589,0.178937,0,0
8590,0.178958,0,0
8591,0.178979,0,0
8592,0.179,0,0
8593,0.179021,0,0
8594,0.179042,0,0
8595,0.179063,0,0
8596,0.179083,0,0
8597,0.179104,0,0
8598,0.179125,0,0
8599,0.179146,0,0
8600,0.179167,0,0
8601,0.179188,0,0
8602,0.179208,0,0
8603,0.179229,0,0
8604,0.17925,0,0
8605,0.179271,0,0
8606,0.179292,0,0
8607,0.179312,0,0
8608,0.179333,0,0
8609,0.179354,0,0
8610,0.179375,0,0
8611,0.179396,0,0
8612,0.179417,0,0
8613,0.179438,0,0
8614,0.179458,0,0
8615,0.179479,0,0
8616,0.1795,0,0
8617,0.179521,0,0
8618,0.179542,0,0
8619,0.179562,0,0
8620,0.179583,0,0
8621,0.179604,0,0
8622,0.179625,0,0
8623,0.179646,0,0
8624,0.179667,0,0
8625,0.179688,0,0
8626,0.179708,0,0
8627,0.179729,0,0
8628,0.17975,0,0
8629,0.179771,0,0
8630,0.179792,0,0
8631,0.179813,0,0
8632,0.179833,0,0
8633,0.179854,0,0
8634,0.179875,0,0
8635,0.179896,0,0
8636,0.179917,0,0
8637,0.179937,0,0
8638,0.179958,0,0
8639,0.179979,0,0
8640,0.18,0,0
8641,0.180021,0,0
8642,0.180042,0,0
8643,0.180063,0,0
8644,0.180083,0,0
8645,0.180104,0,0
8646,0.180125,0,0
8647,0.180146,0,0
8648,0.180167,0,0
8649,0.180187,0,0
8650,0.180208,0,0
8651,0.180229,0,0
8652,0.18025,0,0
8653,0.180271,0,0
8654,0.180292,0,0
8655,0.180312,0,0
8656,0.180333,0,0
8657,0.180354,0,0
8658,0.180375,0,0
8659,0.180396,0,0
8660,0.180417,0,0
8661,0.180438,0,0
8662,0.180458,0,0
8663,0.180479,0,0
8664,0.1805,0,0
8665,0.180521,0,0
8666,0.180542,0,0
8667,0.180562,0,0
8668,0.180583,0,0
8669,0.180604,0,0
8670,0.180625,0,0
8671,0.180646,0,0
8672,0.180667,0,0
8673,0.180688,0,0
8674,0.180708,0,0
8675,0.180729,0,0
8676,0.18075,0,0
8677,0.180771,0,0
8678,0.180792,0,0
8679,0.180812,0,0
8680,0.180833,0,0
8681,0.180854,0,0
8682,0.180875,0,0
8683,0.180896,0,0
8684,0.180917,0,0
8685,0.180937,0,0
8686,0.180958,0,0
8687,0.180979,0,0
8688,0.181,0,0
8689,0.181021,0,0
8690,0.181042,0,0
8691,0.181063,0,0
8692,0.181083,0,0
8693,0.181104,0,0
8694,0.181125,0,0
8695,0.181146,0,0
8696,0.181167,0,0
8697,0.181187,0,0
8698,0.181208,0,0
8699,0.181229,0,0
8700,0.18125,0,0
8701,0.181271,0,0
8702,0.181292,0,0
8703,0.181313,0,0
8704,0.181333,0,0
8705,0.181354,0,0
8706,0.181375,0,0
8707,0.181396,0,0
8708,0.181417,0,0
8709,0.181438,0,0
8710,0.181458,0,0
8711,0.181479,0,0
8712,0.1815,0,0
8713,0.181521,0,0
8714,0.181542,0,0
8715,0.181562,0,0
8716,0.181583,0,0
8717,0.181604,0,0
8718,0.181625,0,0
8719,0.181646,0,0
8720,0.181667,0,0
8721,0.181688,0,0
8722,0.181708,0,0
8723,0.181729,0,0
8724,0.18175,0,0
8725,0.181771,0,0
8726,0.181792,0,0
8727,0.181812,0,0
8728,0.181833,0,0
8729,0.181854,0,0
8730,0.181875,0,0
8731,0.181896,0,0
8732,0.181917,0,0
8733,0.181938,0,0
8734,0.181958,0,0
8735,0.181979,0,0
8736,0.182,0,0
8737,0.182021,0,0
8738,0.182042,0,0
8739,0.182063,0,0
8740,0.182083,0,0
8741,0.182104,0,0
8742,0.182125,0,0
8743,0.182146,0,0
8744,0.182167,0,0
8745,0.182187,0,0
8746,0.182208,0,0
8747,0.182229,0,0
8748,0.18225,0,0
8749,0.182271,0,0
8750,0.182292,0,0
8751,0.182313,0,0
8752,0.182333,0,0
8753,0.182354,0,0
8754,0.182375,0,0
8755,0.182396,0,0
8756,0.182417,0,0
8757,0.182437,0,0
8758,0.182458,0,0
8759,0.182479,0,0
8760,0.1825,0,0
8761,0.182521,0,0
8762,0.182542,0,0
8763,0.182563,0,0
8764,0.182583,0,0
8765,0.182604,0,0
8766,0.182625,0,0
8767,0.182646,0,0
8768,0.182667,0,0
8769,0.182688,0,0
8770,0.182708,0,0
8771,0.182729,0,0
8772,0.18275,0,0
8773,0.182771,0,0
8774,0.182792,0,0
8775,0.182812,0,0
8776,0.182833,0,0
8777,0.182854,0,0
8778,0.182875,0,0
8779,0.182896,0,0
8780,0.182917,0,0
8781,0.182938,0,0
8782,0.182958,0,0
8783,0.182979,0,0
8784,0.183,0,0
8785,0.183021,0,0
8786,0.183042,0,0
8787,0.183062,0,0
8788,0.183083,0,0
8789,0.183104,0,0
8790,0.183125,0,0
8791,0.183146,0,0
8792,0.183167,0,0
8793,0.183187,0,0
8794,0.183208,0,0
8795,0.183229,0,0
8796,0.18325,0,0
8797,0.183271,0,0
8798,0.183292,0,0
8799,0.183313,0,0
8800,0.183333,0,0
8801,0.183354,0,0
8802,0.183375,0,0
8803,0.183396,0,0
8804,0.183417,0,0
8805,0.183437,0,0
8806,0.183458,0,0
8807,0.183479,0,0
8808,0.1835,0,0
8809,0.183521,0,0
8810,0.183542,0,0
8811,0.183563,0,0
8812,0.183583,0,0
8813,0.183604,0,0
8814,0.183625,0,0
8815,0.183646,0,0
8816,0.183667,0,0
8817,0.183687,0,0
8818,0.183708,0,0
8819,0.183729,0,0
8820,0.18375,0,0
8821,0.183771,0,0
8822,0.183792,0,0
8823,0.183812,0,0
8824,0.183833,0,0
8825,0.183854,0,0
8826,0.183875,0,0
8827,0.183896,0,0
8828,0.183917,0,0
8829,0.183938,0,0
8830,0.183958,0,0
8831,0.183979,0,0
8832,0.184,0,0
8833,0.184021,0,0
8834,0.184042,0,0
8835,0.184062,0,0
8836,0.184083,0,0
8837,0.184104,0,0
8838,0.184125,0,0
8839,0.184146,0,0
8840,0.184167,0,0
8841,0.184188,0,0
8842,0.184208,0,0
8843,0.184229,0,0
8844,0.18425,0,0
8845,0.184271,0,0
8846,0.184292,0,0
8847,0.184312,0,0
8848,0.184333,0,0
8849,0.184354,0,0
8850,0.184375,0,0
8851,0.184396,0,0
8852,0.184417,0,0
8853,0.184437,0,0
8854,0.184458,0,0
8855,0.184479,0,0
8856,0.1845,0,0
8857,0.184521,0,0
8858,0.184542,0,0
8859,0.184563,0,0
8860,0.184583,0,0
8861,0.184604,0,0
8862,0.184625,0,0
8863,0.184646,0,0
8864,0.184667,0,0
8865,0.184687,0,0
8866,0.184708,0,0
8867,0.184729,0,0
8868,0.18475,0,0
8869,0.184771,0,0
8870,0.184792,0,0
8871,0.184813,0,0
8872,0.184833,0,0
8873,0.184854,0,0
8874,0.184875,0,0
8875,0.184896,0,0
8876,0.184917,0,0
8877,0.184938,0,0
8878,0.184958,0,0
8879,0.184979,0,0
8880,0.185,0,0
8881,0.185021,0,0
8882,0.185042,0,0
8883,0.185062,0,0
8884,0.185083,0,0
8885,0.185104,0,0
8886,0.185125,0,0
8887,0.185146,0,0
8888,0.185167,0,0
8889,0.185188,0,0
8890,0.185208,0,0
8891,0.185229,0,0
8892,0.18525,0,0
8893,0.185271,0,0
8894,0.185292,0,0
8895,0.185312,0,0
8896,0.185333,0,0
8897,0.185354,0,0
8898,0.185375,0,0
8899,0.185396,0,0
8900,0.185417,0,0
8901,0.185438,0,0
8902,0.185458,0,0
8903,0.185479,0,0
8904,0.1855,0,0
8905,0.185521,0,0
8906,0.185542,0,0
8907,0.185563,0,0
8908,0.185583,0,0
8909,0.185604,0,0
8910,0.185625,0,0
8911,0.185646,0,0
8912,0.185667,0,0
8913,0.185687,0,0
8914,0.185708,0,0
8915,0.185729,0,0
8916,0.18575,0,0
8917,0.185771,0,0
8918,0.185792,0,0
8919,0.185813,0,0
8920,0.185833,0,0
8921,0.185854,0,0
8922,0.185875,0,0
8923,0.185896,0,0
8924,0.185917,0,0
8925,0.185937,0,0
8926,0.185958,0,0
8927,0.185979,0,0
8928,0.186,0,0
8929,0.186021,0,0
8930,0.186042,0,0
8931,0.186062,0,0
8932,0.186083,0,0
8933,0.186104,0,0
8934,0.186125,0,0
8935,0.186146,0,0
8936,0.186167,0,0
8937,0.186188,0,0
8938,0.186208,0,0
8939,0.186229,0,0
8940,0.18625,0,0
8941,0.186271,0,0
8942,0.186292,0,0
8943,0.186312,0,0
8944,0.186333,0,0
8945,0.186354,0,0
8946,0.186375,0,0
8947,0.186396,0,0
8948,0.186417,0,0
8949,0.186438,0,0
8950,0.186458,0,0
8951,0.186479,0,0
8952,0.1865,0,0
8953,0.186521,0,0
8954,0.186542,0,0
8955,0.186562,0,0
8956,0.186583,0,0
8957,0.186604,0,0
8958,0.186625,0,0
8959,0.186646,0,0
8960,0.186667,0,0
8961,0.186687,0,0
8962,0.186708,0,0
8963,0.186729,0,0
8964,0.18675,0,0
8965,0.186771,0,0
8966,0.186792,0,0
8967,0.186813,0,0
8968,0.186833,0,0
8969,0.186854,0,0
8970,0.186875,0,0
8971,0.186896,0,0
8972,0.186917,0,0
8973,0.186937,0,0
8974,0.186958,0,0
8975,0.186979,0,0
8976,0.187,0,0
8977,0.187021,0,0
8978,0.187042,0,0
8979,0.187063,0,0
8980,0.187083,0,0
8981,0.187104,0,0
8982,0.187125,0,0
8983,0.187146,0,0
8984,0.187167,0,0
8985,0.187187,0,0
8986,0.187208,0,0
8987,0.187229,0,0
8988,0.18725,0,0
8989,0.187271,0,0
8990,0.187292,0,0
8991,0.187312,0,0
8992,0.187333,0,0
8993,0.187354,0,0
8994,0.187375,0,0
8995,0.187396,0,0
8996,0.187417,0,0
8997,0.187438,0,0
8998,0.187458,0,0
8999,0.187479,0,0
9000,0.1875,0,0
9001,0.187521,0,0
9002,0.187542,0,0
9003,0.187562,0,0
9004,0.187583,0,0
9005,0.187604,0,0
9006,0.187625,0,0
9007,0.187646,0,0
9008,0.187667,0,0
9009,0.187688,0,0
9010,0.187708,0,0
9011,0.187729,0,0
9012,0.18775,0,0
9013,0.187771,0,0
9014,0.187792,0,0
9015,0.187813,0,0
9016,0.187833,0,0
9017,0.187854,0,0
9018,0.187875,0,0
9019,0.187896,0,0
9020,0.187917,0,0
9021,0.187937,0,0
9022,0.187958,0,0
9023,0.187979,0,0
9024,0.188,0,0
9025,0.188021,0,0
9026,0.188042,0,0
9027,0.188063,0,0
9028,0.188083,0,0
9029,0.188104,0,0
9030,0.188125,0,0
9031,0.188146,0,0
9032,0.188167,0,0
9033,0.188187,0,0
9034,0.188208,0,0
9035,0.188229,0,0
9036,0.18825,0,0
9037,0.188271,0,0
9038,0.188292,0,0
9039,0.188313,0,0
9040,0.188333,0,0
9041,0.188354,0,0
9042,0.188375,0,0
9043,0.188396,0,0
9044,0.188417,0,0
9045,0.188438,0,0
9046,0.188458,0,0
9047,0.188479,0,0
9048,0.1885,0,0
9049,0.188521,0,0
9050,0.188542,0,0
9051,0.188562,0,0
9052,0.188583,0,0
9053,0.188604,0,0
9054,0.188625,0,0
9055,0.188646,0,0
9056,0.188667,0,0
9057,0.188688,0,0
9058,0.188708,0,0
9059,0.188729,0,0
9060,0.18875,0,0
9061,0.188771,0,0
9062,0.188792,0,0
9063,0.188812,0,0
9064,0.188833,0,0
9065,0.188854,0,0
9066,0.188875,0,0
9067,0.188896,0,0
9068,0.188917,0,0
9069,0.188938,0,0
9070,0.188958,0,0
9071,0.188979,0,0
9072,0.189,0,0
9073,0.189021,0,0
9074,0.189042,0,0
9075,0.189063,0,0
9076,0.189083,0,0
9077,0.189104,0,0
9078,0.189125,0,0
9079,0.189146,0,0
9080,0.189167,0,0
9081,0.189187,0,0
9082,0.189208,0,0
9083,0.189229,0,0
9084,0.18925,0,0
9085,0.189271,0,0
9086,0.189292,0,0
9087,0.189313,0,0
9088,0.189333,0,0
9089,0.189354,0,0
9090,0.189375,0,0
9091,0.189396,0,0
9092,0.189417,0,0
9093,0.189437,0,0
9094,0.189458,0,0
9095,0.189479,0,0
9096,0.1895,0,0
9097,0.189521,0,0
9098,0.189542,0,0
9099,0.189562,0,0
9100,0.189583,0,0
9101,0.189604,0,0
9102,0.189625,0,0
9103,0.189646,0,0
9104,0.189667,0,0
9105,0.189688,0,0
9106,0.189708,0,0
9107,0.189729,0,0
9108,0.18975,0,0
9109,0.189771,0,0
9110,0.189792,0,0
9111,0.189812,0,0
9112,0.189833,0,0
9113,0.189854,0,0
9114,0.189875,0,0
9115,0.189896,0,0
9116,0.189917,0,0
9117,0.189938,0,0
9118,0.189958,0,0
9119,0.189979,0,0
9120,0.19,0,0
9121,0.190021,0,0
9122,0.190042,0,0
9123,0.190062,0,0
9124,0.190083,0,0
9125,0.190104,0,0
9126,0.190125,0,0
9127,0.190146,0,0
9128,0.190167,0,0
9129,0.190187,0,0
9130,0.190208,0,0
9131,0.190229,0,0
9132,0.19025,0,0
9133,0.190271,0,0
9134,0.190292,0,0
9135,0.190313,0,0
9136,0.190333,0,0
9137,0.190354,0,0
9138,0.190375,0,0
9139,0.190396,0,0
9140,0.190417,0,0
9141,0.190437,0,0
9142,0.190458,0,0
9143,0.190479,0,0
9144,0.1905,0,0
9145,0.190521,0,0
9146,0.190542,0,0
9147,0.190563,0,0
9148,0.190583,0,0
9149,0.190604,0,0
9150,0.190625,0,0
9151,0.190646,0,0
9152,0.190667,0,0
9153,0.190688,0,0
9154,0.190708,0,0
9155,0.190729,0,0
9156,0.19075,0,0
9157,0.190771,0,0
9158,0.190792,0,0
9159,0.190812,0,0
9160,0.190833,0,0
9161,0.190854,0,0
9162,0.190875,0,0
9163,0.190896,0,0
9164,0.190917,0,0
9165,0.190938,0,0
9166,0.190958,0,0
9167,0.190979,0,0
9168,0.191,0,0
9169,0.191021,0,0
9170,0.191042,0,0
9171,0.191062,0,0
9172,0.191083,0,0
9173,0.191104,0,0
9174,0.191125,0,0
9175,0.191146,0,0
9176,0.191167,0,0
9177,0.191188,0,0
9178,0.191208,0,0
9179,0.191229,0,0
9180,0.19125,0,0
9181,0.191271,0,0
9182,0.191292,0,0
9183,0.191313,0,0
9184,0.191333,0,0
9185,0.191354,0,0
9186,0.191375,0,0
9187,0.191396,0,0
9188,0.191417,0,0
9189,0.191437,0,0
9190,0.191458,0,0
9191,0.191479,0,0
9192,0.1915,0,0
9193,0.191521,0,0
9194,0.191542,0,0
9195,0.191563,0,0
9196,0.191583,0,0
9197,0.191604,0,0
9198,0.191625,0,0
9199,0.191646,0,0
9200,0.191667,0,0
9201,0.191687,0,0
9202,0.191708,0,0
9203,0.191729,0,0
9204,0.19175,0,0
9205,0.191771,0,0
9206,0.191792,0,0
9207,0.191813,0,0
9208,0.191833,0,0
9209,0.191854,0,0
9210,0.191875,0,0
9211,0.191896,0,0
9212,0.191917,0,0
9213,0.191938,0,0
9214,0.191958,0,0
9215,0.191979,0,0
9216,0.192,0,0
9217,0.192021,0,0
9218,0.192042,0,0
9219,0.192062,0,0
9220,0.192083,0,0
9221,0.192104,0,0
9222,0.192125,0,0
9223,0.192146,0,0
9224,0.192167,0,0
9225,0.192188,0,0
9226,0.192208,0,0
9227,0.192229,0,0
9228,0.19225,0,0
9229,0.192271,0,0
9230,0.192292,0,0
9231,0.192312,0,0
9232,0.192333,0,0
9233,0.192354,0,0
9234,0.192375,0,0
9235,0.192396,0,0
9236,0.192417,0,0
9237,0.192437,0,0
9238,0.192458,0,0
9239,0.192479,0,0
9240,0.1925,0,0
9241,0.192521,0,0
9242,0.192542,0,0
9243,0.192563,0,0
9244,0.192583,0,0
9245,0.192604,0,0
9246,0.192625,0,0
9247,0.192646,0,0
9248,0.192667,0,0
9249,0.192687,0,0
9250,0.192708,0,0
9251,0.192729,0,0
9252,0.19275,0,0
9253,0.192771,0,0
9254,0.192792,0,0
9255,0.192813,0,0
9256,0.192833,0,0
9257,0.192854,0,0
9258,0.192875,0,0
9259,0.192896,0,0
9260,0.192917,0,0
9261,0.192937,0,0
9262,0.192958,0,0
9263,0.192979,0,0
9264,0.193,0,0
9265,0.193021,0,0
9266,0.193042,0,0
9267,0.193062,0,0
9268,0.193083,0,0
9269,0.193104,0,0
9270,0.193125,0,0
9271,0.193146,0,0
9272,0.193167,0,0
9273,0.193188,0,0
9274,0.193208,0,0
9275,0.193229,0,0
9276,0.19325,0,0
9277,0.193271,0,0
9278,0.193292,0,0
9279,0.193312,0,0
9280,0.193333,0,0
9281,0.193354,0,0
9282,0.193375,0,0
9283,0.193396,0,0
9284,0.193417,0,0
9285,0.193438,0,0
9286,0.193458,0,0
9287,0.193479,0,0
9288,0.1935,0,0
9289,0.193521,0,0
9290,0.193542,0,0
9291,0.193562,0,0
9292,0.193583,0,0
9293,0.193604,0,0
9294,0.193625,0,0
9295,0.193646,0,0
9296,0.193667,0,0
9297,0.193687,0,0
9298,0.193708,0,0
9299,0.193729,0,0
9300,0.19375,0,0
9301,0.193771,0,0
9302,0.193792,0,0
9303,0.193813,0,0
9304,0.193833,0,0
9305,0.193854,0,0
9306,0.193875,0,0
9307,0.193896,0,0
9308,0.193917,0,0
9309,0.193937,0,0
9310,0.193958,0,0
9311,0.193979,0,0
9312,0.194,0,0
9313,0.194021,0,0
9314,0.194042,0,0
9315,0.194063,0,0
9316,0.194083,0,0
9317,0.194104,0,0
9318,0.194125,0,0
9319,0.194146,0,0
9320,0.194167,0,0
9321,0.194188,0,0
9322,0.194208,0,0
9323,0.194229,0,0
9324,0.19425,0,0
9325,0.194271,0,0
9326,0.194292,0,0
9327,0.194312,0,0
9328,0.194333,0,0
9329,0.194354,0,0
9330,0.194375,0,0
9331,0.194396,0,0
9332,0.194417,0,0
9333,0.194438,0,0
9334,0.194458,0,0
9335,0.194479,0,0
9336,0.1945,0,0
9337,0.194521,0,0
9338,0.194542,0,0
9339,0.194562,0,0
9340,0.194583,0,0
9341,0.194604,0,0
9342,0.194625,0,0
9343,0.194646,0,0
9344,0.194667,0,0
9345,0.194688,0,0
9346,0.194708,0,0
9347,0.194729,0,0
9348,0.19475,0,0
9349,0.194771,0,0
9350,0.194792,0,0
9351,0.194813,0,0
9352,0.194833,0,0
9353,0.194854,0,0
9354,0.194875,0,0
9355,0.194896,0,0
9356,0.194917,0,0
9357,0.194937,0,0
9358,0.194958,0,0
9359,0.194979,0,0
9360,0.195,0,0
9361,0.195021,0,0
9362,0.195042,0,0
9363,0.195063,0,0
9364,0.195083,0,0
9365,0.195104,0,0
9366,0.195125,0,0
9367,0.195146,0,0
9368,0.195167,0,0
9369,0.195187,0,0
9370,0.195208,0,0
9371,0.195229,0,0
9372,0.19525,0,0
9373,0.195271,0,0
9374,0.195292,0,0
9375,0.195312,0,0
9376,0.195333,0,0
9377,0.195354,0,0
9378,0.195375,0,0
9379,0.195396,0,0
9380,0.195417,0,0
9381,0.195438,0,0
9382,0.195458,0,0
9383,0.195479,0,0
9384,0.1955,0,0
9385,0.195521,0,0
9386,0.195542,0,0
9387,0.195562,0,0
9388,0.195583,0,0
9389,0.195604,0,0
9390,0.195625,0,0
9391,0.195646,0,0
9392,0.195667,0,0
9393,0.195688,0,0
9394,0.195708,0,0
9395,0.195729,0,0
9396,0.19575,0,0
9397,0.195771,0,0
9398,0.195792,0,0
9399,0.195812,0,0
9400,0.195833,0,0
9401,0.195854,0,0
9402,0.195875,0,0
9403,0.195896,0,0
9404,0.195917,0,0
9405,0.195937,0,0
9406,0.195958,0,0
9407,0.195979,0,0
9408,0.196,0,0
9409,0.196021,0,0
9410,0.196042,0,0
9411,0.196063,0,0
9412,0.196083,0,0
9413,0.196104,0,0
9414,0.196125,0,0
9415,0.196146,0,0
9416,0.196167,0,0
9417,0.196187,0,0
9418,0.196208,0,0
9419,0.196229,0,0
9420,0.19625,0,0
9421,0.196271,0,0
9422,0.196292,0,0
9423,0.196313,0,0
9424,0.196333,0,0
9425,0.196354,0,0
9426,0.196375,0,0
9427,0.196396,0,0
9428,0.196417,0,0
9429,0.196437,0,0
9430,0.196458,0,0
9431,0.196479,0,0
9432,0.1965,0,0
9433,0.196521,0,0
9434,0.196542,0,0
9435,0.196562,0,0
9436,0.196583,0,0
9437,0.196604,0,0
9438,0.196625,0,0
9439,0.196646,0,0
9440,0.196667,0,0
9441,0.196688,0,0
9442,0.196708,0,0
9443,0.196729,0,0
9444,0.19675,0,0
9445,0.196771,0,0
9446,0.196792,0,0
9447,0.196812,0,0
9448,0.196833,0,0
9449,0.196854,0,0
9450,0.196875,0,0
9451,0.196896,0,0
9452,0.196917,0,0
9453,0.196938,0,0
9454,0.196958,0,0
9455,0.196979,0,0
9456,0.197,0,0
9457,0.197021,0,0
9458,0.197042,0,0
9459,0.197063,0,0
9460,0.197083,0,0
9461,0.197104,0,0
9462,0.197125,0,0
9463,0.197146,0,0
9464,0.197167,0,0
9465,0.197187,0,0
9466,0.197208,0,0
9467,0.197229,0,0
9468,0.19725,0,0
9469,0.197271,0,0
9470,0.197292,0,0
9471,0.197313,0,0
9472,0.197333,0,0
9473,0.197354,0,0
9474,0.197375,0,0
9475,0.197396,0,0
9476,0.197417,0,0
9477,0.197437,0,0
9478,0.197458,0,0
9479,0.197479,0,0
9480,0.1975,0,0
9481,0.197521,0,0
9482,0.197542,0,0
9483,0.197563,0,0
9484,0.197583,0,0
9485,0.197604,0,0
9486,0.197625,0,0
9487,0.197646,0,0
9488,0.197667,0,0
9489,0.197688,0,0
9490,0.197708,0,0
9491,0.197729,0,0
9492,0.19775,0,0
9493,0.197771,0,0
9494,0.197792,0,0
9495,0.197812,0,0
9496,0.197833,0,0
9497,0.197854,0,0
9498,0.197875,0,0
9499,0.197896,0,0
9500,0.197917,0,0
9501,0.197938,0,0
9502,0.197958,0,0
9503,0.197979,0,0
9504,0.198,0,0
9505,0.198021,0,0
9506,0.198042,0,0
9507,0.198062,0,0
9508,0.198083,0,0
9509,0.198104,0,0
9510,0.198125,0,0
9511,0.198146,0,0
9512,0.198167,0,0
9513,0.198188,0,0
9514,0.198208,0,0
9515,0.198229,0,0
9516,0.19825,0,0
9517,0.198271,0,0
9518,0.198292,0,0
9519,0.198313,0,0
9520,0.198333,0,0
9521,0.198354,0,0
9522,0.198375,0,0
9523,0.198396,0,0
9524,0.198417,0,0
9525,0.198437,0,0
9526,0.198458,0,0
9527,0.198479,0,0
9528,0.1985,0,0
9529,0.198521,0,0
9530,0.198542,0,0
9531,0.198563,0,0
9532,0.198583,0,0
9533,0.198604,0,0
9534,0.198625,0,0
9535,0.198646,0,0
9536,0.198667,0,0
9537,0.198687,0,0
9538,0.198708,0,0
9539,0.198729,0,0
9540,0.19875,0,0
9541,0.198771,0,0
9542,0.198792,0,0
9543,0.198812,0,0
9544,0.198833,0,0
9545,0.198854,0,0
9546,0.198875,0,0
9547,0.198896,0,0
9548,0.198917,0,0
9549,0.198938,0,0
9550,0.198958,0,0
9551,0.198979,0,0
9552,0.199,0,0
9553,0.199021,0,0
9554,0.199042,0,0
9555,0.199062,0,0
9556,0.199083,0,0
9557,0.199104,0,0
9558,0.199125,0,0
9559,0.199146,0,0
9560,0.199167,0,0
9561,0.199188,0,0
9562,0.199208,0,0
9563,0.199229,0,0
9564,0.19925,0,0
9565,0.199271,0,0
9566,0.199292,0,0
9567,0.199312,0,0
9568,0.199333,0,0
9569,0.199354,0,0
9570,0.199375,0,0
9571,0.199396,0,0
9572,0.199417,0,0
9573,0.199437,0,0
9574,0.199458,0,0
9575,0.199479,0,0
9576,0.1995,0,0
9577,0.199521,0,0
9578,0.199542,0,0
9579,0.199563,0,0
9580,0.199583,0,0
9581,0.199604,0,0
9582,0.199625,0,0
9583,0.199646,0,0
9584,0.199667,0,0
9585,0.199687,0,0
9586,0.199708,0,0
9587,0.199729,0,0
9588,0.19975,0,0
9589,0.199771,0,0
9590,0.199792,0,0
9591,0.199813,0,0
9592,0.199833,0,0
9593,0.199854,0,0
9594,0.199875,0,0
9595,0.199896,0,0
9596,0.199917,0,0
9597,0.199937,0,0
9598,0.199958,0,0
9599,0.199979,0,0
9600,0.2,0,0
9601,0.200021,0,0
9602,0.200042,0,0
9603,0.200062,0,0
9604,0.200083,0,0
9605,0.200104,0,0
9606,0.200125,0,0
9607,0.200146,0,0
9608,0.200167,0,0
9609,0.200188,0,0
9610,0.200208,0,0
9611,0.200229,0,0
9612,0.20025,0,0
9613,0.200271,0,0
9614,0.200292,0,0
9615,0.200312,0,0
9616,0.200333,0,0
9617,0.200354,0,0
9618,0.200375,0,0
9619,0.200396,0,0
9620,0.200417,0,0
9621,0.200438,0,0
9622,0.200458,0,0
9623,0.200479,0,0
9624,0.2005,0,0
9625,0.200521,0,0
9626,0.200542,0,0
9627,0.200563,0,0
9628,0.200583,0,0
9629,0.200604,0,0
9630,0.200625,0,0
9631,0.200646,0,0
9632,0.200667,0,0
9633,0.200687,0,0
9634,0.200708,0,0
9635,0.200729,0,0
9636,0.20075,0,0
9637,0.200771,0,0
9638,0.200792,0,0
9639,0.200813,0,0
9640,0.200833,0,0
9641,0.200854,0,0
9642,0.200875,0,0
9643,0.200896,0,0
9644,0.200917,0,0
9645,0.200937,0,0
9646,0.200958,0,0
9647,0.200979,0,0
9648,0.201,0,0
9649,0.201021,0,0
9650,0.201042,0,0
9651,0.201063,0,0
9652,0.201083,0,0
9653,0.201104,0,0
9654,0.201125,0,0
9655,0.201146,0,0
9656,0.201167,0,0
9657,0.201188,0,0
9658,0.201208,0,0
9659,0.201229,0,0
9660,0.20125,0,0
9661,0.201271,0,0
9662,0.201292,0,0
9663,0.201312,0,0
9664,0.201333,0,0
9665,0.201354,0,0
9666,0.201375,0,0
9667,0.201396,0,0
9668,0.201417,0,0
9669,0.201438,0,0
9670,0.201458,0,0
9671,0.201479,0,0
9672,0.2015,0,0
9673,0.201521,0,0
9674,0.201542,0,0
9675,0.201562,0,0
9676,0.201583,0,0
9677,0.201604,0,0
9678,0.201625,0,0
9679,0.201646,0,0
9680,0.201667,0,0
9681,0.201687,0,0
9682,0.201708,0,0
9683,0.201729,0,0
9684,0.20175,0,0
9685,0.201771,0,0
9686,0.201792,0,0
9687,0.201813,0,0
9688,0.201833,0,0
9689,0.201854,0,0
9690,0.201875,0,0
9691,0.201896,0,0
9692,0.201917,0,0
9693,0.201937,0,0
9694,0.201958,0,0
9695,0.201979,0,0
9696,0.202,0,0
9697,0.202021,0,0
9698,0.202042,0,0
9699,0.202063,0,0
9700,0.202083,0,0
9701,0.202104,0,0
9702,0.202125,0,0
9703,0.202146,0,0
9704,0.202167,0,0
9705,0.202187,0,0
9706,0.202208,0,0
9707,0.202229,0,0
9708,0.20225,0,0
9709,0.202271,0,0
9710,0.202292,0,0
9711,0.202312,0,0
9712,0.202333,0,0
9713,0.202354,0,0
9714,0.202375,0,0
9715,0.202396,0,0
9716,0.202417,0,0
9717,0.202438,0,0
9718,0.202458,0,0
9719,0.202479,0,0
9720,0.2025,0,0
9721,0.202521,0,0
9722,0.202542,0,0
9723,0.202562,0,0
9724,0.202583,0,0
9725,0.202604,0,0
9726,0.202625,0,0
9727,0.202646,0,0
9728,0.202667,0,0
9729,0.202688,0,0
9730,0.202708,0,0
9731,0.202729,0,0
9732,0.20275,0,0
9733,0.202771,0,0
9734,0.202792,0,0
9735,0.202812,0,0
9736,0.202833,0,0
9737,0.202854,0,0
9738,0.202875,0,0
9739,0.202896,0,0
9740,0.202917,0,0
9741,0.202937,0,0
9742,0.202958,0,0
9743,0.202979,0,0
9744,0.203,0,0
9745,0.203021,0,0
9746,0.203042,0,0
9747,0.203063,0,0
9748,0.203083,0,0
9749,0.203104,0,0
9750,0.203125,0,0
9751,0.203146,0,0
9752,0.203167,0,0
9753,0.203187,0,0
9754,0.203208,0,0
9755,0.203229,0,0
9756,0.20325,0,0
9757,0.203271,0,0
9758,0.203292,0,0
9759,0.203313,0,0
9760,0.203333,0,0
9761,0.203354,0,0
9762,0.203375,0,0
9763,0.203396,0,0
9764,0.203417,0,0
9765,0.203438,0,0
9766,0.203458,0,0
9767,0.203479,0,0
9768,0.2035,0,0
9769,0.203521,0,0
9770,0.203542,0,0
9771,0.203562,0,0
9772,0.203583,0,0
9773,0.203604,0,0
9774,0.203625,0,0
9775,0.203646,0,0
9776,0.203667,0,0
9777,0.203688,0,0
9778,0.203708,0,0
9779,0.203729,0,0
9780,0.20375,0,0
9781,0.203771,0,0
9782,0.203792,0,0
9783,0.203812,0,0
9784,0.203833,0,0
9785,0.203854,0,0
9786,0.203875,0,0
9787,0.203896,0,0
9788,0.203917,0,0
9789,0.203938,0,0
9790,0.203958,0,0
9791,0.203979,0,0
9792,0.204,0,0
9793,0.204021,0,0
9794,0.204042,0,0
9795,0.204063,0,0
9796,0.204083,0,0
9797,0.204104,0,0
9798,0.204125,0,0
9799,0.204146,0,0
9800,0.204167,0,0
9801,0.204187,0,0
9802,0.204208,0,0
9803,0.204229,0,0
9804,0.20425,0,0
9805,0.204271,0,0
9806,0.204292,0,0
9807,0.204313,0,0
9808,0.204333,0,0
9809,0.204354,0,0
9810,0.204375,0,0
9811,0.204396,0,0
9812,0.204417,0,0
9813,0.204437,0,0
9814,0.204458,0,0
9815,0.204479,0,0
9816,0.2045,0,0
9817,0.204521,0,0
9818,0.204542,0,0
9819,0.204563,0,0
9820,0.204583,0,0
9821,0.204604,0,0
9822,0.204625,0,0
9823,0.204646,0,0
9824,0.204667,0,0
9825,0.204688,0,0
9826,0.204708,0,0
9827,0.204729,0,0
9828,0.20475,0,0
9829,0.204771,0,0
9830,0.204792,0,0
9831,0.204812,0,0
9832,0.204833,0,0
9833,0.204854,0,0
9834,0.204875,0,0
9835,0.204896,0,0
9836,0.204917,0,0
9837,0.204938,0,0
9838,0.204958,0,0
9839,0.204979,0,0
9840,0.205,0,0
9841,0.205021,0,0
9842,0.205042,0,0
9843,0.205062,0,0
9844,0.205083,0,0
9845,0.205104,0,0
9846,0.205125,0,0
9847,0.205146,0,0
9848,0.205167,0,0
9849,0.205187,0,0
9850,0.205208,0,0
9851,0.205229,0,0
9852,0.20525,0,0
9853,0.205271,0,0
9854,0.205292,0,0
9855,0.205313,0,0
9856,0.205333,0,0
9857,0.205354,0,0
9858,0.205375,0,0
9859,0.205396,0,0
9860,0.205417,0,0
9861,0.205437,0,0
9862,0.205458,0,0
9863,0.205479,0,0
9864,0.2055,0,0
9865,0.205521,0,0
9866,0.205542,0,0
9867,0.205563,0,0
9868,0.205583,0,0
9869,0.205604,0,0
9870,0.205625,0,0
9871,0.205646,0,0
9872,0.205667,0,0
9873,0.205687,0,0
9874,0.205708,0,0
9875,0.205729,0,0
9876,0.20575,0,0
9877,0.205771,0,0
9878,0.205792,0,0
9879,0.205812,0,0
9880,0.205833,0,0
9881,0.205854,0,0
9882,0.205875,0,0
9883,0.205896,0,0
9884,0.205917,0,0
9885,0.205938,0,0
9886,0.205958,0,0
9887,0.205979,0,0
9888,0.206,0,0
9889,0.206021,0,0
9890,0.206042,0,0
9891,0.206062,0,0
9892,0.206083,0,0
9893,0.206104,0,0
9894,0.206125,0,0
9895,0.206146,0,0
9896,0.206167,0,0
9897,0.206188,0,0
9898,0.206208,0,0
9899,0.206229,0,0
9900,0.20625,0,0
9901,0.206271,0,0
9902,0.206292,0,0
9903,0.206313,0,0
9904,0.206333,0,0
9905,0.206354,0,0
9906,0.206375,0,0
9907,0.206396,0,0
9908,0.206417,0,0
9909,0.206437,0,0
9910,0.206458,0,0
9911,0.206479,0,0
9912,0.2065,0,0
9913,0.206521,0,0
9914,0.206542,0,0
9915,0.206563,0,0
9916,0.206583,0,0
9917,0.206604,0,0
9918,0.206625,0,0
9919,0.206646,0,0
9920,0.206667,0,0
9921,0.206687,0,0
9922,0.206708,0,0
9923,0.206729,0,0
9924,0.20675,0,0
9925,0.206771,0,0
9926,0.206792,0,0
9927,0.206813,0,0
9928,0.206833,0,0
9929,0.206854,0,0
9930,0.206875,0,0
9931,0.206896,0,0
9932,0.206917,0,0
9933,0.206938,0,0
9934,0.206958,0,0
9935,0.206979,0,0
9936,0.207,0,0
9937,0.207021,0,0
9938,0.207042,0,0
9939,0.207062,0,0
9940,0.207083,0,0
9941,0.207104,0,0
9942,0.207125,0,0
9943,0.207146,0,0
9944,0.207167,0,0
9945,0.207188,0,0
9946,0.207208,0,0
9947,0.207229,0,0
9948,0.20725,0,0
9949,0.207271,0,0
9950,0.207292,0,0
9951,0.207312,0,0
9952,0.207333,0,0
9953,0.207354,0,0
9954,0.207375,0,0
9955,0.207396,0,0
9956,0.207417,0,0
9957,0.207438,0,0
9958,0.207458,0,0
9959,0.207479,0,0
9960,0.2075,0,0
9961,0.207521,0,0
9962,0.207542,0,0
9963,0.207563,0,0
9964,0.207583,0,0
9965,0.207604,0,0
9966,0.207625,0,0
9967,0.207646,0,0
9968,0.207667,0,0
9969,0.207687,0,0
9970,0.207708,0,0
9971,0.207729,0,0
9972,0.20775,0,0
9973,0.207771,0,0
9974,0.207792,0,0
9975,0.207813,0,0
9976,0.207833,0,0
9977,0.207854,0,0
9978,0.207875,0,0
9979,0.207896,0,0
9980,0.207917,0,0
9981,0.207937,0,0
9982,0.207958,0,0
9983,0.207979,0,0
9984,0.208,0,0
9985,0.208021,0,0
9986,0.208042,0,0
9987,0.208062,0,0
9988,0.208083,0,0
9989,0.208104,0,0
9990,0.208125,0,0
9991,0.208146,0,0
9992,0.208167,0,0
9993,0.208188,0,0
9994,0.208208,0,0
9995,0.208229,0,0
9996,0.20825,0,0
9997,0.208271,0,0
9998,0.208292,0,0
9999,0.208312,0,0
10000,0.208333,0,0
10001,0.208354,0,0
10002,0.208375,0,0
10003,0.208396,0,0
10004,0.208417,0,0
10005,0.208438,0,0
10006,0.208458,0,0
10007,0.208479,0,0
10008,0.2085,0,0
10009,0.208521,0,0
10010,0.208542,0,0
10011,0.208562,0,0
10012,0.208583,0,0
10013,0.208604,0,0
10014,0.208625,0,0
10015,0.208646,0,0
10016,0.208667,0,0
10017,0.208687,0,0
10018,0.208708,0,0
10019,0.208729,0,0
10020,0.20875,0,0
10021,0.208771,0,0
10022,0.208792,0,0
10023,0.208813,0,0
10024,0.208833,0,0
10025,0.208854,0,0
10026,0.208875,0,0
10027,0.208896,0,0
10028,0.208917,0,0
10029,0.208937,0,0
10030,0.208958,0,0
10031,0.208979,0,0
10032,0.209,0,0
10033,0.209021,0,0
10034,0.209042,0,0
10035,0.209063,0,0
10036,0.209083,0,0
10037,0.209104,0,0
10038,0.209125,0,0
10039,0.209146,0,0
10040,0.209167,0,0
10041,0.209187,0,0
10042,0.209208,0,0
10043,0.209229,0,0
10044,0.20925,0,0
10045,0.209271,0,0
10046,0.209292,0,0
10047,0.209312,0,0
10048,0.209333,0,0
10049,0.209354,0,0
10050,0.209375,0,0
10051,0.209396,0,0
10052,0.209417,0,0
10053,0.209438,0,0
10054,0.209458,0,0
10055,0.209479,0,0
10056,0.2095,0,0
10057,0.209521,0,0
10058,0.209542,0,0
10059,0.209562,0,0
10060,0.209583,0,0
10061,0.209604,0,0
10062,0.209625,0,0
10063,0.209646,0,0
10064,0.209667,0,0
10065,0.209688,0,0
10066,0.209708,0,0
10067,0.209729,0,0
10068,0.20975,0,0
10069,0.209771,0,0
10070,0.209792,0,0
10071,0.209813,0,0
10072,0.209833,0,0
10073,0.209854,0,0
10074,0.209875,0,0
10075,0.209896,0,0
10076,0.209917,0,0
10077,0.209937,0,0
10078,0.209958,0,0
10079,0.209979,0,0
10080,0.21,0,0
10081,0.210021,0,0
10082,0.210042,0,0
10083,0.210063,0,0
10084,0.210083,0,0
10085,0.210104,0,0
10086,0.210125,0,0
10087,0.210146,0,0
10088,0.210167,0,0
10089,0.210187,0,0
10090,0.210208,0,0
10091,0.210229,0,0
10092,0.21025,0,0
10093,0.210271,0,0
10094,0.210292,0,0
10095,0.210313,0,0
10096,0.210333,0,0
10097,0.210354,0,0
10098,0.210375,0,0
10099,0.210396,0,0
10100,0.210417,0,0
10101,0.210438,0,0
10102,0.210458,0,0
10103,0.210479,0,0
10104,0.2105,0,0
10105,0.210521,0,0
10106,0.210542,0,0
10107,0.210562,0,0
10108,0.210583,0,0
10109,0.210604,0,0
10110,0.210625,0,0
10111,0.210646,0,0
10112,0.210667,0,0
10113,0.210688,0,0
10114,0.210708,0,0
10115,0.210729,0,0
10116,0.21075,0,0
10117,0.210771,0,0
10118,0.210792,0,0
10119,0.210812,0,0
10120,0.210833,0,0
10121,0.210854,0,0
10122,0.210875,0,0
10123,0.210896,0,0
10124,0.210917,0,0
10125,0.210938,0,0
10126,0.210958,0,0
10127,0.210979,0,0
10128,0.211,0,0
10129,0.211021,0,0
10130,0.211042,0,0
10131,0.211063,0,0
10132,0.211083,0,0
10133,0.211104,0,0
10134,0.211125,0,0
10135,0.211146,0,0
10136,0.211167,0,0
10137,0.211187,0,0
10138,0.211208,0,0
10139,0.211229,0,0
10140,0.21125,0,0
10141,0.211271,0,0
10142,0.211292,0,0
10143,0.211313,0,0
10144,0.211333,0,0
10145,0.211354,0,0
10146,0.211375,0,0
10147,0.211396,0,0
10148,0.211417,0,0
10149,0.211437,0,0
10150,0.211458,0,0
10151,0.211479,0,0
10152,0.2115,0,0
10153,0.211521,0,0
10154,0.211542,0,0
10155,0.211562,0,0
10156,0.211583,0,0
10157,0.211604,0,0
10158,0.211625,0,0
10159,0.211646,0,0
10160,0.211667,0,0
10161,0.211688,0,0
10162,0.211708,0,0
10163,0.211729,0,0
10164,0.21175,0,0
10165,0.211771,0,0
10166,0.211792,0,0
10167,0.211812,0,0
10168,0.211833,0,0
10169,0.211854,0,0
10170,0.211875,0,0
10171,0.211896,0,0
10172,0.211917,0,0
10173,0.211938,0,0
10174,0.211958,0,0
10175,0.211979,0,0
10176,0.212,0,0
10177,0.212021,0,0
10178,0.212042,0,0
10179,0.212062,0,0
10180,0.212083,0,0
10181,0.212104,0,0
10182,0.212125,0,0
10183,0.212146,0,0
10184,0.212167,0,0
10185,0.212187,0,0
10186,0.212208,0,0
10187,0.212229,0,0
10188,0.21225,0,0
10189,0.212271,0,0
10190,0.212292,0,0
10191,0.212313,0,0
10192,0.212333,0,0
10193,0.212354,0,0
10194,0.212375,0,0
10195,0.212396,0,0
10196,0.212417,0,0
10197,0.212437,0,0
10198,0.212458,0,0
10199,0.212479,0,0
10200,0.2125,0,0
10201,0.212521,0,0
10202,0.212542,0,0
10203,0.212563,0,0
10204,0.212583,0,0
10205,0.212604,0,0
10206,0.212625,0,0
10207,0.212646,0,0
10208,0.212667,0,0
10209,0.212688,0,0
10210,0.212708,0,0
10211,0.212729,0,0
10212,0.21275,0,0
10213,0.212771,0,0
10214,0.212792,0,0
10215,0.212812,0,0
10216,0.212833,0,0
10217,0.212854,0,0
10218,0.212875,0,0
10219,0.212896,0,0
10220,0.212917,0,0
10221,0.212938,0,0
10222,0.212958,0,0
10223,0.212979,0,0
10224,0.213,0,0
10225,0.213021,0,0
10226,0.213042,0,0
10227,0.213062,0,0
10228,0.213083,0,0
10229,0.213104,0,0
10230,0.213125,0,0
10231,0.213146,0,0
10232,0.213167,0,0
10233,0.213188,0,0
10234,0.213208,0,0
10235,0.213229,0,0
10236,0.21325,0,0
10237,0.213271,0,0
10238,0.213292,0,0
10239,0.213313,0,0
10240,0.213333,0,0
10241,0.213354,0,0
10242,0.213375,0,0
10243,0.213396,0,0
10244,0.213417,0,0
10245,0.213437,0,0
10246,0.213458,0,0
10247,0.213479,0,0
10248,0.2135,0,0
10249,0.213521,0,0
10250,0.213542,0,0
10251,0.213563,0,0
10252,0.213583,0,0
10253,0.213604,0,0
10254,0.213625,0,0
10255,0.213646,0,0
10256,0.213667,0,0
10257,0.213687,0,0
10258,0.213708,0,0
10259,0.213729,0,0
10260,0.21375,0,0
10261,0.213771,0,0
10262,0.213792,0,0
10263,0.213813,0,0
10264,0.213833,0,0
10265,0.213854,0,0
10266,0.213875,0,0
10267,0.213896,0,0
10268,0.213917,0,0
10269,0.213938,0,0
10270,0.213958,0,0
10271,0.213979,0,0
10272,0.214,0,0
10273,0.214021,0,0
10274,0.214042,0,0
10275,0.214062,0,0
10276,0.214083,0,0
10277,0.214104,0,0
10278,0.214125,0,0
10279,0.214146,0,0
10280,0.214167,0,0
10281,0.214188,0,0
10282,0.214208,0,0
10283,0.214229,0,0
10284,0.21425,0,0
10285,0.214271,0,0
10286,0.214292,0,0
10287,0.214312,0,0
10288,0.214333,0,0
10289,0.214354,0,0
10290,0.214375,0,0
10291,0.214396,0,0
10292,0.214417,0,0
10293,0.214437,0,0
10294,0.214458,0,0
10295,0.214479,0,0
10296,0.2145,0,0
10297,0.214521,0,0
10298,0.214542,0,0
10299,0.214563,0,0
10300,0.214583,0,0
10301,0.214604,0,0
10302,0.214625,0,0
10303,0.214646,0,0
10304,0.214667,0,0
10305,0.214687,0,0
10306,0.214708,0,0
10307,0.214729,0,0
10308,0.21475,0,0
10309,0.214771,0,0
10310,0.214792,0,0
10311,0.214813,0,0
10312,0.214833,0,0
10313,0.214854,0,0
10314,0.214875,0,0
10315,0.214896,0,0
10316,0.214917,0,0
10317,0.214937,0,0
10318,0.214958,0,0
10319,0.214979,0,0
10320,0.215,0,0
10321,0.215021,0,0
10322,0.215042,0,0
10323,0.215062,0,0
10324,0.215083,0,0
10325,0.215104,0,0
10326,0.215125,0,0
10327,0.215146,0,0
10328,0.215167,0,0
10329,0.215188,0,0
10330,0.215208,0,0
10331,0.215229,0,0
10332,0.21525,0,0
10333,0.215271,0,0
10334,0.215292,0,0
10335,0.215312,0,0
10336,0.215333,0,0
10337,0.215354,0,0
10338,0.215375,0,0
10339,0.215396,0,0
10340,0.215417,0,0
10341,0.215438,0,0
10342,0.215458,0,0
10343,0.215479,0,0
10344,0.2155,0,0
10345,0.215521,0,0
10346,0.215542,0,0
10347,0.215562,0,0
10348,0.215583,0,0
10349,0.215604,0,0
10350,0.215625,0,0
10351,0.215646,0,0
10352,0.215667,0,0
10353,0.215687,0,0
10354,0.215708,0,0
10355,0.215729,0,0
10356,0.21575,0,0
10357,0.215771,0,0
10358,0.215792,0,0
10359,0.215813,0,0
10360,0.215833,0,0
10361,0.215854,0,0
10362,0.215875,0,0
10363,0.215896,0,0
10364,0.215917,0,0
10365,0.215937,0,0
10366,0.215958,0,0
10367,0.215979,0,0
10368,0.216,0,0
10369,0.216021,0,0
10370,0.216042,0,0
10371,0.216063,0,0
10372,0.216083,0,0
10373,0.216104,0,0
10374,0.216125,0,0
10375,0.216146,0,0
10376,0.216167,0,0
10377,0.216188,0,0
10378,0.216208,0,0
10379,0.216229,0,0
10380,0.21625,0,0
10381,0.216271,0,0
10382,0.216292,0,0
10383,0.216312,0,0
10384,0.216333,0,0
10385,0.216354,0,0
10386,0.216375,0,0
10387,0.216396,0,0
10388,0.216417,0,0
10389,0.216438,0,0
10390,0.216458,0,0
10391,0.216479,0,0
10392,0.2165,0,0
10393,0.216521,0,0
10394,0.216542,0,0
10395,0.216562,0,0
10396,0.216583,0,0
10397,0.216604,0,0
10398,0.216625,0,0
10399,0.216646,0,0
10400,0.216667,0,0
10401,0.216688,0,0
10402,0.216708,0,0
10403,0.216729,0,0
10404,0.21675,0,0
10405,0.216771,0,0
10406,0.216792,0,0
10407,0.216813,0,0
10408,0.216833,0,0
10409,0.216854,0,0
10410,0.216875,0,0
10411,0.216896,0,0
10412,0.216917,0,0
10413,0.216937,0,0
10414,0.216958,0,0
10415,0.216979,0,0
10416,0.217,0,0
10417,0.217021,0,0
10418,0.217042,0,0
10419,0.217063,0,0
10420,0.217083,0,0
10421,0.217104,0,0
10422,0.217125,0,0
10423,0.217146,0,0
10424,0.217167,0,0
10425,0.217187,0,0
10426,0.217208,0,0
10427,0.217229,0,0
10428,0.21725,0,0
10429,0.217271,0,0
10430,0.217292,0,0
10431,0.217312,0,0
10432,0.217333,0,0
10433,0.217354,0,0
10434,0.217375,0,0
10435,0.217396,0,0
10436,0.217417,0,0
10437,0.217438,0,0
10438,0.217458,0,0
10439,0.217479,0,0
10440,0.2175,0,0
10441,0.217521,0,0
10442,0.217542,0,0
10443,0.217562,0,0
10444,0.217583,0,0
10445,0.217604,0,0
10446,0.217625,0,0
10447,0.217646,0,0
10448,0.217667,0,0
10449,0.217688,0,0
10450,0.217708,0,0
10451,0.217729,0,0
10452,0.21775,0,0
10453,0.217771,0,0
10454,0.217792,0,0
10455,0.217812,0,0
10456,0.217833,0,0
10457,0.217854,0,0
10458,0.217875,0,0
10459,0.217896,0,0
10460,0.217917,0,0
10461,0.217937,0,0
10462,0.217958,0,0
10463,0.217979,0,0
10464,0.218,0,0
10465,0.218021,0,0
10466,0.218042,0,0
10467,0.218063,0,0
10468,0.218083,0,0
10469,0.218104,0,0
10470,0.218125,0,0
10471,0.218146,0,0
10472,0.218167,0,0
10473,0.218187,0,0
10474,0.218208,0,0
10475,0.218229,0,0
10476,0.21825,0,0
10477,0.218271,0,0
10478,0.218292,0,0
10479,0.218313,0,0
10480,0.218333,0,0
10481,0.218354,0,0
10482,0.218375,0,0
10483,0.218396,0,0
10484,0.218417,0,0
10485,0.218437,0,0
10486,0.218458,0,0
10487,0.218479,0,0
10488,0.2185,0,0
10489,0.218521,0,0
10490,0.218542,0,0
10491,0.218562,0,0
10492,0.218583,0,0
10493,0.218604,0,0
10494,0.218625,0,0
10495,0.218646,0,0
10496,0.218667,0,0
10497,0.218688,0,0
10498,0.218708,0,0
10499,0.218729,0,0
10500,0.21875,0,0
10501,0.218771,0,0
10502,0.218792,0,0
10503,0.218812,0,0
10504,0.218833,0,0
10505,0.218854,0,0
10506,0.218875,0,0
10507,0.218896,0,0
10508,0.218917,0,0
10509,0.218938,0,0
10510,0.218958,0,0
10511,0.218979,0,0
10512,0.219,0,0
10513,0.219021,0,0
10514,0.219042,0,0
10515,0.219063,0,0
10516,0.219083,0,0
10517,0.219104,0,0
10518,0.219125,0,0
10519,0.219146,0,0
10520,0.219167,0,0
10521,0.219187,0,0
10522,0.219208,0,0
10523,0.219229,0,0
10524,0.21925,0,0
10525,0.219271,0,0
10526,0.219292,0,0
10527,0.219313,0,0
10528,0.219333,0,0
10529,0.219354,0,0
10530,0.219375,0,0
10531,0.219396,0,0
10532,0.219417,0,0
10533,0.219437,0,0
10534,0.219458,0,0
10535,0.219479,0,0
10536,0.2195,0,0
10537,0.219521,0,0
10538,0.219542,0,0
10539,0.219563,0,0
10540,0.219583,0,0
10541,0.219604,0,0
10542,0.219625,0,0
10543,0.219646,0,0
10544,0.219667,0,0
10545,0.219688,0,0
10546,0.219708,0,0
10547,0.219729,0,0
10548,0.21975,0,0
10549,0.219771,0,0
10550,0.219792,0,0
10551,0.219812,0,0
10552,0.219833,0,0
10553,0.219854,0,0
10554,0.219875,0,0
10555,0.219896,0,0
10556,0.219917,0,0
10557,0.219938,0,0
10558,0.219958,0,0
10559,0.219979,0,0
10560,0.22,0,0
10561,0.220021,0,0
10562,0.220042,0,0
10563,0.220062,0,0
10564,0.220083,0,0
10565,0.220104,0,0
10566,0.220125,0,0
10567,0.220146,0,0
10568,0.220167,0,0
10569,0.220188,0,0
10570,0.220208,0,0
10571,0.220229,0,0
10572,0.22025,0,0
10573,0.220271,0,0
10574,0.220292,0,0
10575,0.220313,0,0
10576,0.220333,0,0
10577,0.220354,0,0
10578,0.220375,0,0
10579,0.220396,0,0
10580,0.220417,0,0
10581,0.220437,0,0
10582,0.220458,0,0
10583,0.220479,0,0
10584,0.2205,0,0
10585,0.220521,0,0
10586,0.220542,0,0
10587,0.220563,0,0
10588,0.220583,0,0
10589,0.220604,0,0
10590,0.220625,0,0
10591,0.220646,0,0
10592,0.220667,0,0
10593,0.220687,0,0
10594,0.220708,0,0
10595,0.220729,0,0
10596,0.22075,0,0
10597,0.220771,0,0
10598,0.220792,0,0
10599,0.220812,0,0
10600,0.220833,0,0
10601,0.220854,0,0
10602,0.220875,0,0
10603,0.220896,0,0
10604,0.220917,0,0
10605,0.220938,0,0
10606,0.220958,0,0
10607,0.220979,0,0
10608,0.221,0,0
10609,0.221021,0,0
10610,0.221042,0,0
10611,0.221062,0,0
10612,0.221083,0,0
10613,0.221104,0,0
10614,0.221125,0,0
10615,0.221146,0,0
10616,0.221167,0,0
10617,0.221188,0,0
10618,0.221208,0,0
10619,0.221229,0,0
10620,0.22125,0,0
10621,0.221271,0,0
10622,0.221292,0,0
10623,0.221312,0,0
10624,0.221333,0,0
10625,0.221354,0,0
10626,0.221375,0,0
10627,0.221396,0,0
10628,0.221417,0,0
10629,0.221437,0,0
10630,0.221458,0,0
10631,0.221479,0,0
10632,0.2215,0,0
10633,0.221521,0,0
10634,0.221542,0,0
10635,0.221563,0,0
10636,0.221583,0,0
10637,0.221604,0,0
10638,0.221625,0,0
10639,0.221646,0,0
10640,0.221667,0,0
10641,0.221687,0,0
10642,0.221708,0,0
10643,0.221729,0,0
10644,0.22175,0,0
10645,0.221771,0,0
10646,0.221792,0,0
10647,0.221813,0,0
10648,0.221833,0,0
10649,0.221854,0,0
10650,0.221875,0,0
10651,0.221896,0,0
10652,0.221917,0,0
10653,0.221938,0,0
10654,0.221958,0,0
10655,0.221979,0,0
10656,0.222,0,0
10657,0.222021,0,0
10658,0.222042,0,0
10659,0.222062,0,0
10660,0.222083,0,0
10661,0.222104,0,0
10662,0.222125,0,0
10663,0.222146,0,0
10664,0.222167,0,0
10665,0.222188,0,0
10666,0.222208,0,0
10667,0.222229,0,0
10668,0.22225,0,0
10669,0.222271,0,0
10670,0.222292,0,0
10671,0.222312,0,0
10672,0.222333,0,0
10673,0.222354,0,0
10674,0.222375,0,0
10675,0.222396,0,0
10676,0.222417,0,0
10677,0.222438,0,0
10678,0.222458,0,0
10679,0.222479,0,0
10680,0.2225,0,0
10681,0.222521,0,0
10682,0.222542,0,0
10683,0.222563,0,0
10684,0.222583,0,0
10685,0.222604,0,0
10686,0.222625,0,0
10687,0.222646,0,0
10688,0.222667,0,0
10689,0.222687,0,0
10690,0.222708,0,0
10691,0.222729,0,0
10692,0.22275,0,0
10693,0.222771,0,0
10694,0.222792,0,0
10695,0.222813,0,0
10696,0.222833,0,0
10697,0.222854,0,0
10698,0.222875,0,0
10699,0.222896,0,0
10700,0.222917,0,0
10701,0.222937,0,0
10702,0.222958,0,0
10703,0.222979,0,0
10704,0.223,0,0
10705,0.223021,0,0
10706,0.223042,0,0
10707,0.223063,0,0
10708,0.223083,0,0
10709,0.223104,0,0
10710,0.223125,0,0
10711,0.223146,0,0
10712,0.223167,0,0
10713,0.223188,0,0
10714,0.223208,0,0
10715,0.223229,0,0
10716,0.22325,0,0
10717,0.223271,0,0
10718,0.223292,0,0
10719,0.223312,0,0
10720,0.223333,0,0
10721,0.223354,0,0
10722,0.223375,0,0
10723,0.223396,0,0
10724,0.223417,0,0
10725,0.223438,0,0
10726,0.223458,0,0
10727,0.223479,0,0
10728,0.2235,0,0
10729,0.223521,0,0
10730,0.223542,0,0
10731,0.223562,0,0
10732,0.223583,0,0
10733,0.223604,0,0
10734,0.223625,0,0
10735,0.223646,0,0
10736,0.223667,0,0
10737,0.223687,0,0
10738,0.223708,0,0
10739,0.223729,0,0
10740,0.22375,0,0
10741,0.223771,0,0
10742,0.223792,0,0
10743,0.223813,0,0
10744,0.223833,0,0
10745,0.223854,0,0
10746,0.223875,0,0
10747,0.223896,0,0
10748,0.223917,0,0
10749,0.223937,0,0
10750,0.223958,0,0
10751,0.223979,0,0
10752,0.224,0,0
10753,0.224021,0,0
10754,0.224042,0,0
10755,0.224063,0,0
10756,0.224083,0,0
10757,0.224104,0,0
10758,0.224125,0,0
10759,0.224146,0,0
10760,0.224167,0,0
10761,0.224187,0,0
10762,0.224208,0,0
10763,0.224229,0,0
10764,0.22425,0,0
10765,0.224271,0,0
10766,0.224292,0,0
10767,0.224312,0,0
10768,0.224333,0,0
10769,0.224354,0,0
10770,0.224375,0,0
10771,0.224396,0,0
10772,0.224417,0,0
10773,0.224438,0,0
10774,0.224458,0,0
10775,0.224479,0,0
10776,0.2245,0,0
10777,0.224521,0,0
10778,0.224542,0,0
10779,0.224562,0,0
10780,0.224583,0,0
10781,0.224604,0,0
10782,0.224625,0,0
10783,0.224646,0,0
10784,0.224667,0,0
10785,0.224688,0,0
10786,0.224708,0,0
10787,0.224729,0,0
10788,0.22475,0,0
10789,0.224771,0,0
10790,0.224792,0,0
10791,0.224812,0,0
10792,0.224833,0,0
10793,0.224854,0,0
10794,0.224875,0,0
10795,0.224896,0,0
10796,0.224917,0,0
10797,0.224937,0,0
10798,0.224958,0,0
10799,0.224979,0,0
10800,0.225,0,0
10801,0.225021,0,0
10802,0.225042,0,0
10803,0.225063,0,0
10804,0.225083,0,0
10805,0.225104,0,0
10806,0.225125,0,0
10807,0.225146,0,0
10808,0.225167,0,0
10809,0.225187,0,0
10810,0.225208,0,0
10811,0.225229,0,0
10812,0.22525,0,0
10813,0.225271,0,0
10814,0.225292,0,0
10815,0.225313,0,0
10816,0.225333,0,0
10817,0.225354,0,0
10818,0.225375,0,0
10819,0.225396,0,0
10820,0.225417,0,0
10821,0.225438,0,0
10822,0.225458,0,0
10823,0.225479,0,0
10824,0.2255,0,0
10825,0.225521,0,0
10826,0.225542,0,0
10827,0.225562,0,0
10828,0.225583,0,0
10829,0.225604,0,0
10830,0.225625,0,0
10831,0.225646,0,0
10832,0.225667,0,0
10833,0.225688,0,0
10834,0.225708,0,0
10835,0.225729,0,0
10836,0.22575,0,0
10837,0.225771,0,0
10838,0.225792,0,0
10839,0.225812,0,0
10840,0.225833,0,0
10841,0.225854,0,0
10842,0.225875,0,0
10843,0.225896,0,0
10844,0.225917,0,0
10845,0.225938,0,0
10846,0.225958,0,0
10847,0.225979,0,0
10848,0.226,0,0
10849,0.226021,0,0
10850,0.226042,0,0
10851,0.226063,0,0
10852,0.226083,0,0
10853,0.226104,0,0
10854,0.226125,0,0
10855,0.226146,0,0
10856,0.226167,0,0
10857,0.226187,0,0
10858,0.226208,0,0
10859,0.226229,0,0
10860,0.22625,0,0
10861,0.226271,0,0
10862,0.226292,0,0
10863,0.226313,0,0
10864,0.226333,0,0
10865,0.226354,0,0
10866,0.226375,0,0
10867,0.226396,0,0
10868,0.226417,0,0
10869,0.226437,0,0
10870,0.226458,0,0
10871,0.226479,0,0
10872,0.2265,0,0
10873,0.226521,0,0
10874,0.226542,0,0
10875,0.226562,0,0
10876,0.226583,0,0
10877,0.226604,0,0
10878,0.226625,0,0
10879,0.226646,0,0
10880,0.226667,0,0
10881,0.226688,0,0
10882,0.226708,0,0
10883,0.226729,0,0
10884,0.22675,0,0
10885,0.226771,0,0
10886,0.226792,0,0
10887,0.226812,0,0
10888,0.226833,0,0
10889,0.226854,0,0
10890,0.226875,0,0
10891,0.226896,0,0
10892,0.226917,0,0
10893,0.226938,0,0
10894,0.226958,0,0
10895,0.226979,0,0
10896,0.227,0,0
10897,0.227021,0,0
10898,0.227042,0,0
10899,0.227062,0,0
10900,0.227083,0,0
10901,0.227104,0,0
10902,0.227125,0,0
10903,0.227146,0,0
10904,0.227167,0,0
10905,0.227187,0,0
10906,0.227208,0,0
10907,0.227229,0,0
10908,0.22725,0,0
10909,0.227271,0,0
10910,0.227292,0,0
10911,0.227313,0,0
10912,0.227333,0,0
10913,0.227354,0,0
10914,0.227375,0,0
10915,0.227396,0,0
10916,0.227417,0,0
10917,0.227437,0,0
10918,0.227458,0,0
10919,0.227479,0,0
10920,0.2275,0,0
10921,0.227521,0,0
10922,0.227542,0,0
10923,0.227563,0,0
10924,0.227583,0,0
10925,0.227604,0,0
10926,0.227625,0,0
10927,0.227646,0,0
10928,0.227667,0,0
10929,0.227687,0,0
10930,0.227708,0,0
10931,0.227729,0,0
10932,0.22775,0,0
10933,0.227771,0,0
10934,0.227792,0,0
10935,0.227812,0,0
10936,0.227833,0,0
10937,0.227854,0,0
10938,0.227875,0,0
10939,0.227896,0,0
10940,0.227917,0,0
10941,0.227938,0,0
10942,0.227958,0,0
10943,0.227979,0,0
10944,0.228,0,0
10945,0.228021,0,0
10946,0.228042,0,0
10947,0.228062,0,0
10948,0.228083,0,0
10949,0.228104,0,0
10950,0.228125,0,0
10951,0.228146,0,0
10952,0.228167,0,0
10953,0.228188,0,0
10954,0.228208,0,0
10955,0.228229,0,0
10956,0.22825,0,0
10957,0.228271,0,0
10958,0.228292,0,0
10959,0.228313,0,0
10960,0.228333,0,0
10961,0.228354,0,0
10962,0.228375,0,0
10963,0.228396,0,0
10964,0.228417,0,0
10965,0.228437,0,0
10966,0.228458,0,0
10967,0.228479,0,0
10968,0.2285,0,0
10969,0.228521,0,0
10970,0.228542,0,0
10971,0.228563,0,0
10972,0.228583,0,0
10973,0.228604,0,0
10974,0.228625,0,0
10975,0.228646,0,0
10976,0.228667,0,0
10977,0.228687,0,0
10978,0.228708,0,0
10979,0.228729,0,0
10980,0.22875,0,0
10981,0.228771,0,0
10982,0.228792,0,0
10983,0.228813,0,0
10984,0.228833,0,0
10985,0.228854,0,0
10986,0.228875,0,0
10987,0.228896,0,0
10988,0.228917,0,0
10989,0.228938,0,0
10990,0.228958,0,0
10991,0.228979,0,0
10992,0.229,0,0
10993,0.229021,0,0
10994,0.229042,0,0
10995,0.229062,0,0
10996,0.229083,0,0
10997,0.229104,0,0
10998,0.229125,0,0
10999,0.229146,0,0
11000,0.229167,0,0
11001,0.229188,0,0
11002,0.229208,0,0
11003,0.229229,0,0
11004,0.22925,0,0
11005,0.229271,0,0
11006,0.229292,0,0
11007,0.229312,0,0
11008,0.229333,0,0
11009,0.229354,0,0
11010,0.229375,0,0
11011,0.229396,0,0
11012,0.229417,0,0
11013,0.229438,0,0
11014,0.229458,0,0
11015,0.229479,0,0
11016,0.2295,0,0
11017,0.229521,0,0
11018,0.229542,0,0
11019,0.229563,0,0
11020,0.229583,0,0
11021,0.229604,0,0
11022,0.229625,0,0
11023,0.229646,0,0
11024,0.229667,0,0
11025,0.229687,0,0
11026,0.229708,0,0
11027,0.229729,0,0
11028,0.22975,0,0
11029,0.229771,0,0
11030,0.229792,0,0
11031,0.229813,0,0
11032,0.229833,0,0
11033,0.229854,0,0
11034,0.229875,0,0
11035,0.229896,0,0
11036,0.229917,0,0
11037,0.229937,0,0
11038,0.229958,0,0
11039,0.229979,0,0
11040,0.23,0,0
11041,0.230021,0,0
11042,0.230042,0,0
11043,0.230062,0,0
11044,0.230083,0,0
11045,0.230104,0,0
11046,0.230125,0,0
11047,0.230146,0,0
11048,0.230167,0,0
11049,0.230188,0,0
11050,0.230208,0,0
11051,0.230229,0,0
11052,0.23025,0,0
11053,0.230271,0,0
11054,0.230292,0,0
11055,0.230312,0,0
11056,0.230333,0,0
11057,0.230354,0,0
11058,0.230375,0,0
11059,0.230396,0,0
11060,0.230417,0,0
11061,0.230438,0,0
11062,0.230458,0,0
11063,0.230479,0,0
11064,0.2305,0,0
11065,0.230521,0,0
11066,0.230542,0,0
11067,0.230562,0,0
11068,0.230583,0,0
11069,0.230604,0,0
11070,0.230625,0,0
11071,0.230646,0,0
11072,0.230667,0,0
11073,0.230687,0,0
11074,0.230708,0,0
11075,0.230729,0,0
11076,0.23075,0,0
11077,0.230771,0,0
11078,0.230792,0,0
11079,0.230813,0,0
11080,0.230833,0,0
11081,0.230854,0,0
11082,0.230875,0,0
11083,0.230896,0,0
11084,0.230917,0,0
11085,0.230937,0,0
11086,0.230958,0,0
11087,0.230979,0,0
11088,0.231,0,0
11089,0.231021,0,0
11090,0.231042,0,0
11091,0.231063,0,0
11092,0.231083,0,0
11093,0.231104,0,0
11094,0.231125,0,0
11095,0.231146,0,0
11096,0.231167,0,0
11097,0.231187,0,0
11098,0.231208,0,0
11099,0.231229,0,0
11100,0.23125,0,0
11101,0.231271,0,0
11102,0.231292,0,0
11103,0.231312,0,0
11104,0.231333,0,0
11105,0.231354,0,0
11106,0.231375,0,0
11107,0.231396,0,0
11108,0.231417,0,0
11109,0.231438,0,0
11110,0.231458,0,0
11111,0.231479,0,0
11112,0.2315,0,0
11113,0.231521,0,0
11114,0.231542,0,0
11115,0.231562,0,0
11116,0.231583,0,0
11117,0.231604,0,0
11118,0.231625,0,0
11119,0.231646,0,0
11120,0.231667,0,0
11121,0.231688,0,0
11122,0.231708,0,0
11123,0.231729,0,0
11124,0.23175,0,0
11125,0.231771,0,0
11126,0.231792,0,0
11127,0.231813,0,0
11128,0.231833,0,0
11129,0.231854,0,0
11130,0.231875,0,0
11131,0.231896,0,0
11132,0.231917,0,0
11133,0.231937,0,0
11134,0.231958,0,0
11135,0.231979,0,0
11136,0.232,0,0
11137,0.232021,0,0
11138,0.232042,0,0
11139,0.232063,0,0
11140,0.232083,0,0
11141,0.232104,0,0
11142,0.232125,0,0
11143,0.232146,0,0
11144,0.232167,0,0
11145,0.232187,0,0
11146,0.232208,0,0
11147,0.232229,0,0
11148,0.23225,0,0
11149,0.232271,0,0
11150,0.232292,0,0
11151,0.232313,0,0
11152,0.232333,0,0
11153,0.232354,0,0
11154,0.232375,0,0
11155,0.232396,0,0
11156,0.232417,0,0
11157,0.232438,0,0
11158,0.232458,0,0
11159,0.232479,0,0
11160,0.2325,0,0
11161,0.232521,0,0
11162,0.232542,0,0
11163,0.232562,0,0
11164,0.232583,0,0
11165,0.232604,0,0
11166,0.232625,0,0
11167,0.232646,0,0
11168,0.232667,0,0
11169,0.232688,0,0
11170,0.232708,0,0
11171,0.232729,0,0
11172,0.23275,0,0
11173,0.232771,0,0
11174,0.232792,0,0
11175,0.232812,0,0
11176,0.232833,0,0
11177,0.232854,0,0
11178,0.232875,0,0
11179,0.232896,0,0
11180,0.232917,0,0
11181,0.232937,0,0
11182,0.232958,0,0
11183,0.232979,0,0
11184,0.233,0,0
11185,0.233021,0,0
11186,0.233042,0,0
11187,0.233063,0,0
11188,0.233083,0,0
11189,0.233104,0,0
11190,0.233125,0,0
11191,0.233146,0,0
11192,0.233167,0,0
11193,0.233187,0,0
11194,0.233208,0,0
11195,0.233229,0,0
11196,0.23325,0,0
11197,0.233271,0,0
11198,0.233292,0,0
11199,0.233313,0,0
11200,0.233333,0,0
11201,0.233354,0,0
11202,0.233375,0,0
11203,0.233396,0,0
11204,0.233417,0,0
11205,0.233437,0,0
11206,0.233458,0,0
11207,0.233479,0,0
11208,0.2335,0,0
11209,0.233521,0,0
11210,0.233542,0,0
11211,0.233562,0,0
11212,0.233583,0,0
11213,0.233604,0,0
11214,0.233625,0,0
11215,0.233646,0,0
11216,0.233667,0,0
11217,0.233688,0,0
11218,0.233708,0,0
11219,0.233729,0,0
11220,0.23375,0,0
11221,0.233771,0,0
11222,0.233792,0,0
11223,0.233812,0,0
11224,0.233833,0,0
11225,0.233854,0,0
11226,0.233875,0,0
11227,0.233896,0,0
11228,0.233917,0,0
11229,0.233938,0,0
11230,0.233958,0,0
11231,0.233979,0,0
11232,0.234,0,0
11233,0.234021,0,0
11234,0.234042,0,0
11235,0.234062,0,0
11236,0.234083,0,0
11237,0.234104,0,0
11238,0.234125,0,0
11239,0.234146,0,0
11240,0.234167,0,0
11241,0.234187,0,0
11242,0.234208,0,0
11243,0.234229,0,0
11244,0.23425,0,0
11245,0.234271,0,0
11246,0.234292,0,0
11247,0.234313,0,0
11248,0.234333,0,0
11249,0.234354,0,0
11250,0.234375,0,0
11251,0.234396,0,0
11252,0.234417,0,0
11253,0.234437,0,0
11254,0.234458,0,0
11255,0.234479,0,0
11256,0.2345,0,0
11257,0.234521,0,0
11258,0.234542,0,0
11259,0.234563,0,0
11260,0.234583,0,0
11261,0.234604,0,0
11262,0.234625,0,0
11263,0.234646,0,0
11264,0.234667,0,0
11265,0.234688,0,0
11266,0.234708,0,0
11267,0.234729,0,0
11268,0.23475,0,0
11269,0.234771,0,0
11270,0.234792,0,0
11271,0.234812,0,0
11272,0.234833,0,0
11273,0.234854,0,0
11274,0.234875,0,0
11275,0.234896,0,0
11276,0.234917,0,0
11277,0.234938,0,0
11278,0.234958,0,0
11279,0.234979,0,0
11280,0.235,0,0
11281,0.235021,0,0
11282,0.235042,0,0
11283,0.235062,0,0
11284,0.235083,0,0
11285,0.235104,0,0
11286,0.235125,0,0
11287,0.235146,0,0
11288,0.235167,0,0
11289,0.235188,0,0
11290,0.235208,0,0
11291,0.235229,0,0
11292,0.23525,0,0
11293,0.235271,0,0
11294,0.235292,0,0
11295,0.235313,0,0
11296,0.235333,0,0
11297,0.235354,0,0
11298,0.235375,0,0
11299,0.235396,0,0
11300,0.235417,0,0
11301,0.235437,0,0
11302,0.235458,0,0
11303,0.235479,0,0
11304,0.2355,0,0
11305,0.235521,0,0
11306,0.235542,0,0
11307,0.235563,0,0
11308,0.235583,0,0
11309,0.235604,0,0
11310,0.235625,0,0
11311,0.235646,0,0
11312,0.235667,0,0
11313,0.235687,0,0
11314,0.235708,0,0
11315,0.235729,0,0
11316,0.23575,0,0
11317,0.235771,0,0
11318,0.235792,0,0
11319,0.235813,0,0
11320,0.235833,0,0
11321,0.235854,0,0
11322,0.235875,0,0
11323,0.235896,0,0
11324,0.235917,0,0
11325,0.235938,0,0
11326,0.235958,0,0
11327,0.235979,0,0
11328,0.236,0,0
11329,0.236021,0,0
11330,0.236042,0,0
11331,0.236062,0,0
11332,0.236083,0,0
11333,0.236104,0,0
11334,0.236125,0,0
11335,0.236146,0,0
11336,0.236167,0,0
11337,0.236188,0,0
11338,0.236208,0,0
11339,0.236229,0,0
11340,0.23625,0,0
11341,0.236271,0,0
11342,0.236292,0,0
11343,0.236312,0,0
11344,0.236333,0,0
11345,0.236354,0,0
11346,0.236375,0,0
11347,0.236396,0,0
11348,0.236417,0,0
11349,0.236437,0,0
11350,0.236458,0,0
11351,0.236479,0,0
11352,0.2365,0,0
11353,0.236521,0,0
11354,0.236542,0,0
11355,0.236563,0,0
11356,0.236583,0,0
11357,0.236604,0,0
11358,0.236625,0,0
11359,0.236646,0,0
11360,0.236667,0,0
11361,0.236687,0,0
11362,0.236708,0,0
11363,0.236729,0,0
11364,0.23675,0,0
11365,0.236771,0,0
11366,0.236792,0,0
11367,0.236813,0,0
11368,0.236833,0,0
11369,0.236854,0,0
11370,0.236875,0,0
11371,0.236896,0,0
11372,0.236917,0,0
11373,0.236937,0,0
11374,0.236958,0,0
11375,0.236979,0,0
11376,0.237,0,0
11377,0.237021,0,0
11378,0.237042,0,0
11379,0.237062,0,0
11380,0.237083,0,0
11381,0.237104,0,0
11382,0.237125,0,0
11383,0.237146,0,0
11384,0.237167,0,0
11385,0.237188,0,0
11386,0.237208,0,0
11387,0.237229,0,0
11388,0.23725,0,0
11389,0.237271,0,0
11390,0.237292,0,0
11391,0.237312,0,0
11392,0.237333,0,0
11393,0.237354,0,0
11394,0.237375,0,0
11395,0.237396,0,0
11396,0.237417,0,0
11397,0.237438,0,0
11398,0.237458,0,0
11399,0.237479,0,0
11400,0.2375,0,0
11401,0.237521,0,0
11402,0.237542,0,0
11403,0.237563,0,0
11404,0.237583,0,0
11405,0.237604,0,0
11406,0.237625,0,0
11407,0.237646,0,0
11408,0.237667,0,0
11409,0.237687,0,0
11410,0.237708,0,0
11411,0.237729,0,0
11412,0.23775,0,0
11413,0.237771,0,0
11414,0.237792,0,0
11415,0.237813,0,0
11416,0.237833,0,0
11417,0.237854,0,0
11418,0.237875,0,0
11419,0.237896,0,0
11420,0.237917,0,0
11421,0.237937,0,0
11422,0.237958,0,0
11423,0.237979,0,0
11424,0.238,0,0
11425,0.238021,0,0
11426,0.238042,0,0
11427,0.238063,0,0
11428,0.238083,0,0
11429,0.238104,0,0
11430,0.238125,0,0
11431,0.238146,0,0
11432,0.238167,0,0
11433,0.238188,0,0
11434,0.238208,0,0
11435,0.238229,0,0
11436,0.23825,0,0
11437,0.238271,0,0
11438,0.238292,0,0
11439,0.238312,0,0
11440,0.238333,0,0
11441,0.238354,0,0
11442,0.238375,0,0
11443,0.238396,0,0
11444,0.238417,0,0
11445,0.238438,0,0
11446,0.238458,0,0
11447,0.238479,0,0
11448,0.2385,0,0
11449,0.238521,0,0
11450,0.238542,0,0
11451,0.238562,0,0
11452,0.238583,0,0
11453,0.238604,0,0
11454,0.238625,0,0
11455,0.238646,0,0
11456,0.238667,0,0
11457,0.238688,0,0
11458,0.238708,0,0
11459,0.238729,0,0
11460,0.23875,0,0
11461,0.238771,0,0
11462,0.238792,0,0
11463,0.238813,0,0
11464,0.238833,0,0
11465,0.238854,0,0
11466,0.238875,0,0
11467,0.238896,0,0
11468,0.238917,0,0
11469,0.238937,0,0
11470,0.238958,0,0
11471,0.238979,0,0
11472,0.239,0,0
11473,0.239021,0,0
11474,0.239042,0,0
11475,0.239063,0,0
11476,0.239083,0,0
11477,0.239104,0,0
11478,0.239125,0,0
11479,0.239146,0,0
11480,0.239167,0,0
11481,0.239187,0,0
11482,0.239208,0,0
11483,0.239229,0,0
11484,0.23925,0,0
11485,0.239271,0,0
11486,0.239292,0,0
11487,0.239312,0,0
11488,0.239333,0,0
11489,0.239354,0,0
11490,0.239375,0,0
11491,0.239396,0,0
11492,0.239417,0,0
11493,0.239438,0,0
11494,0.239458,0,0
11495,0.239479,0,0
11496,0.2395,0,0
11497,0.239521,0,0
11498,0.239542,0,0
11499,0.239562,0,0
11500,0.239583,0,0
11501,0.239604,0,0
11502,0.239625,0,0
11503,0.239646,0,0
11504,0.239667,0,0
11505,0.239688,0,0
11506,0.239708,0,0
11507,0.239729,0,0
11508,0.23975,0,0
11509,0.239771,0,0
11510,0.239792,0,0
11511,0.239812,0,0
11512,0.239833,0,0
11513,0.239854,0,0
11514,0.239875,0,0
11515,0.239896,0,0
11516,0.239917,0,0
11517,0.239937,0,0
11518,0.239958,0,0
11519,0.239979,0,0
11520,0.24,0,0
11521,0.240021,0,0
11522,0.240042,0,0
11523,0.240063,0,0
11524,0.240083,0,0
11525,0.240104,0,0
11526,0.240125,0,0
11527,0.240146,0,0
11528,0.240167,0,0
11529,0.240187,0,0
11530,0.240208,0,0
11531,0.240229,0,0
11532,0.24025,0,0
11533,0.240271,0,0
11534,0.240292,0,0
11535,0.240313,0,0
11536,0.240333,0,0
11537,0.240354,0,0
11538,0.240375,0,0
11539,0.240396,0,0
11540,0.240417,0,0
11541,0.240437,0,0
11542,0.240458,0,0
11543,0.240479,0,0
11544,0.2405,0,0
11545,0.240521,0,0
11546,0.240542,0,0
11547,0.240562,0,0
11548,0.240583,0,0
11549,0.240604,0,0
11550,0.240625,0,0
11551,0.240646,0,0
11552,0.240667,0,0
11553,0.240688,0,0
11554,0.240708,0,0
11555,0.240729,0,0
11556,0.24075,0,0
11557,0.240771,0,0
11558,0.240792,0,0
11559,0.240812,0,0
11560,0.240833,0,0
11561,0.240854,0,0
11562,0.240875,0,0
11563,0.240896,0,0
11564,0.240917,0,0
11565,0.240938,0,0
11566,0.240958,0,0
11567,0.240979,0,0
11568,0.241,0,0
11569,0.241021,0,0
11570,0.241042,0,0
11571,0.241063,0,0
11572,0.241083,0,0
11573,0.241104,0,0
11574,0.241125,0,0
11575,0.241146,0,0
11576,0.241167,0,0
11577,0.241187,0,0
11578,0.241208,0,0
11579,0.241229,0,0
11580,0.24125,0,0
11581,0.241271,0,0
11582,0.241292,0,0
11583,0.241313,0,0
11584,0.241333,0,0
11585,0.241354,0,0
11586,0.241375,0,0
11587,0.241396,0,0
11588,0.241417,0,0
11589,0.241437,0,0
11590,0.241458,0,0
11591,0.241479,0,0
11592,0.2415,0,0
11593,0.241521,0,0
11594,0.241542,0,0
11595,0.241563,0,0
11596,0.241583,0,0
11597,0.241604,0,0
11598,0.241625,0,0
11599,0.241646,0,0
11600,0.241667,0,0
11601,0.241688,0,0
11602,0.241708,0,0
11603,0.241729,0,0
11604,0.24175,0,0
11605,0.241771,0,0
11606,0.241792,0,0
11607,0.241812,0,0
11608,0.241833,0,0
11609,0.241854,0,0
11610,0.241875,0,0
11611,0.241896,0,0
11612,0.241917,0,0
11613,0.241938,0,0
11614,0.241958,0,0
11615,0.241979,0,0
11616,0.242,0,0
11617,0.242021,0,0
11618,0.242042,0,0
11619,0.242062,0,0
11620,0.242083,0,0
11621,0.242104,0,0
11622,0.242125,0,0
11623,0.242146,0,0
11624,0.242167,0,0
11625,0.242188,0,0
11626,0.242208,0,0
11627,0.242229,0,0
11628,0.24225,0,0
11629,0.242271,0,0
11630,0.242292,0,0
11631,0.242313,0,0
11632,0.242333,0,0
11633,0.242354,0,0
11634,0.242375,0,0
11635,0.242396,0,0
11636,0.242417,0,0
11637,0.242437,0,0
11638,0.242458,0,0
11639,0.242479,0,0
11640,0.2425,0,0
11641,0.242521,0,0
11642,0.242542,0,0
11643,0.242563,0,0
11644,0.242583,0,0
11645,0.242604,0,0
11646,0.242625,0,0
11647,0.242646,0,0
11648,0.242667,0,0
11649,0.242687,0,0
11650,0.242708,0,0
11651,0.242729,0,0
11652,0.24275,0,0
11653,0.242771,0,0
11654,0.242792,0,0
11655,0.242812,0,0
11656,0.242833,0,0
11657,0.242854,0,0
11658,0.242875,0,0
11659,0.242896,0,0
11660,0.242917,0,0
11661,0.242938,0,0
11662,0.242958,0,0
11663,0.242979,0,0
11664,0.243,0,0
11665,0.243021,0,0
11666,0.243042,0,0
11667,0.243062,0,0
11668,0.243083,0,0
11669,0.243104,0,0
11670,0.243125,0,0
11671,0.243146,0,0
11672,0.243167,0,0
11673,0.243188,0,0
11674,0.243208,0,0
11675,0.243229,0,0
11676,0.24325,0,0
11677,0.243271,0,0
11678,0.243292,0,0
11679,0.243312,0,0
11680,0.243333,0,0
11681,0.243354,0,0
11682,0.243375,0,0
11683,0.243396,0,0
11684,0.243417,0,0
11685,0.243437,0,0
11686,0.243458,0,0
11687,0.243479,0,0
11688,0.2435,0,0
11689,0.243521,0,0
11690,0.243542,0,0
11691,0.243563,0,0
11692,0.243583,0,0
11693,0.243604,0,0
11694,0.243625,0,0
11695,0.243646,0,0
11696,0.243667,0,0
11697,0.243687,0,0
11698,0.243708,0,0
11699,0.243729,0,0
11700,0.24375,0,0
11701,0.243771,0,0
11702,0.243792,0,0
11703,0.243813,0,0
11704,0.243833,0,0
11705,0.243854,0,0
11706,0.243875,0,0
11707,0.243896,0,0
11708,0.243917,0,0
11709,0.243938,0,0
11710,0.243958,0,0
11711,0.243979,0,0
11712,0.244,0,0
11713,0.244021,0,0
11714,0.244042,0,0
11715,0.244062,0,0
11716,0.244083,0,0
11717,0.244104,0,0
11718,0.244125,0,0
11719,0.244146,0,0
11720,0.244167,0,0
11721,0.244188,0,0
11722,0.244208,0,0
11723,0.244229,0,0
11724,0.24425,0,0
11725,0.244271,0,0
11726,0.244292,0,0
11727,0.244312,0,0
11728,0.244333,0,0
11729,0.244354,0,0
11730,0.244375,0,0
11731,0.244396,0,0
11732,0.244417,0,0
11733,0.244438,0,0
11734,0.244458,0,0
11735,0.244479,0,0
11736,0.2445,0,0
11737,0.244521,0,0
11738,0.244542,0,0
11739,0.244563,0,0
11740,0.244583,0,0
11741,0.244604,0,0
11742,0.244625,0,0
11743,0.244646,0,0
11744,0.244667,0,0
11745,0.244687,0,0
11746,0.244708,0,0
11747,0.244729,0,0
11748,0.24475,0,0
11749,0.244771,0,0
11750,0.244792,0,0
11751,0.244813,0,0
11752,0.244833,0,0
11753,0.244854,0,0
11754,0.244875,0,0
11755,0.244896,0,0
11756,0.244917,0,0
11757,0.244937,0,0
11758,0.244958,0,0
11759,0.244979,0,0
11760,0.245,0,0
11761,0.245021,0,0
11762,0.245042,0,0
11763,0.245063,0,0
11764,0.245083,0,0
11765,0.245104,0,0
11766,0.245125,0,0
11767,0.245146,0,0
11768,0.245167,0,0
11769,0.245188,0,0
11770,0.245208,0,0
11771,0.245229,0,0
11772,0.24525,0,0
11773,0.245271,0,0
11774,0.245292,0,0
11775,0.245312,0,0
11776,0.245333,0,0
11777,0.245354,0,0
11778,0.245375,0,0
11779,0.245396,0,0
11780,0.245417,0,0
11781,0.245438,0,0
11782,0.245458,0,0
11783,0.245479,0,0
11784,0.2455,0,0
11785,0.245521,0,0
11786,0.245542,0,0
11787,0.245562,0,0
11788,0.245583,0,0
11789,0.245604,0,0
11790,0.245625,0,0
11791,0.245646,0,0
11792,0.245667,0,0
11793,0.245687,0,0
11794,0.245708,0,0
11795,0.245729,0,0
11796,0.24575,0,0
11797,0.245771,0,0
11798,0.245792,0,0
11799,0.245813,0,0
11800,0.245833,0,0
11801,0.245854,0,0
11802,0.245875,0,0
11803,0.245896,0,0
11804,0.245917,0,0
11805,0.245937,0,0
11806,0.245958,0,0
11807,0.245979,0,0
11808,0.246,0,0
11809,0.246021,0,0
11810,0.246042,0,0
11811,0.246063,0,0
11812,0.246083,0,0
11813,0.246104,0,0
11814,0.246125,0,0
11815,0.246146,0,0
11816,0.246167,0,0
11817,0.246187,0,0
11818,0.246208,0,0
11819,0.246229,0,0
11820,0.24625,0,0
11821,0.246271,0,0
11822,0.246292,0,0
11823,0.246312,0,0
11824,0.246333,0,0
11825,0.246354,0,0
11826,0.246375,0,0
11827,0.246396,0,0
11828,0.246417,0,0
11829,0.246438,0,0
11830,0.246458,0,0
11831,0.246479,0,0
11832,0.2465,0,0
11833,0.246521,0,0
11834,0.246542,0,0
11835,0.246562,0,0
11836,0.246583,0,0
11837,0.246604,0,0
11838,0.246625,0,0
11839,0.246646,0,0
11840,0.246667,0,0
11841,0.246688,0,0
11842,0.246708,0,0
11843,0.246729,0,0
11844,0.24675,0,0
11845,0.246771,0,0
11846,0.246792,0,0
11847,0.246812,0,0
11848,0.246833,0,0
11849,0.246854,0,0
11850,0.246875,0,0
11851,0.246896,0,0
11852,0.246917,0,0
11853,0.246937,0,0
11854,0.246958,0,0
11855,0.246979,0,0
11856,0.247,0,0
11857,0.247021,0,0
11858,0.247042,0,0
11859,0.247063,0,0
11860,0.247083,0,0
11861,0.247104,0,0
11862,0.247125,0,0
11863,0.247146,0,0
11864,0.247167,0,0
11865,0.247187,0,0
11866,0.247208,0,0
11867,0.247229,0,0
11868,0.24725,0,0
11869,0.247271,0,0
11870,0.247292,0,0
11871,0.247313,0,0
11872,0.247333,0,0
11873,0.247354,0,0
11874,0.247375,0,0
11875,0.247396,0,0
11876,0.247417,0,0
11877,0.247438,0,0
11878,0.247458,0,0
11879,0.247479,0,0
11880,0.2475,0,0
11881,0.247521,0,0
11882,0.247542,0,0
11883,0.247562,0,0
11884,0.247583,0,0
11885,0.247604,0,0
11886,0.247625,0,0
11887,0.247646,0,0
11888,0.247667,0,0
11889,0.247688,0,0
11890,0.247708,0,0
11891,0.247729,0,0
11892,0.24775,0,0
11893,0.247771,0,0
11894,0.247792,0,0
11895,0.247812,0,0
11896,0.247833,0,0
11897,0.247854,0,0
11898,0.247875,0,0
11899,0.247896,0,0
11900,0.247917,0,0
11901,0.247938,0,0
11902,0.247958,0,0
11903,0.247979,0,0
11904,0.248,0,0
11905,0.248021,0,0
11906,0.248042,0,0
11907,0.248063,0,0
11908,0.248083,0,0
11909,0.248104,0,0
11910,0.248125,0,0
11911,0.248146,0,0
11912,0.248167,0,0
11913,0.248187,0,0
11914,0.248208,0,0
11915,0.248229,0,0
11916,0.24825,0,0
11917,0.248271,0,0
11918,0.248292,0,0
11919,0.248313,0,0
11920,0.248333,0,0
11921,0.248354,0,0
11922,0.248375,0,0
11923,0.248396,0,0
11924,0.248417,0,0
11925,0.248437,0,0
11926,0.248458,0,0
11927,0.248479,0,0
11928,0.2485,0,0
11929,0.248521,0,0
11930,0.248542,0,0
11931,0.248562,0,0
11932,0.248583,0,0
11933,0.248604,0,0
11934,0.248625,0,0
11935,0.248646,0,0
11936,0.248667,0,0
11937,0.248688,0,0
11938,0.248708,0,0
11939,0.248729,0,0
11940,0.24875,0,0
11941,0.248771,0,0
11942,0.248792,0,0
11943,0.248812,0,0
11944,0.248833,0,0
11945,0.248854,0,0
11946,0.248875,0,0
11947,0.248896,0,0
11948,0.248917,0,0
11949,0.248938,0,0
11950,0.248958,0,0
11951,0.248979,0,0
11952,0.249,0,0
11953,0.249021,0,0
11954,0.249042,0,0
11955,0.249062,0,0
11956,0.249083,0,0
11957,0.249104,0,0
11958,0.249125,0,0
11959,0.249146,0,0
11960,0.249167,0,0
11961,0.249187,0,0
11962,0.249208,0,0
11963,0.249229,0,0
11964,0.24925,0,0
11965,0.249271,0,0
11966,0.249292,0,0
11967,0.249313,0,0
11968,0.249333,0,0
11969,0.249354,0,0
11970,0.249375,0,0
11971,0.249396,0,0
11972,0.249417,0,0
11973,0.249437,0,0
11974,0.249458,0,0
11975,0.249479,0,0
11976,0.2495,0,0
11977,0.249521,0,0
11978,0.249542,0,0
11979,0.249563,0,0
11980,0.249583,0,0
11981,0.249604,0,0
11982,0.249625,0,0
11983,0.249646,0,0
11984,0.249667,0,0
11985,0.249687,0,0
11986,0.249708,0,0
11987,0.249729,0,0
11988,0.24975,0,0
11989,0.249771,0,0
11990,0.249792,0,0
11991,0.249812,0,0
11992,0.249833,0,0
11993,0.249854,0,0
11994,0.249875,0,0
11995,0.249896,0,0
11996,0.249917,0,0
11997,0.249938,0,0
11998,0.249958,0,0
11999,0.249979,0,0
12000,0.25,0,0
12001,0.250021,0,0
12002,0.250042,0,0
12003,0.250062,0,0
12004,0.250083,0,0
12005,0.250104,0,0
12006,0.250125,0,0
12007,0.250146,0,0
12008,0.250167,0,0
12009,0.250187,0,0
12010,0.250208,0,0
12011,0.250229,0,0
12012,0.25025,0,0
12013,0.250271,0,0
12014,0.250292,0,0
12015,0.250313,0,0
12016,0.250333,0,0
12017,0.250354,0,0
12018,0.250375,0,0
12019,0.250396,0,0
12020,0.250417,0,0
12021,0.250437,0,0
12022,0.250458,0,0
12023,0.250479,0,0
12024,0.2505,0,0
12025,0.250521,0,0
12026,0.250542,0,0
12027,0.250562,0,0
12028,0.250583,0,0
12029,0.250604,0,0
12030,0.250625,0,0
12031,0.250646,0,0
12032,0.250667,0,0
12033,0.250688,0,0
12034,0.250708,0,0
12035,0.250729,0,0
12036,0.25075,0,0
12037,0.250771,0,0
12038,0.250792,0,0
12039,0.250813,0,0
12040,0.250833,0,0
12041,0.250854,0,0
12042,0.250875,0,0
12043,0.250896,0,0
12044,0.250917,0,0
12045,0.250937,0,0
12046,0.250958,0,0
12047,0.250979,0,0
12048,0.251,0,0
12049,0.251021,0,0
12050,0.251042,0,0
12051,0.251063,0,0
12052,0.251083,0,0
12053,0.251104,0,0
12054,0.251125,0,0
12055,0.251146,0,0
12056,0.251167,0,0
12057,0.251188,0,0
12058,0.251208,0,0
12059,0.251229,0,0
12060,0.25125,0,0
12061,0.251271,0,0
12062,0.251292,0,0
12063,0.251312,0,0
12064,0.251333,0,0
12065,0.251354,0,0
12066,0.251375,0,0
12067,0.251396,0,0
12068,0.251417,0,0
12069,0.251437,0,0
12070,0.251458,0,0
12071,0.251479,0,0
12072,0.2515,0,0
12073,0.251521,0,0
12074,0.251542,0,0
12075,0.251563,0,0
12076,0.251583,0,0
12077,0.251604,0,0
12078,0.251625,0,0
12079,0.251646,0,0
12080,0.251667,0,0
12081,0.251687,0,0
12082,0.251708,0,0
12083,0.251729,0,0
12084,0.25175,0,0
12085,0.251771,0,0
12086,0.251792,0,0
12087,0.251812,0,0
12088,0.251833,0,0
12089,0.251854,0,0
12090,0.251875,0,0
12091,0.251896,0,0
12092,0.251917,0,0
12093,0.251938,0,0
12094,0.251958,0,0
12095,0.251979,0,0
12096,0.252,0,0
12097,0.252021,0,0
12098,0.252042,0,0
12099,0.252062,0,0
12100,0.252083,0,0
12101,0.252104,0,0
12102,0.252125,0,0
12103,0.252146,0,0
12104,0.252167,0,0
12105,0.252187,0,0
12106,0.252208,0,0
12107,0.252229,0,0
12108,0.25225,0,0
12109,0.252271,0,0
12110,0.252292,0,0
12111,0.252313,0,0
12112,0.252333,0,0
12113,0.252354,0,0
12114,0.252375,0,0
12115,0.252396,0,0
12116,0.252417,0,0
12117,0.252438,0,0
12118,0.252458,0,0
12119,0.252479,0,0
12120,0.2525,0,0
12121,0.252521,0,0
12122,0.252542,0,0
12123,0.252562,0,0
12124,0.252583,0,0
12125,0.252604,0,0
12126,0.252625,0,0
12127,0.252646,0,0
12128,0.252667,0,0
12129,0.252688,0,0
12130,0.252708,0,0
12131,0.252729,0,0
12132,0.25275,0,0
12133,0.252771,0,0
12134,0.252792,0,0
12135,0.252813,0,0
12136,0.252833,0,0
12137,0.252854,0,0
12138,0.252875,0,0
12139,0.252896,0,0
12140,0.252917,0,0
12141,0.252937,0,0
12142,0.252958,0,0
12143,0.252979,0,0
12144,0.253,0,0
12145,0.253021,0,0
12146,0.253042,0,0
12147,0.253062,0,0
12148,0.253083,0,0
12149,0.253104,0,0
12150,0.253125,0,0
12151,0.253146,0,0
12152,0.253167,0,0
12153,0.253188,0,0
12154,0.253208,0,0
12155,0.253229,0,0
12156,0.25325,0,0
12157,0.253271,0,0
12158,0.253292,0,0
12159,0.253312,0,0
12160,0.253333,0,0
12161,0.253354,0,0
12162,0.253375,0,0
12163,0.253396,0,0
12164,0.253417,0,0
12165,0.253437,0,0
12166,0.253458,0,0
12167,0.253479,0,0
12168,0.2535,0,0
12169,0.253521,0,0
12170,0.253542,0,0
12171,0.253563,0,0
12172,0.253583,0,0
12173,0.253604,0,0
12174,0.253625,0,0
12175,0.253646,0,0
12176,0.253667,0,0
12177,0.253688,0,0
12178,0.253708,0,0
12179,0.253729,0,0
12180,0.25375,0,0
12181,0.253771,0,0
12182,0.253792,0,0
12183,0.253812,0,0
12184,0.253833,0,0
12185,0.253854,0,0
12186,0.253875,0,0
12187,0.253896,0,0
12188,0.253917,0,0
12189,0.253938,0,0
12190,0.253958,0,0
12191,0.253979,0,0
12192,0.254,0,0
12193,0.254021,0,0
12194,0.254042,0,0
12195,0.254063,0,0
12196,0.254083,0,0
12197,0.254104,0,0
12198,0.254125,0,0
12199,0.254146,0,0
12200,0.254167,0,0
12201,0.254187,0,0
12202,0.254208,0,0
12203,0.254229,0,0
12204,0.25425,0,0
12205,0.254271,0,0
12206,0.254292,0,0
12207,0.254312,0,0
12208,0.254333,0,0
12209,0.254354,0,0
12210,0.254375,0,0
12211,0.254396,0,0
12212,0.254417,0,0
12213,0.254438,0,0
12214,0.254458,0,0
12215,0.254479,0,0
12216,0.2545,0,0
12217,0.254521,0,0
12218,0.254542,0,0
12219,0.254562,0,0
12220,0.254583,0,0
12221,0.254604,0,0
12222,0.254625,0,0
12223,0.254646,0,0
12224,0.254667,0,0
12225,0.254687,0,0
12226,0.254708,0,0
12227,0.254729,0,0
12228,0.25475,0,0
12229,0.254771,0,0
12230,0.254792,0,0
12231,0.254813,0,0
12232,0.254833,0,0
12233,0.254854,0,0
12234,0.254875,0,0
12235,0.254896,0,0
12236,0.254917,0,0
12237,0.254937,0,0
12238,0.254958,0,0
12239,0.254979,0,0
12240,0.255,0,0
12241,0.255021,0,0
12242,0.255042,0,0
12243,0.255062,0,0
12244,0.255083,0,0
12245,0.255104,0,0
12246,0.255125,0,0
12247,0.255146,0,0
12248,0.255167,0,0
12249,0.255188,0,0
12250,0.255208,0,0
12251,0.255229,0,0
12252,0.25525,0,0
12253,0.255271,0,0
12254,0.255292,0,0
12255,0.255313,0,0
12256,0.255333,0,0
12257,0.255354,0,0
12258,0.255375,0,0
12259,0.255396,0,0
12260,0.255417,0,0
12261,0.255437,0,0
12262,0.255458,0,0
12263,0.255479,0,0
12264,0.2555,0,0
12265,0.255521,0,0
12266,0.255542,0,0
12267,0.255563,0,0
12268,0.255583,0,0
12269,0.255604,0,0
12270,0.255625,0,0
12271,0.255646,0,0
12272,0.255667,0,0
12273,0.255688,0,0
12274,0.255708,0,0
12275,0.255729,0,0
12276,0.25575,0,0
12277,0.255771,0,0
12278,0.255792,0,0
12279,0.255812,0,0
12280,0.255833,0,0
12281,0.255854,0,0
12282,0.255875,0,0
12283,0.255896,0,0
12284,0.255917,0,0
12285,0.255937,0,0
12286,0.255958,0,0
12287,0.255979,0,0
12288,0.256,0,0
12289,0.256021,0,0
12290,0.256042,0,0
12291,0.256063,0,0
12292,0.256083,0,0
12293,0.256104,0,0
12294,0.256125,0,0
12295,0.256146,0,0
12296,0.256167,0,0
12297,0.256187,0,0
12298,0.256208,0,0
12299,0.256229,0,0
12300,0.25625,0,0
12301,0.256271,0,0
12302,0.256292,0,0
12303,0.256312,0,0
12304,0.256333,0,0
12305,0.256354,0,0
12306,0.256375,0,0
12307,0.256396,0,0
12308,0.256417,0,0
12309,0.256438,0,0
12310,0.256458,0,0
12311,0.256479,0,0
12312,0.2565,0,0
12313,0.256521,0,0
12314,0.256542,0,0
12315,0.256563,0,0
12316,0.256583,0,0
12317,0.256604,0,0
12318,0.256625,0,0
12319,0.256646,0,0
12320,0.256667,0,0
12321,0.256687,0,0
12322,0.256708,0,0
12323,0.256729,0,0
12324,0.25675,0,0
12325,0.256771,0,0
12326,0.256792,0,0
12327,0.256813,0,0
12328,0.256833,0,0
12329,0.256854,0,0
12330,0.256875,0,0
12331,0.256896,0,0
12332,0.256917,0,0
12333,0.256938,0,0
12334,0.256958,0,0
12335,0.256979,0,0
12336,0.257,0,0
12337,0.257021,0,0
12338,0.257042,0,0
12339,0.257062,0,0
12340,0.257083,0,0
12341,0.257104,0,0
12342,0.257125,0,0
12343,0.257146,0,0
12344,0.257167,0,0
12345,0.257187,0,0
12346,0.257208,0,0
12347,0.257229,0,0
12348,0.25725,0,0
12349,0.257271,0,0
12350,0.257292,0,0
12351,0.257313,0,0
12352,0.257333,0,0
12353,0.257354,0,0
12354,0.257375,0,0
12355,0.257396,0,0
12356,0.257417,0,0
12357,0.257437,0,0
12358,0.257458,0,0
12359,0.257479,0,0
12360,0.2575,0,0
12361,0.257521,0,0
12362,0.257542,0,0
12363,0.257562,0,0
12364,0.257583,0,0
12365,0.257604,0,0
12366,0.257625,0,0
12367,0.257646,0,0
12368,0.257667,0,0
12369,0.257688,0,0
12370,0.257708,0,0
12371,0.257729,0,0
12372,0.25775,0,0
12373,0.257771,0,0
12374,0.257792,0,0
12375,0.257812,0,0
12376,0.257833,0,0
12377,0.257854,0,0
12378,0.257875,0,0
12379,0.257896,0,0
12380,0.257917,0,0
12381,0.257937,0,0
12382,0.257958,0,0
12383,0.257979,0,0
12384,0.258,0,0
12385,0.258021,0,0
12386,0.258042,0,0
12387,0.258063,0,0
12388,0.258083,0,0
12389,0.258104,0,0
12390,0.258125,0,0
12391,0.258146,0,0
12392,0.258167,0,0
12393,0.258188,0,0
12394,0.258208,0,0
12395,0.258229,0,0
12396,0.25825,0,0
12397,0.258271,0,0
12398,0.258292,0,0
12399,0.258312,0,0
12400,0.258333,0,0
12401,0.258354,0,0
12402,0.258375,0,0
12403,0.258396,0,0
12404,0.258417,0,0
12405,0.258438,0,0
12406,0.258458,0,0
12407,0.258479,0,0
12408,0.2585,0,0
12409,0.258521,0,0
12410,0.258542,0,0
12411,0.258563,0,0
12412,0.258583,0,0
12413,0.258604,0,0
12414,0.258625,0,0
12415,0.258646,0,0
12416,0.258667,0,0
12417,0.258687,0,0
12418,0.258708,0,0
12419,0.258729,0,0
12420,0.25875,0,0
12421,0.258771,0,0
12422,0.258792,0,0
12423,0.258812,0,0
12424,0.258833,0,0
12425,0.258854,0,0
12426,0.258875,0,0
12427,0.258896,0,0
12428,0.258917,0,0
12429,0.258938,0,0
12430,0.258958,0,0
12431,0.258979,0,0
12432,0.259,0,0
12433,0.259021,0,0
12434,0.259042,0,0
12435,0.259062,0,0
12436,0.259083,0,0
12437,0.259104,0,0
12438,0.259125,0,0
12439,0.259146,0,0
12440,0.259167,0,0
12441,0.259187,0,0
12442,0.259208,0,0
12443,0.259229,0,0
12444,0.25925,0,0
12445,0.259271,0,0
12446,0.259292,0,0
12447,0.259313,0,0
12448,0.259333,0,0
12449,0.259354,0,0
12450,0.259375,0,0
12451,0.259396,0,0
12452,0.259417,0,0
12453,0.259438,0,0
12454,0.259458,0,0
12455,0.259479,0,0
12456,0.2595,0,0
12457,0.259521,0,0
12458,0.259542,0,0
12459,0.259562,0,0
12460,0.259583,0,0
12461,0.259604,0,0
12462,0.259625,0,0
12463,0.259646,0,0
12464,0.259667,0,0
12465,0.259688,0,0
12466,0.259708,0,0
12467,0.259729,0,0
12468,0.25975,0,0
12469,0.259771,0,0
12470,0.259792,0,0
12471,0.259813,0,0
12472,0.259833,0,0
12473,0.259854,0,0
12474,0.259875,0,0
12475,0.259896,0,0
12476,0.259917,0,0
12477,0.259937,0,0
12478,0.259958,0,0
12479,0.259979,0,0
12480,0.26,0,0
12481,0.260021,0,0
12482,0.260042,0,0
12483,0.260062,0,0
12484,0.260083,0,0
12485,0.260104,0,0
12486,0.260125,0,0
12487,0.260146,0,0
12488,0.260167,0,0
12489,0.260188,0,0
12490,0.260208,0,0
12491,0.260229,0,0
12492,0.26025,0,0
12493,0.260271,0,0
12494,0.260292,0,0
12495,0.260312,0,0
12496,0.260333,0,0
12497,0.260354,0,0
12498,0.260375,0,0
12499,0.260396,0,0
12500,0.260417,0,0
12501,0.260437,0,0
12502,0.260458,0,0
12503,0.260479,0,0
12504,0.2605,0,0
12505,0.260521,0,0
12506,0.260542,0,0
12507,0.260563,0,0
12508,0.260583,0,0
12509,0.260604,0,0
12510,0.260625,0,0
12511,0.260646,0,0
12512,0.260667,0,0
12513,0.260688,0,0
12514,0.260708,0,0
12515,0.260729,0,0
12516,0.26075,0,0
12517,0.260771,0,0
12518,0.260792,0,0
12519,0.260812,0,0
12520,0.260833,0,0
12521,0.260854,0,0
12522,0.260875,0,0
12523,0.260896,0,0
12524,0.260917,0,0
12525,0.260938,0,0
12526,0.260958,0,0
12527,0.260979,0,0
12528,0.261,0,0
12529,0.261021,0,0
12530,0.261042,0,0
12531,0.261063,0,0
12532,0.261083,0,0
12533,0.261104,0,0
12534,0.261125,0,0
12535,0.261146,0,0
12536,0.261167,0,0
12537,0.261187,0,0
12538,0.261208,0,0
12539,0.261229,0,0
12540,0.26125,0,0
12541,0.261271,0,0
12542,0.261292,0,0
12543,0.261313,0,0
12544,0.261333,0,0
12545,0.261354,0,0
12546,0.261375,0,0
12547,0.261396,0,0
12548,0.261417,0,0
12549,0.261438,0,0
12550,0.261458,0,0
12551,0.261479,0,0
12552,0.2615,0,0
12553,0.261521,0,0
12554,0.261542,0,0
12555,0.261562,0,0
12556,0.261583,0,0
12557,0.261604,0,0
12558,0.261625,0,0
12559,0.261646,0,0
12560,0.261667,0,0
12561,0.261687,0,0
12562,0.261708,0,0
12563,0.261729,0,0
12564,0.26175,0,0
12565,0.261771,0,0
12566,0.261792,0,0
12567,0.261813,0,0
12568,0.261833,0,0
12569,0.261854,0,0
12570,0.261875,0,0
12571,0.261896,0,0
12572,0.261917,0,0
12573,0.261937,0,0
12574,0.261958,0,0
12575,0.261979,0,0
12576,0.262,0,0
12577,0.262021,0,0
12578,0.262042,0,0
12579,0.262062,0,0
12580,0.262083,0,0
12581,0.262104,0,0
12582,0.262125,0,0
12583,0.262146,0,0
12584,0.262167,0,0
12585,0.262188,0,0
12586,0.262208,0,0
12587,0.262229,0,0
12588,0.26225,0,0
12589,0.262271,0,0
12590,0.262292,0,0
12591,0.262313,0,0
12592,0.262333,0,0
12593,0.262354,0,0
12594,0.262375,0,0
12595,0.262396,0,0
12596,0.262417,0,0
12597,0.262437,0,0
12598,0.262458,0,0
12599,0.262479,0,0
12600,0.2625,0,0
12601,0.262521,0,0
12602,0.262542,0,0
12603,0.262563,0,0
12604,0.262583,0,0
12605,0.262604,0,0
12606,0.262625,0,0
12607,0.262646,0,0
12608,0.262667,0,0
12609,0.262688,0,0
12610,0.262708,0,0
12611,0.262729,0,0
12612,0.26275,0,0
12613,0.262771,0,0
12614,0.262792,0,0
12615,0.262812,0,0
12616,0.262833,0,0
12617,0.262854,0,0
12618,0.262875,0,0
12619,0.262896,0,0
12620,0.262917,0,0
12621,0.262937,0,0
12622,0.262958,0,0
12623,0.262979,0,0
12624,0.263,0,0
12625,0.263021,0,0
12626,0.263042,0,0
12627,0.263063,0,0
12628,0.263083,0,0
12629,0.263104,0,0
12630,0.263125,0,0
12631,0.263146,0,0
12632,0.263167,0,0
12633,0.263187,0,0
12634,0.263208,0,0
12635,0.263229,0,0
12636,0.26325,0,0
12637,0.263271,0,0
12638,0.263292,0,0
12639,0.263312,0,0
12640,0.263333,0,0
12641,0.263354,0,0
12642,0.263375,0,0
12643,0.263396,0,0
12644,0.263417,0,0
12645,0.263438,0,0
12646,0.263458,0,0
12647,0.263479,0,0
12648,0.2635,0,0
12649,0.263521,0,0
12650,0.263542,0,0
12651,0.263563,0,0
12652,0.263583,0,0
12653,0.263604,0,0
12654,0.263625,0,0
12655,0.263646,0,0
12656,0.263667,0,0
12657,0.263687,0,0
12658,0.263708,0,0
12659,0.263729,0,0
12660,0.26375,0,0
12661,0.263771,0,0
12662,0.263792,0,0
12663,0.263813,0,0
12664,0.263833,0,0
12665,0.263854,0,0
12666,0.263875,0,0
12667,0.263896,0,0
12668,0.263917,0,0
12669,0.263938,0,0
12670,0.263958,0,0
12671,0.263979,0,0
12672,0.264,0,0
12673,0.264021,0,0
12674,0.264042,0,0
12675,0.264062,0,0
12676,0.264083,0,0
12677,0.264104,0,0
12678,0.264125,0,0
12679,0.264146,0,0
12680,0.264167,0,0
12681,0.264188,0,0
12682,0.264208,0,0
12683,0.264229,0,0
12684,0.26425,0,0
12685,0.264271,0,0
12686,0.264292,0,0
12687,0.264313,0,0
12688,0.264333,0,0
12689,0.264354,0,0
12690,0.264375,0,0
12691,0.264396,0,0
12692,0.264417,0,0
12693,0.264437,0,0
12694,0.264458,0,0
12695,0.264479,0,0
12696,0.2645,0,0
12697,0.264521,0,0
12698,0.264542,0,0
12699,0.264562,0,0
12700,0.264583,0,0
12701,0.264604,0,0
12702,0.264625,0,0
12703,0.264646,0,0
12704,0.264667,0,0
12705,0.264688,0,0
12706,0.264708,0,0
12707,0.264729,0,0
12708,0.26475,0,0
12709,0.264771,0,0
12710,0.264792,0,0
12711,0.264812,0,0
12712,0.264833,0,0
12713,0.264854,0,0
12714,0.264875,0,0
12715,0.264896,0,0
12716,0.264917,0,0
12717,0.264937,0,0
12718,0.264958,0,0
12719,0.264979,0,0
12720,0.265,0,0
12721,0.265021,0,0
12722,0.265042,0,0
12723,0.265063,0,0
12724,0.265083,0,0
12725,0.265104,0,0
12726,0.265125,0,0
12727,0.265146,0,0
12728,0.265167,0,0
12729,0.265188,0,0
12730,0.265208,0,0
12731,0.265229,0,0
12732,0.26525,0,0
12733,0.265271,0,0
12734,0.265292,0,0
12735,0.265312,0,0
12736,0.265333,0,0
12737,0.265354,0,0
12738,0.265375,0,0
12739,0.265396,0,0
12740,0.265417,0,0
12741,0.265438,0,0
12742,0.265458,0,0
12743,0.265479,0,0
12744,0.2655,0,0
12745,0.265521,0,0
12746,0.265542,0,0
12747,0.265563,0,0
12748,0.265583,0,0
12749,0.265604,0,0
12750,0.265625,0,0
12751,0.265646,0,0
12752,0.265667,0,0
12753,0.265687,0,0
12754,0.265708,0,0
12755,0.265729,0,0
12756,0.26575,0,0
12757,0.265771,0,0
12758,0.265792,0,0
12759,0.265812,0,0
12760,0.265833,0,0
12761,0.265854,0,0
12762,0.265875,0,0
12763,0.265896,0,0
12764,0.265917,0,0
12765,0.265938,0,0
12766,0.265958,0,0
12767,0.265979,0,0
12768,0.266,0,0
12769,0.266021,0,0
12770,0.266042,0,0
12771,0.266062,0,0
12772,0.266083,0,0
12773,0.266104,0,0
12774,0.266125,0,0
12775,0.266146,0,0
12776,0.266167,0,0
12777,0.266187,0,0
12778,0.266208,0,0
12779,0.266229,0,0
12780,0.26625,0,0
12781,0.266271,0,0
12782,0.266292,0,0
12783,0.266313,0,0
12784,0.266333,0,0
12785,0.266354,0,0
12786,0.266375,0,0
12787,0.266396,0,0
12788,0.266417,0,0
12789,0.266438,0,0
12790,0.266458,0,0
12791,0.266479,0,0
12792,0.2665,0,0
12793,0.266521,0,0
12794,0.266542,0,0
12795,0.266562,0,0
12796,0.266583,0,0
12797,0.266604,0,0
12798,0.266625,0,0
12799,0.266646,0,0
12800,0.266667,0,0
12801,0.266688,0,0
12802,0.266708,0,0
12803,0.266729,0,0
12804,0.26675,0,0
12805,0.266771,0,0
12806,0.266792,0,0
12807,0.266813,0,0
12808,0.266833,0,0
12809,0.266854,0,0
12810,0.266875,0,0
12811,0.266896,0,0
12812,0.266917,0,0
12813,0.266937,0,0
12814,0.266958,0,0
12815,0.266979,0,0
12816,0.267,0,0
12817,0.267021,0,0
12818,0.267042,0,0
12819,0.267062,0,0
12820,0.267083,0,0
12821,0.267104,0,0
12822,0.267125,0,0
12823,0.267146,0,0
12824,0.267167,0,0
12825,0.267188,0,0
12826,0.267208,0,0
12827,0.267229,0,0
12828,0.26725,0,0
12829,0.267271,0,0
12830,0.267292,0,0
12831,0.267312,0,0
12832,0.267333,0,0
12833,0.267354,0,0
12834,0.267375,0,0
12835,0.267396,0,0
12836,0.267417,0,0
12837,0.267437,0,0
12838,0.267458,0,0
12839,0.267479,0,0
12840,0.2675,0,0
12841,0.267521,0,0
12842,0.267542,0,0
12843,0.267563,0,0
12844,0.267583,0,0
12845,0.267604,0,0
12846,0.267625,0,0
12847,0.267646,0,0
12848,0.267667,0,0
12849,0.267687,0,0
12850,0.267708,0,0
12851,0.267729,0,0
12852,0.26775,0,0
12853,0.267771,0,0
12854,0.267792,0,0
12855,0.267812,0,0
12856,0.267833,0,0
12857,0.267854,0,0
12858,0.267875,0,0
12859,0.267896,0,0
12860,0.267917,0,0
12861,0.267938,0,0
12862,0.267958,0,0
12863,0.267979,0,0
12864,0.268,0,0
12865,0.268021,0,0
12866,0.268042,0,0
12867,0.268063,0,0
12868,0.268083,0,0
12869,0.268104,0,0
12870,0.268125,0,0
12871,0.268146,0,0
12872,0.268167,0,0
12873,0.268187,0,0
12874,0.268208,0,0
12875,0.268229,0,0
12876,0.26825,0,0
12877,0.268271,0,0
12878,0.268292,0,0
12879,0.268313,0,0
12880,0.268333,0,0
12881,0.268354,0,0
12882,0.268375,0,0
12883,0.268396,0,0
12884,0.268417,0,0
12885,0.268438,0,0
12886,0.268458,0,0
12887,0.268479,0,0
12888,0.2685,0,0
12889,0.268521,0,0
12890,0.268542,0,0
12891,0.268562,0,0
12892,0.268583,0,0
12893,0.268604,0,0
12894,0.268625,0,0
12895,0.268646,0,0
12896,0.268667,0,0
12897,0.268687,0,0
12898,0.268708,0,0
12899,0.268729,0,0
12900,0.26875,0,0
12901,0.268771,0,0
12902,0.268792,0,0
12903,0.268813,0,0
12904,0.268833,0,0
12905,0.268854,0,0
12906,0.268875,0,0
12907,0.268896,0,0
12908,0.268917,0,0
12909,0.268937,0,0
12910,0.268958,0,0
12911,0.268979,0,0
12912,0.269,0,0
12913,0.269021,0,0
12914,0.269042,0,0
12915,0.269062,0,0
12916,0.269083,0,0
12917,0.269104,0,0
12918,0.269125,0,0
12919,0.269146,0,0
12920,0.269167,0,0
12921,0.269188,0,0
12922,0.269208,0,0
12923,0.269229,0,0
12924,0.26925,0,0
12925,0.269271,0,0
12926,0.269292,0,0
12927,0.269313,0,0
12928,0.269333,0,0
12929,0.269354,0,0
12930,0.269375,0,0
12931,0.269396,0,0
12932,0.269417,0,0
12933,0.269437,0,0
12934,0.269458,0,0
12935,0.269479,0,0
12936,0.2695,0,0
12937,0.269521,0,0
12938,0.269542,0,0
12939,0.269563,0,0
12940,0.269583,0,0
12941,0.269604,0,0
12942,0.269625,0,0
12943,0.269646,0,0
12944,0.269667,0,0
12945,0.269688,0,0
12946,0.269708,0,0
12947,0.269729,0,0
12948,0.26975,0,0
12949,0.269771,0,0
12950,0.269792,0,0
12951,0.269812,0,0
12952,0.269833,0,0
12953,0.269854,0,0
12954,0.269875,0,0
12955,0.269896,0,0
12956,0.269917,0,0
12957,0.269937,0,0
12958,0.269958,0,0
12959,0.269979,0,0
12960,0.27,0,0
12961,0.270021,0,0
12962,0.270042,0,0
12963,0.270063,0,0
12964,0.270083,0,0
12965,0.270104,0,0
12966,0.270125,0,0
12967,0.270146,0,0
12968,0.270167,0,0
12969,0.270187,0,0
12970,0.270208,0,0
12971,0.270229,0,0
12972,0.27025,0,0
12973,0.270271,0,0
12974,0.270292,0,0
12975,0.270312,0,0
12976,0.270333,0,0
12977,0.270354,0,0
12978,0.270375,0,0
12979,0.270396,0,0
12980,0.270417,0,0
12981,0.270438,0,0
12982,0.270458,0,0
12983,0.270479,0,0
12984,0.2705,0,0
12985,0.270521,0,0
12986,0.270542,0,0
12987,0.270562,0,0
12988,0.270583,0,0
12989,0.270604,0,0
12990,0.270625,0,0
12991,0.270646,0,0
12992,0.270667,0,0
12993,0.270687,0,0
12994,0.270708,0,0
12995,0.270729,0,0
12996,0.27075,0,0
12997,0.270771,0,0
12998,0.270792,0,0
12999,0.270813,0,0
13000,0.270833,0,0
13001,0.270854,0,0
13002,0.270875,0,0
13003,0.270896,0,0
13004,0.270917,0,0
13005,0.270938,0,0
13006,0.270958,0,0
13007,0.270979,0,0
13008,0.271,0,0
13009,0.271021,0,0
13010,0.271042,0,0
13011,0.271062,0,0
13012,0.271083,0,0
13013,0.271104,0,0
13014,0.271125,0,0
13015,0.271146,0,0
13016,0.271167,0,0
13017,0.271188,0,0
13018,0.271208,0,0
13019,0.271229,0,0
13020,0.27125,0,0
13021,0.271271,0,0
13022,0.271292,0,0
13023,0.271313,0,0
13024,0.271333,0,0
13025,0.271354,0,0
13026,0.271375,0,0
13027,0.271396,0,0
13028,0.271417,0,0
13029,0.271437,0,0
13030,0.271458,0,0
13031,0.271479,0,0
13032,0.2715,0,0
13033,0.271521,0,0
13034,0.271542,0,0
13035,0.271562,0,0
13036,0.271583,0,0
13037,0.271604,0,0
13038,0.271625,0,0
13039,0.271646,0,0
13040,0.271667,0,0
13041,0.271688,0,0
13042,0.271708,0,0
13043,0.271729,0,0
13044,0.27175,0,0
13045,0.271771,0,0
13046,0.271792,0,0
13047,0.271812,0,0
13048,0.271833,0,0
13049,0.271854,0,0
13050,0.271875,0,0
13051,0.271896,0,0
13052,0.271917,0,0
13053,0.271937,0,0
13054,0.271958,0,0
13055,0.271979,0,0
13056,0.272,0,0
13057,0.272021,0,0
13058,0.272042,0,0
13059,0.272063,0,0
13060,0.272083,0,0
13061,0.272104,0,0
13062,0.272125,0,0
13063,0.272146,0,0
13064,0.272167,0,0
13065,0.272188,0,0
13066,0.272208,0,0
13067,0.272229,0,0
13068,0.27225,0,0
13069,0.272271,0,0
13070,0.272292,0,0
13071,0.272312,0,0
13072,0.272333,0,0
13073,0.272354,0,0
13074,0.272375,0,0
13075,0.272396,0,0
13076,0.272417,0,0
13077,0.272438,0,0
13078,0.272458,0,0
13079,0.272479,0,0
13080,0.2725,0,0
13081,0.272521,0,0
13082,0.272542,0,0
13083,0.272563,0,0
13084,0.272583,0,0
13085,0.272604,0,0
13086,0.272625,0,0
13087,0.272646,0,0
13088,0.272667,0,0
13089,0.272687,0,0
13090,0.272708,0,0
13091,0.272729,0,0
13092,0.27275,0,0
13093,0.272771,0,0
13094,0.272792,0,0
13095,0.272812,0,0
13096,0.272833,0,0
13097,0.272854,0,0
13098,0.272875,0,0
13099,0.272896,0,0
13100,0.272917,0,0
13101,0.272938,0,0
13102,0.272958,0,0
13103,0.272979,0,0
13104,0.273,0,0
13105,0.273021,0,0
13106,0.273042,0,0
13107,0.273062,0,0
13108,0.273083,0,0
13109,0.273104,0,0
13110,0.273125,0,0
13111,0.273146,0,0
13112,0.273167,0,0
13113,0.273187,0,0
13114,0.273208,0,0
13115,0.273229,0,0
13116,0.27325,0,0
13117,0.273271,0,0
13118,0.273292,0,0
13119,0.273313,0,0
13120,0.273333,0,0
13121,0.273354,0,0
13122,0.273375,0,0
13123,0.273396,0,0
13124,0.273417,0,0
13125,0.273438,0,0
13126,0.273458,0,0
13127,0.273479,0,0
13128,0.2735,0,0
13129,0.273521,0,0
13130,0.273542,0,0
13131,0.273562,0,0
13132,0.273583,0,0
13133,0.273604,0,0
13134,0.273625,0,0
13135,0.273646,0,0
13136,0.273667,0,0
13137,0.273688,0,0
13138,0.273708,0,0
13139,0.273729,0,0
13140,0.27375,0,0
13141,0.273771,0,0
13142,0.273792,0,0
13143,0.273813,0,0
13144,0.273833,0,0
13145,0.273854,0,0
13146,0.273875,0,0
13147,0.273896,0,0
13148,0.273917,0,0
13149,0.273937,0,0
13150,0.273958,0,0
13151,0.273979,0,0
13152,0.274,0,0
13153,0.274021,0,0
13154,0.274042,0,0
13155,0.274063,0,0
13156,0.274083,0,0
13157,0.274104,0,0
13158,0.274125,0,0
13159,0.274146,0,0
13160,0.274167,0,0
13161,0.274188,0,0
13162,0.274208,0,0
13163,0.274229,0,0
13164,0.27425,0,0
13165,0.274271,0,0
13166,0.274292,0,0
13167,0.274312,0,0
13168,0.274333,0,0
13169,0.274354,0,0
13170,0.274375,0,0
13171,0.274396,0,0
13172,0.274417,0,0
13173,0.274437,0,0
13174,0.274458,0,0
13175,0.274479,0,0
13176,0.2745,0,0
13177,0.274521,0,0
13178,0.274542,0,0
13179,0.274563,0,0
13180,0.274583,0,0
13181,0.274604,0,0
13182,0.274625,0,0
13183,0.274646,0,0
13184,0.274667,0,0
13185,0.274687,0,0
13186,0.274708,0,0
13187,0.274729,0,0
13188,0.27475,0,0
13189,0.274771,0,0
13190,0.274792,0,0
13191,0.274812,0,0
13192,0.274833,0,0
13193,0.274854,0,0
13194,0.274875,0,0
13195,0.274896,0,0
13196,0.274917,0,0
13197,0.274938,0,0
13198,0.274958,0,0
13199,0.274979,0,0
13200,0.275,0,0
13201,0.275021,0,0
13202,0.275042,0,0
13203,0.275063,0,0
13204,0.275083,0,0
13205,0.275104,0,0
13206,0.275125,0,0
13207,0.275146,0,0
13208,0.275167,0,0
13209,0.275187,0,0
13210,0.275208,0,0
13211,0.275229,0,0
13212,0.27525,0,0
13213,0.275271,0,0
13214,0.275292,0,0
13215,0.275313,0,0
13216,0.275333,0,0
13217,0.275354,0,0
13218,0.275375,0,0
13219,0.275396,0,0
13220,0.275417,0,0
13221,0.275438,0,0
13222,0.275458,0,0
13223,0.275479,0,0
13224,0.2755,0,0
13225,0.275521,0,0
13226,0.275542,0,0
13227,0.275562,0,0
13228,0.275583,0,0
13229,0.275604,0,0
13230,0.275625,0,0
13231,0.275646,0,0
13232,0.275667,0,0
13233,0.275687,0,0
13234,0.275708,0,0
13235,0.275729,0,0
13236,0.27575,0,0
13237,0.275771,0,0
13238,0.275792,0,0
13239,0.275813,0,0
13240,0.275833,0,0
13241,0.275854,0,0
13242,0.275875,0,0
13243,0.275896,0,0
13244,0.275917,0,0
13245,0.275937,0,0
13246,0.275958,0,0
13247,0.275979,0,0
13248,0.276,0,0
13249,0.276021,0,0
13250,0.276042,0,0
13251,0.276062,0,0
13252,0.276083,0,0
13253,0.276104,0,0
13254,0.276125,0,0
13255,0.276146,0,0
13256,0.276167,0,0
13257,0.276188,0,0
13258,0.276208,0,0
13259,0.276229,0,0
13260,0.27625,0,0
13261,0.276271,0,0
13262,0.276292,0,0
13263,0.276313,0,0
13264,0.276333,0,0
13265,0.276354,0,0
13266,0.276375,0,0
13267,0.276396,0,0
13268,0.276417,0,0
13269,0.276437,0,0
13270,0.276458,0,0
13271,0.276479,0,0
13272,0.2765,0,0
13273,0.276521,0,0
13274,0.276542,0,0
13275,0.276563,0,0
13276,0.276583,0,0
13277,0.276604,0,0
13278,0.276625,0,0
13279,0.276646,0,0
13280,0.276667,0,0
13281,0.276688,0,0
13282,0.276708,0,0
13283,0.276729,0,0
13284,0.27675,0,0
13285,0.276771,0,0
13286,0.276792,0,0
13287,0.276812,0,0
13288,0.276833,0,0
13289,0.276854,0,0
13290,0.276875,0,0
13291,0.276896,0,0
13292,0.276917,0,0
13293,0.276938,0,0
13294,0.276958,0,0
13295,0.276979,0,0
13296,0.277,0,0
13297,0.277021,0,0
13298,0.277042,0,0
13299,0.277063,0,0
13300,0.277083,0,0
13301,0.277104,0,0
13302,0.277125,0,0
13303,0.277146,0,0
13304,0.277167,0,0
13305,0.277187,0,0
13306,0.277208,0,0
13307,0.277229,0,0
13308,0.27725,0,0
13309,0.277271,0,0
13310,0.277292,0,0
13311,0.277312,0,0
13312,0.277333,0,0
13313,0.277354,0,0
13314,0.277375,0,0
13315,0.277396,0,0
13316,0.277417,0,0
13317,0.277438,0,0
13318,0.277458,0,0
13319,0.277479,0,0
13320,0.2775,0,0
13321,0.277521,0,0
13322,0.277542,0,0
13323,0.277562,0,0
13324,0.277583,0,0
13325,0.277604,0,0
13326,0.277625,0,0
13327,0.277646,0,0
13328,0.277667,0,0
13329,0.277687,0,0
13330,0.277708,0,0
13331,0.277729,0,0
13332,0.27775,0,0
13333,0.277771,0,0
13334,0.277792,0,0
13335,0.277813,0,0
13336,0.277833,0,0
13337,0.277854,0,0
13338,0.277875,0,0
13339,0.277896,0,0
13340,0.277917,0,0
13341,0.277938,0,0
13342,0.277958,0,0
13343,0.277979,0,0
13344,0.278,0,0
13345,0.278021,0,0
13346,0.278042,0,0
13347,0.278062,0,0
13348,0.278083,0,0
13349,0.278104,0,0
13350,0.278125,0,0
13351,0.278146,0,0
13352,0.278167,0,0
13353,0.278188,0,0
13354,0.278208,0,0
13355,0.278229,0,0
13356,0.27825,0,0
13357,0.278271,0,0
13358,0.278292,0,0
13359,0.278313,0,0
13360,0.278333,0,0
13361,0.278354,0,0
13362,0.278375,0,0
13363,0.278396,0,0
13364,0.278417,0,0
13365,0.278437,0,0
13366,0.278458,0,0
13367,0.278479,0,0
13368,0.2785,0,0
13369,0.278521,0,0
13370,0.278542,0,0
13371,0.278562,0,0
13372,0.278583,0,0
13373,0.278604,0,0
13374,0.278625,0,0
13375,0.278646,0,0
13376,0.278667,0,0
13377,0.278688,0,0
13378,0.278708,0,0
13379,0.278729,0,0
13380,0.27875,0,0
13381,0.278771,0,0
13382,0.278792,0,0
13383,0.278812,0,0
13384,0.278833,0,0
13385,0.278854,0,0
13386,0.278875,0,0
13387,0.278896,0,0
13388,0.278917,0,0
13389,0.278937,0,0
13390,0.278958,0,0
13391,0.278979,0,0
13392,0.279,0,0
13393,0.279021,0,0
13394,0.279042,0,0
13395,0.279063,0,0
13396,0.279083,0,0
13397,0.279104,0,0
13398,0.279125,0,0
13399,0.279146,0,0
13400,0.279167,0,0
13401,0.279188,0,0
13402,0.279208,0,0
13403,0.279229,0,0
13404,0.27925,0,0
13405,0.279271,0,0
13406,0.279292,0,0
13407,0.279312,0,0
13408,0.279333,0,0
13409,0.279354,0,0
13410,0.279375,0,0
13411,0.279396,0,0
13412,0.279417,0,0
13413,0.279438,0,0
13414,0.279458,0,0
13415,0.279479,0,0
13416,0.2795,0,0
13417,0.279521,0,0
13418,0.279542,0,0
13419,0.279563,0,0
13420,0.279583,0,0
13421,0.279604,0,0
13422,0.279625,0,0
13423,0.279646,0,0
13424,0.279667,0,0
13425,0.279687,0,0
13426,0.279708,0,0
13427,0.279729,0,0
13428,0.27975,0,0
13429,0.279771,0,0
13430,0.279792,0,0
13431,0.279813,0,0
13432,0.279833,0,0
13433,0.279854,0,0
13434,0.279875,0,0
13435,0.279896,0,0
13436,0.279917,0,0
13437,0.279938,0,0
13438,0.279958,0,0
13439,0.279979,0,0
13440,0.28,0,0
13441,0.280021,0,0
13442,0.280042,0,0
13443,0.280062,0,0
13444,0.280083,0,0
13445,0.280104,0,0
13446,0.280125,0,0
13447,0.280146,0,0
13448,0.280167,0,0
13449,0.280187,0,0
13450,0.280208,0,0
13451,0.280229,0,0
13452,0.28025,0,0
13453,0.280271,0,0
13454,0.280292,0,0
13455,0.280313,0,0
13456,0.280333,0,0
13457,0.280354,0,0
13458,0.280375,0,0
13459,0.280396,0,0
13460,0.280417,0,0
13461,0.280437,0,0
13462,0.280458,0,0
13463,0.280479,0,0
13464,0.2805,0,0
13465,0.280521,0,0
13466,0.280542,0,0
13467,0.280562,0,0
13468,0.280583,0,0
13469,0.280604,0,0
13470,0.280625,0,0
13471,0.280646,0,0
13472,0.280667,0,0
13473,0.280688,0,0
13474,0.280708,0,0
13475,0.280729,0,0
13476,0.28075,0,0
13477,0.280771,0,0
13478,0.280792,0,0
13479,0.280813,0,0
13480,0.280833,0,0
13481,0.280854,0,0
13482,0.280875,0,0
13483,0.280896,0,0
13484,0.280917,0,0
13485,0.280937,0,0
13486,0.280958,0,0
13487,0.280979,0,0
13488,0.281,0,0
13489,0.281021,0,0
13490,0.281042,0,0
13491,0.281063,0,0
13492,0.281083,0,0
13493,0.281104,0,0
13494,0.281125,0,0
13495,0.281146,0,0
13496,0.281167,0,0
13497,0.281188,0,0
13498,0.281208,0,0
13499,0.281229,0,0
13500,0.28125,0,0
13501,0.281271,0,0
13502,0.281292,0,0
13503,0.281312,0,0
13504,0.281333,0,0
13505,0.281354,0,0
13506,0.281375,0,0
13507,0.281396,0,0
13508,0.281417,0,0
13509,0.281437,0,0
13510,0.281458,0,0
13511,0.281479,0,0
13512,0.2815,0,0
13513,0.281521,0,0
13514,0.281542,0,0
13515,0.281563,0,0
13516,0.281583,0,0
13517,0.281604,0,0
13518,0.281625,0,0
13519,0.281646,0,0
13520,0.281667,0,0
13521,0.281687,0,0
13522,0.281708,0,0
13523,0.281729,0,0
13524,0.28175,0,0
13525,0.281771,0,0
13526,0.281792,0,0
13527,0.281812,0,0
13528,0.281833,0,0
13529,0.281854,0,0
13530,0.281875,0,0
13531,0.281896,0,0
13532,0.281917,0,0
13533,0.281938,0,0
13534,0.281958,0,0
13535,0.281979,0,0
13536,0.282,0,0
13537,0.282021,0,0
13538,0.282042,0,0
13539,0.282063,0,0
13540,0.282083,0,0
13541,0.282104,0,0
13542,0.282125,0,0
13543,0.282146,0,0
13544,0.282167,0,0
13545,0.282187,0,0
13546,0.282208,0,0
13547,0.282229,0,0
13548,0.28225,0,0
13549,0.282271,0,0
13550,0.282292,0,0
13551,0.282313,0,0
13552,0.282333,0,0
13553,0.282354,0,0
13554,0.282375,0,0
13555,0.282396,0,0
13556,0.282417,0,0
13557,0.282438,0,0
13558,0.282458,0,0
13559,0.282479,0,0
13560,0.2825,0,0
13561,0.282521,0,0
13562,0.282542,0,0
13563,0.282562,0,0
13564,0.282583,0,0
13565,0.282604,0,0
13566,0.282625,0,0
13567,0.282646,0,0
13568,0.282667,0,0
13569,0.282687,0,0
13570,0.282708,0,0
13571,0.282729,0,0
13572,0.28275,0,0
13573,0.282771,0,0
13574,0.282792,0,0
13575,0.282813,0,0
13576,0.282833,0,0
13577,0.282854,0,0
13578,0.282875,0,0
13579,0.282896,0,0
13580,0.282917,0,0
13581,0.282937,0,0
13582,0.282958,0,0
13583,0.282979,0,0
13584,0.283,0,0
13585,0.283021,0,0
13586,0.283042,0,0
13587,0.283062,0,0
13588,0.283083,0,0
13589,0.283104,0,0
13590,0.283125,0,0
13591,0.283146,0,0
13592,0.283167,0,0
13593,0.283188,0,0
13594,0.283208,0,0
13595,0.283229,0,0
13596,0.28325,0,0
13597,0.283271,0,0
13598,0.283292,0,0
13599,0.283312,0,0
13600,0.283333,0,0
13601,0.283354,0,0
13602,0.283375,0,0
13603,0.283396,0,0
13604,0.283417,0,0
13605,0.283437,0,0
13606,0.283458,0,0
13607,0.283479,0,0
13608,0.2835,0,0
13609,0.283521,0,0
13610,0.283542,0,0
13611,0.283563,0,0
13612,0.283583,0,0
13613,0.283604,0,0
13614,0.283625,0,0
13615,0.283646,0,0
13616,0.283667,0,0
13617,0.283688,0,0
13618,0.283708,0,0
13619,0.283729,0,0
13620,0.28375,0,0
13621,0.283771,0,0
13622,0.283792,0,0
13623,0.283812,0,0
13624,0.283833,0,0
13625,0.283854,0,0
13626,0.283875,0,0
13627,0.283896,0,0
13628,0.283917,0,0
13629,0.283938,0,0
13630,0.283958,0,0
13631,0.283979,0,0
13632,0.284,0,0
13633,0.284021,0,0
13634,0.284042,0,0
13635,0.284063,0,0
13636,0.284083,0,0
13637,0.284104,0,0
13638,0.284125,0,0
13639,0.284146,0,0
13640,0.284167,0,0
13641,0.284187,0,0
13642,0.284208,0,0
13643,0.284229,0,0
13644,0.28425,0,0
13645,0.284271,0,0
13646,0.284292,0,0
13647,0.284312,0,0
13648,0.284333,0,0
13649,0.284354,0,0
13650,0.284375,0,0
13651,0.284396,0,0
13652,0.284417,0,0
13653,0.284438,0,0
13654,0.284458,0,0
13655,0.284479,0,0
13656,0.2845,0,0
13657,0.284521,0,0
13658,0.284542,0,0
13659,0.284562,0,0
13660,0.284583,0,0
13661,0.284604,0,0
13662,0.284625,0,0
13663,0.284646,0,0
13664,0.284667,0,0
13665,0.284687,0,0
13666,0.284708,0,0
13667,0.284729,0,0
13668,0.28475,0,0
13669,0.284771,0,0
13670,0.284792,0,0
13671,0.284813,0,0
13672,0.284833,0,0
13673,0.284854,0,0
13674,0.284875,0,0
13675,0.284896,0,0
13676,0.284917,0,0
13677,0.284938,0,0
13678,0.284958,0,0
13679,0.284979,0,0
13680,0.285,0,0
13681,0.285021,0,0
13682,0.285042,0,0
13683,0.285062,0,0
13684,0.285083,0,0
13685,0.285104,0,0
13686,0.285125,0,0
13687,0.285146,0,0
13688,0.285167,0,0
13689,0.285188,0,0
13690,0.285208,0,0
13691,0.285229,0,0
13692,0.28525,0,0
13693,0.285271,0,0
13694,0.285292,0,0
13695,0.285313,0,0
13696,0.285333,0,0
13697,0.285354,0,0
13698,0.285375,0,0
13699,0.285396,0,0
13700,0.285417,0,0
13701,0.285437,0,0
13702,0.285458,0,0
13703,0.285479,0,0
13704,0.2855,0,0
13705,0.285521,0,0
13706,0.285542,0,0
13707,0.285562,0,0
13708,0.285583,0,0
13709,0.285604,0,0
13710,0.285625,0,0
13711,0.285646,0,0
13712,0.285667,0,0
13713,0.285688,0,0
13714,0.285708,0,0
13715,0.285729,0,0
13716,0.28575,0,0
13717,0.285771,0,0
13718,0.285792,0,0
13719,0.285812,0,0
13720,0.285833,0,0
13721,0.285854,0,0
13722,0.285875,0,0
13723,0.285896,0,0
13724,0.285917,0,0
13725,0.285937,0,0
13726,0.285958,0,0
13727,0.285979,0,0
13728,0.286,0,0
13729,0.286021,0,0
13730,0.286042,0,0
13731,0.286063,0,0
13732,0.286083,0,0
13733,0.286104,0,0
13734,0.286125,0,0
13735,0.286146,0,0
13736,0.286167,0,0
13737,0.286187,0,0
13738,0.286208,0,0
13739,0.286229,0,0
13740,0.28625,0,0
13741,0.286271,0,0
13742,0.286292,0,0
13743,0.286312,0,0
13744,0.286333,0,0
13745,0.286354,0,0
13746,0.286375,0,0
13747,0.286396,0,0
13748,0.286417,0,0
13749,0.286438,0,0
13750,0.286458,0,0
13751,0.286479,0,0
13752,0.2865,0,0
13753,0.286521,0,0
13754,0.286542,0,0
13755,0.286563,0,0
13756,0.286583,0,0
13757,0.286604,0,0
13758,0.286625,0,0
13759,0.286646,0,0
13760,0.286667,0,0
13761,0.286687,0,0
13762,0.286708,0,0
13763,0.286729,0,0
13764,0.28675,0,0
13765,0.286771,0,0
13766,0.286792,0,0
13767,0.286813,0,0
13768,0.286833,0,0
13769,0.286854,0,0
13770,0.286875,0,0
13771,0.286896,0,0
13772,0.286917,0,0
13773,0.286938,0,0
13774,0.286958,0,0
13775,0.286979,0,0
13776,0.287,0,0
13777,0.287021,0,0
13778,0.287042,0,0
13779,0.287062,0,0
13780,0.287083,0,0
13781,0.287104,0,0
13782,0.287125,0,0
13783,0.287146,0,0
13784,0.287167,0,0
13785,0.287187,0,0
13786,0.287208,0,0
13787,0.287229,0,0
13788,0.28725,0,0
13789,0.287271,0,0
13790,0.287292,0,0
13791,0.287313,0,0
13792,0.287333,0,0
13793,0.287354,0,0
13794,0.287375,0,0
13795,0.287396,0,0
13796,0.287417,0,0
13797,0.287437,0,0
13798,0.287458,0,0
13799,0.287479,0,0
13800,0.2875,0,0
13801,0.287521,0,0
13802,0.287542,0,0
13803,0.287562,0,0
13804,0.287583,0,0
13805,0.287604,0,0
13806,0.287625,0,0
13807,0.287646,0,0
13808,0.287667,0,0
13809,0.287688,0,0
13810,0.287708,0,0
13811,0.287729,0,0
13812,0.28775,0,0
13813,0.287771,0,0
13814,0.287792,0,0
13815,0.287813,0,0
13816,0.287833,0,0
13817,0.287854,0,0
13818,0.287875,0,0
13819,0.287896,0,0
13820,0.287917,0,0
13821,0.287937,0,0
13822,0.287958,0,0
13823,0.287979,0,0
13824,0.288,0,0
13825,0.288021,0,0
13826,0.288042,0,0
13827,0.288063,0,0
13828,0.288083,0,0
13829,0.288104,0,0
13830,0.288125,0,0
13831,0.288146,0,0
13832,0.288167,0,0
13833,0.288188,0,0
13834,0.288208,0,0
13835,0.288229,0,0
13836,0.28825,0,0
13837,0.288271,0,0
13838,0.288292,0,0
13839,0.288312,0,0
13840,0.288333,0,0
13841,0.288354,0,0
13842,0.288375,0,0
13843,0.288396,0,0
13844,0.288417,0,0
13845,0.288437,0,0
13846,0.288458,0,0
13847,0.288479,0,0
13848,0.2885,0,0
13849,0.288521,0,0
13850,0.288542,0,0
13851,0.288563,0,0
13852,0.288583,0,0
13853,0.288604,0,0
13854,0.288625,0,0
13855,0.288646,0,0
13856,0.288667,0,0
13857,0.288687,0,0
13858,0.288708,0,0
13859,0.288729,0,0
13860,0.28875,0,0
13861,0.288771,0,0
13862,0.288792,0,0
13863,0.288812,0,0
13864,0.288833,0,0
13865,0.288854,0,0
13866,0.288875,0,0
13867,0.288896,0,0
13868,0.288917,0,0
13869,0.288938,0,0
13870,0.288958,0,0
13871,0.288979,0,0
13872,0.289,0,0
13873,0.289021,0,0
13874,0.289042,0,0
13875,0.289062,0,0
13876,0.289083,0,0
13877,0.289104,0,0
13878,0.289125,0,0
13879,0.289146,0,0
13880,0.289167,0,0
13881,0.289187,0,0
13882,0.289208,0,0
13883,0.289229,0,0
13884,0.28925,0,0
13885,0.289271,0,0
13886,0.289292,0,0
13887,0.289313,0,0
13888,0.289333,0,0
13889,0.289354,0,0
13890,0.289375,0,0
13891,0.289396,0,0
13892,0.289417,0,0
13893,0.289438,0,0
13894,0.289458,0,0
13895,0.289479,0,0
13896,0.2895,0,0
13897,0.289521,0,0
13898,0.289542,0,0
13899,0.289562,0,0
13900,0.289583,0,0
13901,0.289604,0,0
13902,0.289625,0,0
13903,0.289646,0,0
13904,0.289667,0,0
13905,0.289688,0,0
13906,0.289708,0,0
13907,0.289729,0,0
13908,0.28975,0,0
13909,0.289771,0,0
13910,0.289792,0,0
13911,0.289813,0,0
13912,0.289833,0,0
13913,0.289854,0,0
13914,0.289875,0,0
13915,0.289896,0,0
13916,0.289917,0,0
13917,0.289937,0,0
13918,0.289958,0,0
13919,0.289979,0,0
13920,0.29,0,0
13921,0.290021,0,0
13922,0.290042,0,0
13923,0.290062,0,0
13924,0.290083,0,0
13925,0.290104,0,0
13926,0.290125,0,0
13927,0.290146,0,0
13928,0.290167,0,0
13929,0.290188,0,0
13930,0.290208,0,0
13931,0.290229,0,0
13932,0.29025,0,0
13933,0.290271,0,0
13934,0.290292,0,0
13935,0.290312,0,0
13936,0.290333,0,0
13937,0.290354,0,0
13938,0.290375,0,0
13939,0.290396,0,0
13940,0.290417,0,0
13941,0.290437,0,0
13942,0.290458,0,0
13943,0.290479,0,0
13944,0.2905,0,0
13945,0.290521,0,0
13946,0.290542,0,0
13947,0.290563,0,0
13948,0.290583,0,0
13949,0.290604,0,0
13950,0.290625,0,0
13951,0.290646,0,0
13952,0.290667,0,0
13953,0.290688,0,0
13954,0.290708,0,0
13955,0.290729,0,0
13956,0.29075,0,0
13957,0.290771,0,0
13958,0.290792,0,0
13959,0.290812,0,0
13960,0.290833,0,0
13961,0.290854,0,0
13962,0.290875,0,0
13963,0.290896,0,0
13964,0.290917,0,0
13965,0.290938,0,0
13966,0.290958,0,0
13967,0.290979,0,0
13968,0.291,0,0
13969,0.291021,0,0
13970,0.291042,0,0
13971,0.291063,0,0
13972,0.291083,0,0
13973,0.291104,0,0
13974,0.291125,0,0
13975,0.291146,0,0
13976,0.291167,0,0
13977,0.291187,0,0
13978,0.291208,0,0
13979,0.291229,0,0
13980,0.29125,0,0
13981,0.291271,0,0
13982,0.291292,0,0
13983,0.291312,0,0
13984,0.291333,0,0
13985,0.291354,0,0
13986,0.291375,0,0
13987,0.291396,0,0
13988,0.291417,0,0
13989,0.291438,0,0
13990,0.291458,0,0
13991,0.291479,0,0
13992,0.2915,0,0
13993,0.291521,0,0
13994,0.291542,0,0
13995,0.291562,0,0
13996,0.291583,0,0
13997,0.291604,0,0
13998,0.291625,0,0
13999,0.291646,0,0
14000,0.291667,0,0
14001,0.291687,0,0
14002,0.291708,0,0
14003,0.291729,0,0
14004,0.29175,0,0
14005,0.291771,0,0
14006,0.291792,0,0
14007,0.291813,0,0
14008,0.291833,0,0
14009,0.291854,0,0
14010,0.291875,0,0
14011,0.291896,0,0
14012,0.291917,0,0
14013,0.291938,0,0
14014,0.291958,0,0
14015,0.291979,0,0
14016,0.292,0,0
14017,0.292021,0,0
14018,0.292042,0,0
14019,0.292062,0,0
14020,0.292083,0,0
14021,0.292104,0,0
14022,0.292125,0,0
14023,0.292146,0,0
14024,0.292167,0,0
14025,0.292188,0,0
14026,0.292208,0,0
14027,0.292229,0,0
14028,0.29225,0,0
14029,0.292271,0,0
14030,0.292292,0,0
14031,0.292313,0,0
14032,0.292333,0,0
14033,0.292354,0,0
14034,0.292375,0,0
14035,0.292396,0,0
14036,0.292417,0,0
14037,0.292437,0,0
14038,0.292458,0,0
14039,0.292479,0,0
14040,0.2925,0,0
14041,0.292521,0,0
14042,0.292542,0,0
14043,0.292563,0,0
14044,0.292583,0,0
14045,0.292604,0,0
14046,0.292625,0,0
14047,0.292646,0,0
14048,0.292667,0,0
14049,0.292688,0,0
14050,0.292708,0,0
14051,0.292729,0,0
14052,0.29275,0,0
14053,0.292771,0,0
14054,0.292792,0,0
14055,0.292812,0,0
14056,0.292833,0,0
14057,0.292854,0,0
14058,0.292875,0,0
14059,0.292896,0,0
14060,0.292917,0,0
14061,0.292937,0,0
14062,0.292958,0,0
14063,0.292979,0,0
14064,0.293,0,0
14065,0.293021,0,0
14066,0.293042,0,0
14067,0.293063,0,0
14068,0.293083,0,0
14069,0.293104,0,0
14070,0.293125,0,0
14071,0.293146,0,0
14072,0.293167,0,0
14073,0.293187,0,0
14074,0.293208,0,0
14075,0.293229,0,0
14076,0.29325,0,0
14077,0.293271,0,0
14078,0.293292,0,0
14079,0.293312,0,0
14080,0.293333,0,0
14081,0.293354,0,0
14082,0.293375,0,0
14083,0.293396,0,0
14084,0.293417,0,0
14085,0.293438,0,0
14086,0.293458,0,0
14087,0.293479,0,0
14088,0.2935,0,0
14089,0.293521,0,0
14090,0.293542,0,0
14091,0.293563,0,0
14092,0.293583,0,0
14093,0.293604,0,0
14094,0.293625,0,0
14095,0.293646,0,0
14096,0.293667,0,0
14097,0.293687,0,0
14098,0.293708,0,0
14099,0.293729,0,0
14100,0.29375,0,0
14101,0.293771,0,0
14102,0.293792,0,0
14103,0.293813,0,0
14104,0.293833,0,0
14105,0.293854,0,0
14106,0.293875,0,0
14107,0.293896,0,0
14108,0.293917,0,0
14109,0.293938,0,0
14110,0.293958,0,0
14111,0.293979,0,0
14112,0.294,0,0
14113,0.294021,0,0
14114,0.294042,0,0
14115,0.294062,0,0
14116,0.294083,0,0
14117,0.294104,0,0
14118,0.294125,0,0
14119,0.294146,0,0
14120,0.294167,0,0
14121,0.294187,0,0
14122,0.294208,0,0
14123,0.294229,0,0
14124,0.29425,0,0
14125,0.294271,0,0
14126,0.294292,0,0
14127,0.294313,0,0
14128,0.294333,0,0
14129,0.294354,0,0
14130,0.294375,0,0
14131,0.294396,0,0
14132,0.294417,0,0
14133,0.294437,0,0
14134,0.294458,0,0
14135,0.294479,0,0
14136,0.2945,0,0
14137,0.294521,0,0
14138,0.294542,0,0
14139,0.294562,0,0
14140,0.294583,0,0
14141,0.294604,0,0
14142,0.294625,0,0
14143,0.294646,0,0
14144,0.294667,0,0
14145,0.294688,0,0
14146,0.294708,0,0
14147,0.294729,0,0
14148,0.29475,0,0
14149,0.294771,0,0
14150,0.294792,0,0
14151,0.294813,0,0
14152,0.294833,0,0
14153,0.294854,0,0
14154,0.294875,0,0
14155,0.294896,0,0
14156,0.294917,0,0
14157,0.294937,0,0
14158,0.294958,0,0
14159,0.294979,0,0
14160,0.295,0,0
14161,0.295021,0,0
14162,0.295042,0,0
14163,0.295063,0,0
14164,0.295083,0,0
14165,0.295104,0,0
14166,0.295125,0,0
14167,0.295146,0,0
14168,0.295167,0,0
14169,0.295188,0,0
14170,0.295208,0,0
14171,0.295229,0,0
14172,0.29525,0,0
14173,0.295271,0,0
14174,0.295292,0,0
14175,0.295312,0,0
14176,0.295333,0,0
14177,0.295354,0,0
14178,0.295375,0,0
14179,0.295396,0,0
14180,0.295417,0,0
14181,0.295438,0,0
14182,0.295458,0,0
14183,0.295479,0,0
14184,0.2955,0,0
14185,0.295521,0,0
14186,0.295542,0,0
14187,0.295563,0,0
14188,0.295583,0,0
14189,0.295604,0,0
14190,0.295625,0,0
14191,0.295646,0,0
14192,0.295667,0,0
14193,0.295687,0,0
14194,0.295708,0,0
14195,0.295729,0,0
14196,0.29575,0,0
14197,0.295771,0,0
14198,0.295792,0,0
14199,0.295812,0,0
14200,0.295833,0,0
14201,0.295854,0,0
14202,0.295875,0,0
14203,0.295896,0,0
14204,0.295917,0,0
14205,0.295938,0,0
14206,0.295958,0,0
14207,0.295979,0,0
14208,0.296,0,0
14209,0.296021,0,0
14210,0.296042,0,0
14211,0.296062,0,0
14212,0.296083,0,0
14213,0.296104,0,0
14214,0.296125,0,0
14215,0.296146,0,0
14216,0.296167,0,0
14217,0.296187,0,0
14218,0.296208,0,0
14219,0.296229,0,0
14220,0.29625,0,0
14221,0.296271,0,0
14222,0.296292,0,0
14223,0.296313,0,0
14224,0.296333,0,0
14225,0.296354,0,0
14226,0.296375,0,0
14227,0.296396,0,0
14228,0.296417,0,0
14229,0.296438,0,0
14230,0.296458,0,0
14231,0.296479,0,0
14232,0.2965,0,0
14233,0.296521,0,0
14234,0.296542,0,0
14235,0.296562,0,0
14236,0.296583,0,0
14237,0.296604,0,0
14238,0.296625,0,0
14239,0.296646,0,0
14240,0.296667,0,0
14241,0.296688,0,0
14242,0.296708,0,0
14243,0.296729,0,0
14244,0.29675,0,0
14245,0.296771,0,0
14246,0.296792,0,0
14247,0.296813,0,0
14248,0.296833,0,0
14249,0.296854,0,0
14250,0.296875,0,0
14251,0.296896,0,0
14252,0.296917,0,0
14253,0.296937,0,0
14254,0.296958,0,0
14255,0.296979,0,0
14256,0.297,0,0
14257,0.297021,0,0
14258,0.297042,0,0
14259,0.297062,0,0
14260,0.297083,0,0
14261,0.297104,0,0
14262,0.297125,0,0
14263,0.297146,0,0
14264,0.297167,0,0
14265,0.297188,0,0
14266,0.297208,0,0
14267,0.297229,0,0
14268,0.29725,0,0
14269,0.297271,0,0
14270,0.297292,0,0
14271,0.297312,0,0
14272,0.297333,0,0
14273,0.297354,0,0
14274,0.297375,0,0
14275,0.297396,0,0
14276,0.297417,0,0
14277,0.297437,0,0
14278,0.297458,0,0
14279,0.297479,0,0
14280,0.2975,0,0
14281,0.297521,0,0
14282,0.297542,0,0
14283,0.297563,0,0
14284,0.297583,0,0
14285,0.297604,0,0
14286,0.297625,0,0
14287,0.297646,0,0
14288,0.297667,0,0
14289,0.297688,0,0
14290,0.297708,0,0
14291,0.297729,0,0
14292,0.29775,0,0
14293,0.297771,0,0
14294,0.297792,0,0
14295,0.297812,0,0
14296,0.297833,0,0
14297,0.297854,0,0
14298,0.297875,0,0
14299,0.297896,0,0
14300,0.297917,0,0
14301,0.297938,0,0
14302,0.297958,0,0
14303,0.297979,0,0
14304,0.298,0,0
14305,0.298021,0,0
14306,0.298042,0,0
14307,0.298063,0,0
14308,0.298083,0,0
14309,0.298104,0,0
14310,0.298125,0,0
14311,0.298146,0,0
14312,0.298167,0,0
14313,0.298187,0,0
14314,0.298208,0,0
14315,0.298229,0,0
14316,0.29825,0,0
14317,0.298271,0,0
14318,0.298292,0,0
14319,0.298312,0,0
14320,0.298333,0,0
14321,0.298354,0,0
14322,0.298375,0,0
14323,0.298396,0,0
14324,0.298417,0,0
14325,0.298438,0,0
14326,0.298458,0,0
14327,0.298479,0,0
14328,0.2985,0,0
14329,0.298521,0,0
14330,0.298542,0,0
14331,0.298562,0,0
14332,0.298583,0,0
14333,0.298604,0,0
14334,0.298625,0,0
14335,0.298646,0,0
14336,0.298667,0,0
14337,0.298687,0,0
14338,0.298708,0,0
14339,0.298729,0,0
14340,0.29875,0,0
14341,0.298771,0,0
14342,0.298792,0,0
14343,0.298813,0,0
14344,0.298833,0,0
14345,0.298854,0,0
14346,0.298875,0,0
14347,0.298896,0,0
14348,0.298917,0,0
14349,0.298937,0,0
14350,0.298958,0,0
14351,0.298979,0,0
14352,0.299,0,0
14353,0.299021,0,0
14354,0.299042,0,0
14355,0.299062,0,0
14356,0.299083,0,0
14357,0.299104,0,0
14358,0.299125,0,0
14359,0.299146,0,0
14360,0.299167,0,0
14361,0.299188,0,0
14362,0.299208,0,0
14363,0.299229,0,0
14364,0.29925,0,0
14365,0.299271,0,0
14366,0.299292,0,0
14367,0.299313,0,0
14368,0.299333,0,0
14369,0.299354,0,0
14370,0.299375,0,0
14371,0.299396,0,0
14372,0.299417,0,0
14373,0.299437,0,0
14374,0.299458,0,0
14375,0.299479,0,0
14376,0.2995,0,0
14377,0.299521,0,0
14378,0.299542,0,0
14379,0.299563,0,0
14380,0.299583,0,0
14381,0.299604,0,0
14382,0.299625,0,0
14383,0.299646,0,0
14384,0.299667,0,0
14385,0.299688,0,0
14386,0.299708,0,0
14387,0.299729,0,0
14388,0.29975,0,0
14389,0.299771,0,0
14390,0.299792,0,0
14391,0.299812,0,0
14392,0.299833,0,0
14393,0.299854,0,0
14394,0.299875,0,0
14395,0.299896,0,0
14396,0.299917,0,0
14397,0.299937,0,0
14398,0.299958,0,0
14399,0.299979,0,0
14400,0.3,0,0
14401,0.300021,0,0
14402,0.300042,0,0
14403,0.300063,0,0
14404,0.300083,0,0
14405,0.300104,0,0
14406,0.300125,0,0
14407,0.300146,0,0
14408,0.300167,0,0
14409,0.300187,0,0
14410,0.300208,0,0
14411,0.300229,0,0
14412,0.30025,0,0
14413,0.300271,0,0
14414,0.300292,0,0
14415,0.300312,0,0
14416,0.300333,0,0
14417,0.300354,0,0
14418,0.300375,0,0
14419,0.300396,0,0
14420,0.300417,0,0
14421,0.300438,0,0
14422,0.300458,0,0
14423,0.300479,0,0
14424,0.3005,0,0
14425,0.300521,0,0
14426,0.300542,0,0
14427,0.300563,0,0
14428,0.300583,0,0
14429,0.300604,0,0
14430,0.300625,0,0
14431,0.300646,0,0
14432,0.300667,0,0
14433,0.300687,0,0
14434,0.300708,0,0
14435,0.300729,0,0
14436,0.30075,0,0
14437,0.300771,0,0
14438,0.300792,0,0
14439,0.300813,0,0
14440,0.300833,0,0
14441,0.300854,0,0
14442,0.300875,0,0
14443,0.300896,0,0
14444,0.300917,0,0
14445,0.300938,0,0
14446,0.300958,0,0
14447,0.300979,0,0
14448,0.301,0,0
14449,0.301021,0,0
14450,0.301042,0,0
14451,0.301062,0,0
14452,0.301083,0,0
14453,0.301104,0,0
14454,0.301125,0,0
14455,0.301146,0,0
14456,0.301167,0,0
14457,0.301187,0,0
14458,0.301208,0,0
14459,0.301229,0,0
14460,0.30125,0,0
14461,0.301271,0,0
14462,0.301292,0,0
14463,0.301313,0,0
14464,0.301333,0,0
14465,0.301354,0,0
14466,0.301375,0,0
14467,0.301396,0,0
14468,0.301417,0,0
14469,0.301437,0,0
14470,0.301458,0,0
14471,0.301479,0,0
14472,0.3015,0,0
14473,0.301521,0,0
14474,0.301542,0,0
14475,0.301562,0,0
14476,0.301583,0,0
14477,0.301604,0,0
14478,0.301625,0,0
14479,0.301646,0,0
14480,0.301667,0,0
14481,0.301688,0,0
14482,0.301708,0,0
14483,0.301729,0,0
14484,0.30175,0,0
14485,0.301771,0,0
14486,0.301792,0,0
14487,0.301812,0,0
14488,0.301833,0,0
14489,0.301854,0,0
14490,0.301875,0,0
14491,0.301896,0,0
14492,0.301917,0,0
14493,0.301937,0,0
14494,0.301958,0,0
14495,0.301979,0,0
14496,0.302,0,0
14497,0.302021,0,0
14498,0.302042,0,0
14499,0.302063,0,0
14500,0.302083,0,0
14501,0.302104,0,0
14502,0.302125,0,0
14503,0.302146,0,0
14504,0.302167,0,0
14505,0.302188,0,0
14506,0.302208,0,0
14507,0.302229,0,0
14508,0.30225,0,0
14509,0.302271,0,0
14510,0.302292,0,0
14511,0.302312,0,0
14512,0.302333,0,0
14513,0.302354,0,0
14514,0.302375,0,0
14515,0.302396,0,0
14516,0.302417,0,0
14517,0.302438,0,0
14518,0.302458,0,0
14519,0.302479,0,0
14520,0.3025,0,0
14521,0.302521,0,0
14522,0.302542,0,0
14523,0.302563,0,0
14524,0.302583,0,0
14525,0.302604,0,0
14526,0.302625,0,0
14527,0.302646,0,0
14528,0.302667,0,0
14529,0.302687,0,0
14530,0.302708,0,0
14531,0.302729,0,0
14532,0.30275,0,0
14533,0.302771,0,0
14534,0.302792,0,0
14535,0.302812,0,0
14536,0.302833,0,0
14537,0.302854,0,0
14538,0.302875,0,0
14539,0.302896,0,0
14540,0.302917,0,0
14541,0.302938,0,0
14542,0.302958,0,0
14543,0.302979,0,0
14544,0.303,0,0
14545,0.303021,0,0
14546,0.303042,0,0
14547,0.303062,0,0
14548,0.303083,0,0
14549,0.303104,0,0
14550,0.303125,0,0
14551,0.303146,0,0
14552,0.303167,0,0
14553,0.303187,0,0
14554,0.303208,0,0
14555,0.303229,0,0
14556,0.30325,0,0
14557,0.303271,0,0
14558,0.303292,0,0
14559,0.303313,0,0
14560,0.303333,0,0
14561,0.303354,0,0
14562,0.303375,0,0
14563,0.303396,0,0
14564,0.303417,0,0
14565,0.303438,0,0
14566,0.303458,0,0
14567,0.303479,0,0
14568,0.3035,0,0
14569,0.303521,0,0
14570,0.303542,0,0
14571,0.303562,0,0
14572,0.303583,0,0
14573,0.303604,0,0
14574,0.303625,0,0
14575,0.303646,0,0
14576,0.303667,0,0
14577,0.303688,0,0
14578,0.303708,0,0
14579,0.303729,0,0
14580,0.30375,0,0
14581,0.303771,0,0
14582,0.303792,0,0
14583,0.303813,0,0
14584,0.303833,0,0
14585,0.303854,0,0
14586,0.303875,0,0
14587,0.303896,0,0
14588,0.303917,0,0
14589,0.303937,0,0
14590,0.303958,0,0
14591,0.303979,0,0
14592,0.304,0,0
14593,0.304021,0,0
14594,0.304042,0,0
14595,0.304062,0,0
14596,0.304083,0,0
14597,0.304104,0,0
14598,0.304125,0,0
14599,0.304146,0,0
14600,0.304167,0,0
14601,0.304188,0,0
14602,0.304208,0,0
14603,0.304229,0,0
14604,0.30425,0,0
14605,0.304271,0,0
14606,0.304292,0,0
14607,0.304312,0,0
14608,0.304333,0,0
14609,0.304354,0,0
14610,0.304375,0,0
14611,0.304396,0,0
14612,0.304417,0,0
14613,0.304437,0,0
14614,0.304458,0,0
14615,0.304479,0,0
14616,0.3045,0,0
14617,0.304521,0,0
14618,0.304542,0,0
14619,0.304563,0,0
14620,0.304583,0,0
14621,0.304604,0,0
14622,0.304625,0,0
14623,0.304646,0,0
14624,0.304667,0,0
14625,0.304688,0,0
14626,0.304708,0,0
14627,0.304729,0,0
14628,0.30475,0,0
14629,0.304771,0,0
14630,0.304792,0,0
14631,0.304812,0,0
14632,0.304833,0,0
14633,0.304854,0,0
14634,0.304875,0,0
14635,0.304896,0,0
14636,0.304917,0,0
14637,0.304938,0,0
14638,0.304958,0,0
14639,0.304979,0,0
14640,0.305,0,0
14641,0.305021,0,0
14642,0.305042,0,0
14643,0.305063,0,0
14644,0.305083,0,0
14645,0.305104,0,0
14646,0.305125,0,0
14647,0.305146,0,0
14648,0.305167,0,0
14649,0.305187,0,0
14650,0.305208,0,0
14651,0.305229,0,0
14652,0.30525,0,0
14653,0.305271,0,0
14654,0.305292,0,0
14655,0.305313,0,0
14656,0.305333,0,0
14657,0.305354,0,0
14658,0.305375,0,0
14659,0.305396,0,0
14660,0.305417,0,0
14661,0.305438,0,0
14662,0.305458,0,0
14663,0.305479,0,0
14664,0.3055,0,0
14665,0.305521,0,0
14666,0.305542,0,0
14667,0.305562,0,0
14668,0.305583,0,0
14669,0.305604,0,0
14670,0.305625,0,0
14671,0.305646,0,0
14672,0.305667,0,0
14673,0.305687,0,0
14674,0.305708,0,0
14675,0.305729,0,0
14676,0.30575,0,0
14677,0.305771,0,0
14678,0.305792,0,0
14679,0.305813,0,0
14680,0.305833,0,0
14681,0.305854,0,0
14682,0.305875,0,0
14683,0.305896,0,0
14684,0.305917,0,0
14685,0.305937,0,0
14686,0.305958,0,0
14687,0.305979,0,0
14688,0.306,0,0
14689,0.306021,0,0
14690,0.306042,0,0
14691,0.306062,0,0
14692,0.306083,0,0
14693,0.306104,0,0
14694,0.306125,0,0
14695,0.306146,0,0
14696,0.306167,0,0
14697,0.306188,0,0
14698,0.306208,0,0
14699,0.306229,0,0
14700,0.30625,0,0
14701,0.306271,0,0
14702,0.306292,0,0
14703,0.306313,0,0
14704,0.306333,0,0
14705,0.306354,0,0
14706,0.306375,0,0
14707,0.306396,0,0
14708,0.306417,0,0
14709,0.306437,0,0
14710,0.306458,0,0
14711,0.306479,0,0
14712,0.3065,0,0
14713,0.306521,0,0
14714,0.306542,0,0
14715,0.306563,0,0
14716,0.306583,0,0
14717,0.306604,0,0
14718,0.306625,0,0
14719,0.306646,0,0
14720,0.306667,0,0
14721,0.306688,0,0
14722,0.306708,0,0
14723,0.306729,0,0
14724,0.30675,0,0
14725,0.306771,0,0
14726,0.306792,0,0
14727,0.306812,0,0
14728,0.306833,0,0
14729,0.306854,0,0
14730,0.306875,0,0
14731,0.306896,0,0
14732,0.306917,0,0
14733,0.306937,0,0
14734,0.306958,0,0
14735,0.306979,0,0
14736,0.307,0,0
14737,0.307021,0,0
14738,0.307042,0,0
14739,0.307063,0,0
14740,0.307083,0,0
14741,0.307104,0,0
14742,0.307125,0,0
14743,0.307146,0,0
14744,0.307167,0,0
14745,0.307187,0,0
14746,0.307208,0,0
14747,0.307229,0,0
14748,0.30725,0,0
14749,0.307271,0,0
14750,0.307292,0,0
14751,0.307312,0,0
14752,0.307333,0,0
14753,0.307354,0,0
14754,0.307375,0,0
14755,0.307396,0,0
14756,0.307417,0,0
14757,0.307438,0,0
14758,0.307458,0,0
14759,0.307479,0,0
14760,0.3075,0,0
14761,0.307521,0,0
14762,0.307542,0,0
14763,0.307563,0,0
14764,0.307583,0,0
14765,0.307604,0,0
14766,0.307625,0,0
14767,0.307646,0,0
14768,0.307667,0,0
14769,0.307687,0,0
14770,0.307708,0,0
14771,0.307729,0,0
14772,0.30775,0,0
14773,0.307771,0,0
14774,0.307792,0,0
14775,0.307813,0,0
14776,0.307833,0,0
14777,0.307854,0,0
14778,0.307875,0,0
14779,0.307896,0,0
14780,0.307917,0,0
14781,0.307938,0,0
14782,0.307958,0,0
14783,0.307979,0,0
14784,0.308,0,0
14785,0.308021,0,0
14786,0.308042,0,0
14787,0.308062,0,0
14788,0.308083,0,0
14789,0.308104,0,0
14790,0.308125,0,0
14791,0.308146,0,0
14792,0.308167,0,0
14793,0.308188,0,0
14794,0.308208,0,0
14795,0.308229,0,0
14796,0.30825,0,0
14797,0.308271,0,0
14798,0.308292,0,0
14799,0.308313,0,0
14800,0.308333,0,0
14801,0.308354,0,0
14802,0.308375,0,0
14803,0.308396,0,0
14804,0.308417,0,0
14805,0.308437,0,0
14806,0.308458,0,0
14807,0.308479,0,0
14808,0.3085,0,0
14809,0.308521,0,0
14810,0.308542,0,0
14811,0.308562,0,0
14812,0.308583,0,0
14813,0.308604,0,0
14814,0.308625,0,0
14815,0.308646,0,0
14816,0.308667,0,0
14817,0.308688,0,0
14818,0.308708,0,0
14819,0.308729,0,0
14820,0.30875,0,0
14821,0.308771,0,0
14822,0.308792,0,0
14823,0.308812,0,0
14824,0.308833,0,0
14825,0.308854,0,0
14826,0.308875,0,0
14827,0.308896,0,0
14828,0.308917,0,0
14829,0.308937,0,0
14830,0.308958,0,0
14831,0.308979,0,0
14832,0.309,0,0
14833,0.309021,0,0
14834,0.309042,0,0
14835,0.309063,0,0
14836,0.309083,0,0
14837,0.309104,0,0
14838,0.309125,0,0
14839,0.309146,0,0
14840,0.309167,0,0
14841,0.309188,0,0
14842,0.309208,0,0
14843,0.309229,0,0
14844,0.30925,0,0
14845,0.309271,0,0
14846,0.309292,0,0
14847,0.309312,0,0
14848,0.309333,0,0
14849,0.309354,0,0
14850,0.309375,0,0
14851,0.309396,0,0
14852,0.309417,0,0
14853,0.309438,0,0
14854,0.309458,0,0
14855,0.309479,0,0
14856,0.3095,0,0
14857,0.309521,0,0
14858,0.309542,0,0
14859,0.309563,0,0
14860,0.309583,0,0
14861,0.309604,0,0
14862,0.309625,0,0
14863,0.309646,0,0
14864,0.309667,0,0
14865,0.309687,0,0
14866,0.309708,0,0
14867,0.309729,0,0
14868,0.30975,0,0
14869,0.309771,0,0
14870,0.309792,0,0
14871,0.309812,0,0
14872,0.309833,0,0
14873,0.309854,0,0
14874,0.309875,0,0
14875,0.309896,0,0
14876,0.309917,0,0
14877,0.309938,0,0
14878,0.309958,0,0
14879,0.309979,0,0
14880,0.31,0,0
14881,0.310021,0,0
14882,0.310042,0,0
14883,0.310062,0,0
14884,0.310083,0,0
14885,0.310104,0,0
14886,0.310125,0,0
14887,0.310146,0,0
14888,0.310167,0,0
14889,0.310187,0,0
14890,0.310208,0,0
14891,0.310229,0,0
14892,0.31025,0,0
14893,0.310271,0,0
14894,0.310292,0,0
14895,0.310313,0,0
14896,0.310333,0,0
14897,0.310354,0,0
14898,0.310375,0,0
14899,0.310396,0,0
14900,0.310417,0,0
14901,0.310438,0,0
14902,0.310458,0,0
14903,0.310479,0,0
14904,0.3105,0,0
14905,0.310521,0,0
14906,0.310542,0,0
14907,0.310562,0,0
14908,0.310583,0,0
14909,0.310604,0,0
14910,0.310625,0,0
14911,0.310646,0,0
14912,0.310667,0,0
14913,0.310688,0,0
14914,0.310708,0,0
14915,0.310729,0,0
14916,0.31075,0,0
14917,0.310771,0,0
14918,0.310792,0,0
14919,0.310813,0,0
14920,0.310833,0,0
14921,0.310854,0,0
14922,0.310875,0,0
14923,0.310896,0,0
14924,0.310917,0,0
14925,0.310937,0,0
14926,0.310958,0,0
14927,0.310979,0,0
14928,0.311,0,0
14929,0.311021,0,0
14930,0.311042,0,0
14931,0.311063,0,0
14932,0.311083,0,0
14933,0.311104,0,0
14934,0.311125,0,0
14935,0.311146,0,0
14936,0.311167,0,0
14937,0.311188,0,0
14938,0.311208,0,0
14939,0.311229,0,0
14940,0.31125,0,0
14941,0.311271,0,0
14942,0.311292,0,0
14943,0.311312,0,0
14944,0.311333,0,0
14945,0.311354,0,0
14946,0.311375,0,0
14947,0.311396,0,0
14948,0.311417,0,0
14949,0.311437,0,0
14950,0.311458,0,0
14951,0.311479,0,0
14952,0.3115,0,0
14953,0.311521,0,0
14954,0.311542,0,0
14955,0.311563,0,0
14956,0.311583,0,0
14957,0.311604,0,0
14958,0.311625,0,0
14959,0.311646,0,0
14960,0.311667,0,0
14961,0.311687,0,0
14962,0.311708,0,0
14963,0.311729,0,0
14964,0.31175,0,0
14965,0.311771,0,0
14966,0.311792,0,0
14967,0.311812,0,0
14968,0.311833,0,0
14969,0.311854,0,0
14970,0.311875,0,0
14971,0.311896,0,0
14972,0.311917,0,0
14973,0.311938,0,0
14974,0.311958,0,0
14975,0.311979,0,0
14976,0.312,0,0
14977,0.312021,0,0
14978,0.312042,0,0
14979,0.312063,0,0
14980,0.312083,0,0
14981,0.312104,0,0
14982,0.312125,0,0
14983,0.312146,0,0
14984,0.312167,0,0
14985,0.312187,0,0
14986,0.312208,0,0
14987,0.312229,0,0
14988,0.31225,0,0
14989,0.312271,0,0
14990,0.312292,0,0
14991,0.312313,0,0
14992,0.312333,0,0
14993,0.312354,0,0
14994,0.312375,0,0
14995,0.312396,0,0
14996,0.312417,0,0
14997,0.312438,0,0
14998,0.312458,0,0
14999,0.312479,0,0
15000,0.3125,0,0
15001,0.312521,0,0
15002,0.312542,0,0
15003,0.312562,0,0
15004,0.312583,0,0
15005,0.312604,0,0
15006,0.312625,0,0
15007,0.312646,0,0
15008,0.312667,0,0
15009,0.312687,0,0
15010,0.312708,0,0
15011,0.312729,0,0
15012,0.31275,0,0
15013,0.312771,0,0
15014,0.312792,0,0
15015,0.312813,0,0
15016,0.312833,0,0
15017,0.312854,0,0
15018,0.312875,0,0
15019,0.312896,0,0
15020,0.312917,0,0
15021,0.312937,0,0
15022,0.312958,0,0
15023,0.312979,0,0
15024,0.313,0,0
15025,0.313021,0,0
15026,0.313042,0,0
15027,0.313062,0,0
15028,0.313083,0,0
15029,0.313104,0,0
15030,0.313125,0,0
15031,0.313146,0,0
15032,0.313167,0,0
15033,0.313188,0,0
15034,0.313208,0,0
15035,0.313229,0,0
15036,0.31325,0,0
15037,0.313271,0,0
15038,0.313292,0,0
15039,0.313313,0,0
15040,0.313333,0,0
15041,0.313354,0,0
15042,0.313375,0,0
15043,0.313396,0,0
15044,0.313417,0,0
15045,0.313437,0,0
15046,0.313458,0,0
15047,0.313479,0,0
15048,0.3135,0,0
15049,0.313521,0,0
15050,0.313542,0,0
15051,0.313563,0,0
15052,0.313583,0,0
15053,0.313604,0,0
15054,0.313625,0,0
15055,0.313646,0,0
15056,0.313667,0,0
15057,0.313688,0,0
15058,0.313708,0,0
15059,0.313729,0,0
15060,0.31375,0,0
15061,0.313771,0,0
15062,0.313792,0,0
15063,0.313812,0,0
15064,0.313833,0,0
15065,0.313854,0,0
15066,0.313875,0,0
15067,0.313896,0,0
15068,0.313917,0,0
15069,0.313937,0,0
15070,0.313958,0,0
15071,0.313979,0,0
15072,0.314,0,0
15073,0.314021,0,0
15074,0.314042,0,0
15075,0.314063,0,0
15076,0.314083,0,0
15077,0.314104,0,0
15078,0.314125,0,0
15079,0.314146,0,0
15080,0.314167,0,0
15081,0.314187,0,0
15082,0.314208,0,0
15083,0.314229,0,0
15084,0.31425,0,0
15085,0.314271,0,0
15086,0.314292,0,0
15087,0.314312,0,0
15088,0.314333,0,0
15089,0.314354,0,0
15090,0.314375,0,0
15091,0.314396,0,0
15092,0.314417,0,0
15093,0.314438,0,0
15094,0.314458,0,0
15095,0.314479,0,0
15096,0.3145,0,0
15097,0.314521,0,0
15098,0.314542,0,0
15099,0.314562,0,0
15100,0.314583,0,0
15101,0.314604,0,0
15102,0.314625,0,0
15103,0.314646,0,0
15104,0.314667,0,0
15105,0.314687,0,0
15106,0.314708,0,0
15107,0.314729,0,0
15108,0.31475,0,0
15109,0.314771,0,0
15110,0.314792,0,0
15111,0.314813,0,0
15112,0.314833,0,0
15113,0.314854,0,0
15114,0.314875,0,0
15115,0.314896,0,0
15116,0.314917,0,0
15117,0.314938,0,0
15118,0.314958,0,0
15119,0.314979,0,0
15120,0.315,0,0
15121,0.315021,0,0
15122,0.315042,0,0
15123,0.315062,0,0
15124,0.315083,0,0
15125,0.315104,0,0
15126,0.315125,0,0
15127,0.315146,0,0
15128,0.315167,0,0
15129,0.315188,0,0
15130,0.315208,0,0
15131,0.315229,0,0
15132,0.31525,0,0
15133,0.315271,0,0
15134,0.315292,0,0
15135,0.315313,0,0
15136,0.315333,0,0
15137,0.315354,0,0
15138,0.315375,0,0
15139,0.315396,0,0
15140,0.315417,0,0
15141,0.315437,0,0
15142,0.315458,0,0
15143,0.315479,0,0
15144,0.3155,0,0
15145,0.315521,0,0
15146,0.315542,0,0
15147,0.315562,0,0
15148,0.315583,0,0
15149,0.315604,0,0
15150,0.315625,0,0
15151,0.315646,0,0
15152,0.315667,0,0
15153,0.315688,0,0
15154,0.315708,0,0
15155,0.315729,0,0
15156,0.31575,0,0
15157,0.315771,0,0
15158,0.315792,0,0
15159,0.315812,0,0
15160,0.315833,0,0
15161,0.315854,0,0
15162,0.315875,0,0
15163,0.315896,0,0
15164,0.315917,0,0
15165,0.315937,0,0
15166,0.315958,0,0
15167,0.315979,0,0
15168,0.316,0,0
15169,0.316021,0,0
15170,0.316042,0,0
15171,0.316063,0,0
15172,0.316083,0,0
15173,0.316104,0,0
15174,0.316125,0,0
15175,0.316146,0,0
15176,0.316167,0,0
15177,0.316188,0,0
15178,0.316208,0,0
15179,0.316229,0,0
15180,0.31625,0,0
15181,0.316271,0,0
15182,0.316292,0,0
15183,0.316312,0,0
15184,0.316333,0,0
15185,0.316354,0,0
15186,0.316375,0,0
15187,0.316396,0,0
15188,0.316417,0,0
15189,0.316438,0,0
15190,0.316458,0,0
15191,0.316479,0,0
15192,0.3165,0,0
15193,0.316521,0,0
15194,0.316542,0,0
15195,0.316563,0,0
15196,0.316583,0,0
15197,0.316604,0,0
15198,0.316625,0,0
15199,0.316646,0,0
15200,0.316667,0,0
15201,0.316687,0,0
15202,0.316708,0,0
15203,0.316729,0,0
15204,0.31675,0,0
15205,0.316771,0,0
15206,0.316792,0,0
15207,0.316812,0,0
15208,0.316833,0,0
15209,0.316854,0,0
15210,0.316875,0,0
15211,0.316896,0,0
15212,0.316917,0,0
15213,0.316938,0,0
15214,0.316958,0,0
15215,0.316979,0,0
15216,0.317,0,0
15217,0.317021,0,0
15218,0.317042,0,0
15219,0.317062,0,0
15220,0.317083,0,0
15221,0.317104,0,0
15222,0.317125,0,0
15223,0.317146,0,0
15224,0.317167,0,0
15225,0.317187,0,0
15226,0.317208,0,0
15227,0.317229,0,0
15228,0.31725,0,0
15229,0.317271,0,0
15230,0.317292,0,0
15231,0.317313,0,0
15232,0.317333,0,0
15233,0.317354,0,0
15234,0.317375,0,0
15235,0.317396,0,0
15236,0.317417,0,0
15237,0.317437,0,0
15238,0.317458,0,0
15239,0.317479,0,0
15240,0.3175,0,0
15241,0.317521,0,0
15242,0.317542,0,0
15243,0.317562,0,0
15244,0.317583,0,0
15245,0.317604,0,0
15246,0.317625,0,0
15247,0.317646,0,0
15248,0.317667,0,0
15249,0.317688,0,0
15250,0.317708,0,0
15251,0.317729,0,0
15252,0.31775,0,0
15253,0.317771,0,0
15254,0.317792,0,0
15255,0.317813,0,0
15256,0.317833,0,0
15257,0.317854,0,0
15258,0.317875,0,0
15259,0.317896,0,0
15260,0.317917,0,0
15261,0.317937,0,0
15262,0.317958,0,0
15263,0.317979,0,0
15264,0.318,0,0
15265,0.318021,0,0
15266,0.318042,0,0
15267,0.318063,0,0
15268,0.318083,0,0
15269,0.318104,0,0
15270,0.318125,0,0
15271,0.318146,0,0
15272,0.318167,0,0
15273,0.318188,0,0
15274,0.318208,0,0
15275,0.318229,0,0
15276,0.31825,0,0
15277,0.318271,0,0
15278,0.318292,0,0
15279,0.318312,0,0
15280,0.318333,0,0
15281,0.318354,0,0
15282,0.318375,0,0
15283,0.318396,0,0
15284,0.318417,0,0
15285,0.318437,0,0
15286,0.318458,0,0
15287,0.318479,0,0
15288,0.3185,0,0
15289,0.318521,0,0
15290,0.318542,0,0
15291,0.318563,0,0
15292,0.318583,0,0
15293,0.318604,0,0
15294,0.318625,0,0
15295,0.318646,0,0
15296,0.318667,0,0
15297,0.318687,0,0
15298,0.318708,0,0
15299,0.318729,0,0
15300,0.31875,0,0
15301,0.318771,0,0
15302,0.318792,0,0
15303,0.318812,0,0
15304,0.318833,0,0
15305,0.318854,0,0
15306,0.318875,0,0
15307,0.318896,0,0
15308,0.318917,0,0
15309,0.318938,0,0
15310,0.318958,0,0
15311,0.318979,0,0
15312,0.319,0,0
15313,0.319021,0,0
15314,0.319042,0,0
15315,0.319063,0,0
15316,0.319083,0,0
15317,0.319104,0,0
15318,0.319125,0,0
15319,0.319146,0,0
15320,0.319167,0,0
15321,0.319187,0,0
15322,0.319208,0,0
15323,0.319229,0,0
15324,0.31925,0,0
15325,0.319271,0,0
15326,0.319292,0,0
15327,0.319313,0,0
15328,0.319333,0,0
15329,0.319354,0,0
15330,0.319375,0,0
15331,0.319396,0,0
15332,0.319417,0,0
15333,0.319438,0,0
15334,0.319458,0,0
15335,0.319479,0,0
15336,0.3195,0,0
15337,0.319521,0,0
15338,0.319542,0,0
15339,0.319562,0,0
15340,0.319583,0,0
15341,0.319604,0,0
15342,0.319625,0,0
15343,0.319646,0,0
15344,0.319667,0,0
15345,0.319687,0,0
15346,0.319708,0,0
15347,0.319729,0,0
15348,0.31975,0,0
15349,0.319771,0,0
15350,0.319792,0,0
15351,0.319813,0,0
15352,0.319833,0,0
15353,0.319854,0,0
15354,0.319875,0,0
15355,0.319896,0,0
15356,0.319917,0,0
15357,0.319937,0,0
15358,0.319958,0,0
15359,0.319979,0,0
15360,0.32,0,0
15361,0.320021,0,0
15362,0.320042,0,0
15363,0.320062,0,0
15364,0.320083,0,0
15365,0.320104,0,0
15366,0.320125,0,0
15367,0.320146,0,0
15368,0.320167,0,0
15369,0.320188,0,0
15370,0.320208,0,0
15371,0.320229,0,0
15372,0.32025,0,0
15373,0.320271,0,0
15374,0.320292,0,0
15375,0.320312,0,0
15376,0.320333,0,0
15377,0.320354,0,0
15378,0.320375,0,0
15379,0.320396,0,0
15380,0.320417,0,0
15381,0.320437,0,0
15382,0.320458,0,0
15383,0.320479,0,0
15384,0.3205,0,0
15385,0.320521,0,0
15386,0.320542,0,0
15387,0.320563,0,0
15388,0.320583,0,0
15389,0.320604,0,0
15390,0.320625,0,0
15391,0.320646,0,0
15392,0.320667,0,0
15393,0.320688,0,0
15394,0.320708,0,0
15395,0.320729,0,0
15396,0.32075,0,0
15397,0.320771,0,0
15398,0.320792,0,0
15399,0.320812,0,0
15400,0.320833,0,0
15401,0.320854,0,0
15402,0.320875,0,0
15403,0.320896,0,0
15404,0.320917,0,0
15405,0.320938,0,0
15406,0.320958,0,0
15407,0.320979,0,0
15408,0.321,0,0
15409,0.321021,0,0
15410,0.321042,0,0
15411,0.321063,0,0
15412,0.321083,0,0
15413,0.321104,0,0
15414,0.321125,0,0
15415,0.321146,0,0
15416,0.321167,0,0
15417,0.321187,0,0
15418,0.321208,0,0
15419,0.321229,0,0
15420,0.32125,0,0
15421,0.321271,0,0
15422,0.321292,0,0
15423,0.321312,0,0
15424,0.321333,0,0
15425,0.321354,0,0
15426,0.321375,0,0
15427,0.321396,0,0
15428,0.321417,0,0
15429,0.321438,0,0
15430,0.321458,0,0
15431,0.321479,0,0
15432,0.3215,0,0
15433,0.321521,0,0
15434,0.321542,0,0
15435,0.321562,0,0
15436,0.321583,0,0
15437,0.321604,0,0
15438,0.321625,0,0
15439,0.321646,0,0
15440,0.321667,0,0
15441,0.321687,0,0
15442,0.321708,0,0
15443,0.321729,0,0
15444,0.32175,0,0
15445,0.321771,0,0
15446,0.321792,0,0
15447,0.321813,0,0
15448,0.321833,0,0
15449,0.321854,0,0
15450,0.321875,0,0
15451,0.321896,0,0
15452,0.321917,0,0
15453,0.321938,0,0
15454,0.321958,0,0
15455,0.321979,0,0
15456,0.322,0,0
15457,0.322021,0,0
15458,0.322042,0,0
15459,0.322062,0,0
15460,0.322083,0,0
15461,0.322104,0,0
15462,0.322125,0,0
15463,0.322146,0,0
15464,0.322167,0,0
15465,0.322188,0,0
15466,0.322208,0,0
15467,0.322229,0,0
15468,0.32225,0,0
15469,0.322271,0,0
15470,0.322292,0,0
15471,0.322313,0,0
15472,0.322333,0,0
15473,0.322354,0,0
15474,0.322375,0,0
15475,0.322396,0,0
15476,0.322417,0,0
15477,0.322437,0,0
15478,0.322458,0,0
15479,0.322479,0,0
15480,0.3225,0,0
15481,0.322521,0,0
15482,0.322542,0,0
15483,0.322562,0,0
15484,0.322583,0,0
15485,0.322604,0,0
15486,0.322625,0,0
15487,0.322646,0,0
15488,0.322667,0,0
15489,0.322688,0,0
15490,0.322708,0,0
15491,0.322729,0,0
15492,0.32275,0,0
15493,0.322771,0,0
15494,0.322792,0,0
15495,0.322812,0,0
15496,0.322833,0,0
15497,0.322854,0,0
15498,0.322875,0,0
15499,0.322896,0,0
15500,0.322917,0,0
15501,0.322937,0,0
15502,0.322958,0,0
15503,0.322979,0,0
15504,0.323,0,0
15505,0.323021,0,0
15506,0.323042,0,0
15507,0.323063,0,0
15508,0.323083,0,0
15509,0.323104,0,0
15510,0.323125,0,0
15511,0.323146,0,0
15512,0.323167,0,0
15513,0.323188,0,0
15514,0.323208,0,0
15515,0.323229,0,0
15516,0.32325,0,0
15517,0.323271,0,0
15518,0.323292,0,0
15519,0.323312,0,0
15520,0.323333,0,0
15521,0.323354,0,0
15522,0.323375,0,0
15523,0.323396,0,0
15524,0.323417,0,0
15525,0.323438,0,0
15526,0.323458,0,0
15527,0.323479,0,0
15528,0.3235,0,0
15529,0.323521,0,0
15530,0.323542,0,0
15531,0.323563,0,0
15532,0.323583,0,0
15533,0.323604,0,0
15534,0.323625,0,0
15535,0.323646,0,0
15536,0.323667,0,0
15537,0.323687,0,0
15538,0.323708,0,0
15539,0.323729,0,0
15540,0.32375,0,0
15541,0.323771,0,0
15542,0.323792,0,0
15543,0.323813,0,0
15544,0.323833,0,0
15545,0.323854,0,0
15546,0.323875,0,0
15547,0.323896,0,0
15548,0.323917,0,0
15549,0.323938,0,0
15550,0.323958,0,0
15551,0.323979,0,0
15552,0.324,0,0
15553,0.324021,0,0
15554,0.324042,0,0
15555,0.324062,0,0
15556,0.324083,0,0
15557,0.324104,0,0
15558,0.324125,0,0
15559,0.324146,0,0
15560,0.324167,0,0
15561,0.324187,0,0
15562,0.324208,0,0
15563,0.324229,0,0
15564,0.32425,0,0
15565,0.324271,0,0
15566,0.324292,0,0
15567,0.324313,0,0
15568,0.324333,0,0
15569,0.324354,0,0
15570,0.324375,0,0
15571,0.324396,0,0
15572,0.324417,0,0
15573,0.324437,0,0
15574,0.324458,0,0
15575,0.324479,0,0
15576,0.3245,0,0
15577,0.324521,0,0
15578,0.324542,0,0
15579,0.324562,0,0
15580,0.324583,0,0
15581,0.324604,0,0
15582,0.324625,0,0
15583,0.324646,0,0
15584,0.324667,0,0
15585,0.324688,0,0
15586,0.324708,0,0
15587,0.324729,0,0
15588,0.32475,0,0
15589,0.324771,0,0
15590,0.324792,0,0
15591,0.324813,0,0
15592,0.324833,0,0
15593,0.324854,0,0
15594,0.324875,0,0
15595,0.324896,0,0
15596,0.324917,0,0
15597,0.324937,0,0
15598,0.324958,0,0
15599,0.324979,0,0
15600,0.325,0,0
15601,0.325021,0,0
15602,0.325042,0,0
15603,0.325063,0,0
15604,0.325083,0,0
15605,0.325104,0,0
15606,0.325125,0,0
15607,0.325146,0,0
15608,0.325167,0,0
15609,0.325188,0,0
15610,0.325208,0,0
15611,0.325229,0,0
15612,0.32525,0,0
15613,0.325271,0,0
15614,0.325292,0,0
15615,0.325312,0,0
15616,0.325333,0,0
15617,0.325354,0,0
15618,0.325375,0,0
15619,0.325396,0,0
15620,0.325417,0,0
15621,0.325437,0,0
15622,0.325458,0,0
15623,0.325479,0,0
15624,0.3255,0,0
15625,0.325521,0,0
15626,0.325542,0,0
15627,0.325563,0,0
15628,0.325583,0,0
15629,0.325604,0,0
15630,0.325625,0,0
15631,0.325646,0,0
15632,0.325667,0,0
15633,0.325687,0,0
15634,0.325708,0,0
15635,0.325729,0,0
15636,0.32575,0,0
15637,0.325771,0,0
15638,0.325792,0,0
15639,0.325812,0,0
15640,0.325833,0,0
15641,0.325854,0,0
15642,0.325875,0,0
15643,0.325896,0,0
15644,0.325917,0,0
15645,0.325938,0,0
15646,0.325958,0,0
15647,0.325979,0,0
15648,0.326,0,0
15649,0.326021,0,0
15650,0.326042,0,0
15651,0.326063,0,0
15652,0.326083,0,0
15653,0.326104,0,0
15654,0.326125,0,0
15655,0.326146,0,0
15656,0.326167,0,0
15657,0.326187,0,0
15658,0.326208,0,0
15659,0.326229,0,0
15660,0.32625,0,0
15661,0.326271,0,0
15662,0.326292,0,0
15663,0.326313,0,0
15664,0.326333,0,0
15665,0.326354,0,0
15666,0.326375,0,0
15667,0.326396,0,0
15668,0.326417,0,0
15669,0.326438,0,0
15670,0.326458,0,0
15671,0.326479,0,0
15672,0.3265,0,0
15673,0.326521,0,0
15674,0.326542,0,0
15675,0.326562,0,0
15676,0.326583,0,0
15677,0.326604,0,0
15678,0.326625,0,0
15679,0.326646,0,0
15680,0.326667,0,0
15681,0.326688,0,0
15682,0.326708,0,0
15683,0.326729,0,0
15684,0.32675,0,0
15685,0.326771,0,0
15686,0.326792,0,0
15687,0.326813,0,0
15688,0.326833,0,0
15689,0.326854,0,0
15690,0.326875,0,0
15691,0.326896,0,0
15692,0.326917,0,0
15693,0.326937,0,0
15694,0.326958,0,0
15695,0.326979,0,0
15696,0.327,0,0
15697,0.327021,0,0
15698,0.327042,0,0
15699,0.327062,0,0
15700,0.327083,0,0
15701,0.327104,0,0
15702,0.327125,0,0
15703,0.327146,0,0
15704,0.327167,0,0
15705,0.327188,0,0
15706,0.327208,0,0
15707,0.327229,0,0
15708,0.32725,0,0
15709,0.327271,0,0
15710,0.327292,0,0
15711,0.327312,0,0
15712,0.327333,0,0
15713,0.327354,0,0
15714,0.327375,0,0
15715,0.327396,0,0
15716,0.327417,0,0
15717,0.327437,0,0
15718,0.327458,0,0
15719,0.327479,0,0
15720,0.3275,0,0
15721,0.327521,0,0
15722,0.327542,0,0
15723,0.327563,0,0
15724,0.327583,0,0
15725,0.327604,0,0
15726,0.327625,0,0
15727,0.327646,0,0
15728,0.327667,0,0
15729,0.327688,0,0
15730,0.327708,0,0
15731,0.327729,0,0
15732,0.32775,0,0
15733,0.327771,0,0
15734,0.327792,0,0
15735,0.327812,0,0
15736,0.327833,0,0
15737,0.327854,0,0
15738,0.327875,0,0
15739,0.327896,0,0
15740,0.327917,0,0
15741,0.327938,0,0
15742,0.327958,0,0
15743,0.327979,0,0
15744,0.328,0,0
15745,0.328021,0,0
15746,0.328042,0,0
15747,0.328063,0,0
15748,0.328083,0,0
15749,0.328104,0,0
15750,0.328125,0,0
15751,0.328146,0,0
15752,0.328167,0,0
15753,0.328187,0,0
15754,0.328208,0,0
15755,0.328229,0,0
15756,0.32825,0,0
15757,0.328271,0,0
15758,0.328292,0,0
15759,0.328312,0,0
15760,0.328333,0,0
15761,0.328354,0,0
15762,0.328375,0,0
15763,0.328396,0,0
15764,0.328417,0,0
15765,0.328438,0,0
15766,0.328458,0,0
15767,0.328479,0,0
15768,0.3285,0,0
15769,0.328521,0,0
15770,0.328542,0,0
15771,0.328562,0,0
15772,0.328583,0,0
15773,0.328604,0,0
15774,0.328625,0,0
15775,0.328646,0,0
15776,0.328667,0,0
15777,0.328687,0,0
15778,0.328708,0,0
15779,0.328729,0,0
15780,0.32875,0,0
15781,0.328771,0,0
15782,0.328792,0,0
15783,0.328813,0,0
15784,0.328833,0,0
15785,0.328854,0,0
15786,0.328875,0,0
15787,0.328896,0,0
15788,0.328917,0,0
15789,0.328938,0,0
15790,0.328958,0,0
15791,0.328979,0,0
15792,0.329,0,0
15793,0.329021,0,0
15794,0.329042,0,0
15795,0.329062,0,0
15796,0.329083,0,0
15797,0.329104,0,0
15798,0.329125,0,0
15799,0.329146,0,0
15800,0.329167,0,0
15801,0.329188,0,0
15802,0.329208,0,0
15803,0.329229,0,0
15804,0.32925,0,0
15805,0.329271,0,0
15806,0.329292,0,0
15807,0.329313,0,0
15808,0.329333,0,0
15809,0.329354,0,0
15810,0.329375,0,0
15811,0.329396,0,0
15812,0.329417,0,0
15813,0.329437,0,0
15814,0.329458,0,0
15815,0.329479,0,0
15816,0.3295,0,0
15817,0.329521,0,0
15818,0.329542,0,0
15819,0.329562,0,0
15820,0.329583,0,0
15821,0.329604,0,0
15822,0.329625,0,0
15823,0.329646,0,0
15824,0.329667,0,0
15825,0.329688,0,0
15826,0.329708,0,0
15827,0.329729,0,0
15828,0.32975,0,0
15829,0.329771,0,0
15830,0.329792,0,0
15831,0.329812,0,0
15832,0.329833,0,0
15833,0.329854,0,0
15834,0.329875,0,0
15835,0.329896,0,0
15836,0.329917,0,0
15837,0.329937,0,0
15838,0.329958,0,0
15839,0.329979,0,0
15840,0.33,0,0
15841,0.330021,0,0
15842,0.330042,0,0
15843,0.330063,0,0
15844,0.330083,0,0
15845,0.330104,0,0
15846,0.330125,0,0
15847,0.330146,0,0
15848,0.330167,0,0
15849,0.330187,0,0
15850,0.330208,0,0
15851,0.330229,0,0
15852,0.33025,0,0
15853,0.330271,0,0
15854,0.330292,0,0
15855,0.330312,0,0
15856,0.330333,0,0
15857,0.330354,0,0
15858,0.330375,0,0
15859,0.330396,0,0
15860,0.330417,0,0
15861,0.330438,0,0
15862,0.330458,0,0
15863,0.330479,0,0
15864,0.3305,0,0
15865,0.330521,0,0
15866,0.330542,0,0
15867,0.330563,0,0
15868,0.330583,0,0
15869,0.330604,0,0
15870,0.330625,0,0
15871,0.330646,0,0
15872,0.330667,0,0
15873,0.330687,0,0
15874,0.330708,0,0
15875,0.330729,0,0
15876,0.33075,0,0
15877,0.330771,0,0
15878,0.330792,0,0
15879,0.330813,0,0
15880,0.330833,0,0
15881,0.330854,0,0
15882,0.330875,0,0
15883,0.330896,0,0
15884,0.330917,0,0
15885,0.330938,0,0
15886,0.330958,0,0
15887,0.330979,0,0
15888,0.331,0,0
15889,0.331021,0,0
15890,0.331042,0,0
15891,0.331062,0,0
15892,0.331083,0,0
15893,0.331104,0,0
15894,0.331125,0,0
15895,0.331146,0,0
15896,0.331167,0,0
15897,0.331187,0,0
15898,0.331208,0,0
15899,0.331229,0,0
15900,0.33125,0,0
15901,0.331271,0,0
15902,0.331292,0,0
15903,0.331313,0,0
15904,0.331333,0,0
15905,0.331354,0,0
15906,0.331375,0,0
15907,0.331396,0,0
15908,0.331417,0,0
15909,0.331437,0,0
15910,0.331458,0,0
15911,0.331479,0,0
15912,0.3315,0,0
15913,0.331521,0,0
15914,0.331542,0,0
15915,0.331562,0,0
15916,0.331583,0,0
15917,0.331604,0,0
15918,0.331625,0,0
15919,0.331646,0,0
15920,0.331667,0,0
15921,0.331688,0,0
15922,0.331708,0,0
15923,0.331729,0,0
15924,0.33175,0,0
15925,0.331771,0,0
15926,0.331792,0,0
15927,0.331813,0,0
15928,0.331833,0,0
15929,0.331854,0,0
15930,0.331875,0,0
15931,0.331896,0,0
15932,0.331917,0,0
15933,0.331937,0,0
15934,0.331958,0,0
15935,0.331979,0,0
15936,0.332,0,0
15937,0.332021,0,0
15938,0.332042,0,0
15939,0.332063,0,0
15940,0.332083,0,0
15941,0.332104,0,0
15942,0.332125,0,0
15943,0.332146,0,0
15944,0.332167,0,0
15945,0.332188,0,0
15946,0.332208,0,0
15947,0.332229,0,0
15948,0.33225,0,0
15949,0.332271,0,0
15950,0.332292,0,0
15951,0.332312,0,0
15952,0.332333,0,0
15953,0.332354,0,0
15954,0.332375,0,0
15955,0.332396,0,0
15956,0.332417,0,0
15957,0.332437,0,0
15958,0.332458,0,0
15959,0.332479,0,0
15960,0.3325,0,0
15961,0.332521,0,0
15962,0.332542,0,0
15963,0.332563,0,0
15964,0.332583,0,0
15965,0.332604,0,0
15966,0.332625,0,0
15967,0.332646,0,0
15968,0.332667,0,0
15969,0.332687,0,0
15970,0.332708,0,0
15971,0.332729,0,0
15972,0.33275,0,0
15973,0.332771,0,0
15974,0.332792,0,0
15975,0.332812,0,0
15976,0.332833,0,0
15977,0.332854,0,0
15978,0.332875,0,0
15979,0.332896,0,0
15980,0.332917,0,0
15981,0.332938,0,0
15982,0.332958,0,0
15983,0.332979,0,0
15984,0.333,0,0
15985,0.333021,0,0
15986,0.333042,0,0
15987,0.333062,0,0
15988,0.333083,0,0
15989,0.333104,0,0
15990,0.333125,0,0
15991,0.333146,0,0
15992,0.333167,0,0
15993,0.333187,0,0
15994,0.333208,0,0
15995,0.333229,0,0
15996,0.33325,0,0
15997,0.333271,0,0
15998,0.333292,0,0
15999,0.333313,0,0
16000,0.333333,0,0
16001,0.333354,0,0
16002,0.333375,0,0
16003,0.333396,0,0
16004,0.333417,0,0
16005,0.333438,0,0
16006,0.333458,0,0
16007,0.333479,0,0
16008,0.3335,0,0
16009,0.333521,0,0
16010,0.333542,0,0
16011,0.333562,0,0
16012,0.333583,0,0
16013,0.333604,0,0
16014,0.333625,0,0
16015,0.333646,0,0
16016,0.333667,0,0
16017,0.333688,0,0
16018,0.333708,0,0
16019,0.333729,0,0
16020,0.33375,0,0
16021,0.333771,0,0
16022,0.333792,0,0
16023,0.333813,0,0
16024,0.333833,0,0
16025,0.333854,0,0
16026,0.333875,0,0
16027,0.333896,0,0
16028,0.333917,0,0
16029,0.333937,0,0
16030,0.333958,0,0
16031,0.333979,0,0
16032,0.334,0,0
16033,0.334021,0,0
16034,0.334042,0,0
16035,0.334062,0,0
16036,0.334083,0,0
16037,0.334104,0,0
16038,0.334125,0,0
16039,0.334146,0,0
16040,0.334167,0,0
16041,0.334188,0,0
16042,0.334208,0,0
16043,0.334229,0,0
16044,0.33425,0,0
16045,0.334271,0,0
16046,0.334292,0,0
16047,0.334312,0,0
16048,0.334333,0,0
16049,0.334354,0,0
16050,0.334375,0,0
16051,0.334396,0,0
16052,0.334417,0,0
16053,0.334437,0,0
16054,0.334458,0,0
16055,0.334479,0,0
16056,0.3345,0,0
16057,0.334521,0,0
16058,0.334542,0,0
16059,0.334563,0,0
16060,0.334583,0,0
16061,0.334604,0,0
16062,0.334625,0,0
16063,0.334646,0,0
16064,0.334667,0,0
16065,0.334688,0,0
16066,0.334708,0,0
16067,0.334729,0,0
16068,0.33475,0,0
16069,0.334771,0,0
16070,0.334792,0,0
16071,0.334812,0,0
16072,0.334833,0,0
16073,0.334854,0,0
16074,0.334875,0,0
16075,0.334896,0,0
16076,0.334917,0,0
16077,0.334938,0,0
16078,0.334958,0,0
16079,0.334979,0,0
16080,0.335,0,0
16081,0.335021,0,0
16082,0.335042,0,0
16083,0.335063,0,0
16084,0.335083,0,0
16085,0.335104,0,0
16086,0.335125,0,0
16087,0.335146,0,0
16088,0.335167,0,0
16089,0.335187,0,0
16090,0.335208,0,0
16091,0.335229,0,0
16092,0.33525,0,0
16093,0.335271,0,0
16094,0.335292,0,0
16095,0.335312,0,0
16096,0.335333,0,0
16097,0.335354,0,0
16098,0.335375,0,0
16099,0.335396,0,0
16100,0.335417,0,0
16101,0.335438,0,0
16102,0.335458,0,0
16103,0.335479,0,0
16104,0.3355,0,0
16105,0.335521,0,0
16106,0.335542,0,0
16107,0.335562,0,0
16108,0.335583,0,0
16109,0.335604,0,0
16110,0.335625,0,0
16111,0.335646,0,0
16112,0.335667,0,0
16113,0.335687,0,0
16114,0.335708,0,0
16115,0.335729,0,0
16116,0.33575,0,0
16117,0.335771,0,0
16118,0.335792,0,0
16119,0.335813,0,0
16120,0.335833,0,0
16121,0.335854,0,0
16122,0.335875,0,0
16123,0.335896,0,0
16124,0.335917,0,0
16125,0.335938,0,0
16126,0.335958,0,0
16127,0.335979,0,0
16128,0.336,0,0
16129,0.336021,0,0
16130,0.336042,0,0
16131,0.336062,0,0
16132,0.336083,0,0
16133,0.336104,0,0
16134,0.336125,0,0
16135,0.336146,0,0
16136,0.336167,0,0
16137,0.336188,0,0
16138,0.336208,0,0
16139,0.336229,0,0
16140,0.33625,0,0
16141,0.336271,0,0
16142,0.336292,0,0
16143,0.336313,0,0
16144,0.336333,0,0
16145,0.336354,0,0
16146,0.336375,0,0
16147,0.336396,0,0
16148,0.336417,0,0
16149,0.336437,0,0
16150,0.336458,0,0
16151,0.336479,0,0
16152,0.3365,0,0
16153,0.336521,0,0
16154,0.336542,0,0
16155,0.336563,0,0
16156,0.336583,0,0
16157,0.336604,0,0
16158,0.336625,0,0
16159,0.336646,0,0
16160,0.336667,0,0
16161,0.336688,0,0
16162,0.336708,0,0
16163,0.336729,0,0
16164,0.33675,0,0
16165,0.336771,0,0
16166,0.336792,0,0
16167,0.336812,0,0
16168,0.336833,0,0
16169,0.336854,0,0
16170,0.336875,0,0
16171,0.336896,0,0
16172,0.336917,0,0
16173,0.336937,0,0
16174,0.336958,0,0
16175,0.336979,0,0
16176,0.337,0,0
16177,0.337021,0,0
16178,0.337042,0,0
16179,0.337063,0,0
16180,0.337083,0,0
16181,0.337104,0,0
16182,0.337125,0,0
16183,0.337146,0,0
16184,0.337167,0,0
16185,0.337187,0,0
16186,0.337208,0,0
16187,0.337229,0,0
16188,0.33725,0,0
16189,0.337271,0,0
16190,0.337292,0,0
16191,0.337312,0,0
16192,0.337333,0,0
16193,0.337354,0,0
16194,0.337375,0,0
16195,0.337396,0,0
16196,0.337417,0,0
16197,0.337438,0,0
16198,0.337458,0,0
16199,0.337479,0,0
16200,0.3375,0,0
16201,0.337521,0,0
16202,0.337542,0,0
16203,0.337563,0,0
16204,0.337583,0,0
16205,0.337604,0,0
16206,0.337625,0,0
16207,0.337646,0,0
16208,0.337667,0,0
16209,0.337687,0,0
16210,0.337708,0,0
16211,0.337729,0,0
16212,0.33775,0,0
16213,0.337771,0,0
16214,0.337792,0,0
16215,0.337813,0,0
16216,0.337833,0,0
16217,0.337854,0,0
16218,0.337875,0,0
16219,0.337896,0,0
16220,0.337917,0,0
16221,0.337938,0,0
16222,0.337958,0,0
16223,0.337979,0,0
16224,0.338,0,0
16225,0.338021,0,0
16226,0.338042,0,0
16227,0.338062,0,0
16228,0.338083,0,0
16229,0.338104,0,0
16230,0.338125,0,0
16231,0.338146,0,0
16232,0.338167,0,0
16233,0.338187,0,0
16234,0.338208,0,0
16235,0.338229,0,0
16236,0.33825,0,0
16237,0.338271,0,0
16238,0.338292,0,0
16239,0.338313,0,0
16240,0.338333,0,0
16241,0.338354,0,0
16242,0.338375,0,0
16243,0.338396,0,0
16244,0.338417,0,0
16245,0.338437,0,0
16246,0.338458,0,0
16247,0.338479,0,0
16248,0.3385,0,0
16249,0.338521,0,0
16250,0.338542,0,0
16251,0.338562,0,0
16252,0.338583,0,0
16253,0.338604,0,0
16254,0.338625,0,0
16255,0.338646,0,0
16256,0.338667,0,0
16257,0.338688,0,0
16258,0.338708,0,0
16259,0.338729,0,0
16260,0.33875,0,0
16261,0.338771,0,0
16262,0.338792,0,0
16263,0.338813,0,0
16264,0.338833,0,0
16265,0.338854,0,0
16266,0.338875,0,0
16267,0.338896,0,0
16268,0.338917,0,0
16269,0.338937,0,0
16270,0.338958,0,0
16271,0.338979,0,0
16272,0.339,0,0
16273,0.339021,0,0
16274,0.339042,0,0
16275,0.339063,0,0
16276,0.339083,0,0
16277,0.339104,0,0
16278,0.339125,0,0
16279,0.339146,0,0
16280,0.339167,0,0
16281,0.339188,0,0
16282,0.339208,0,0
16283,0.339229,0,0
16284,0.33925,0,0
16285,0.339271,0,0
16286,0.339292,0,0
16287,0.339312,0,0
16288,0.339333,0,0
16289,0.339354,0,0
16290,0.339375,0,0
16291,0.339396,0,0
16292,0.339417,0,0
16293,0.339438,0,0
16294,0.339458,0,0
16295,0.339479,0,0
16296,0.3395,0,0
16297,0.339521,0,0
16298,0.339542,0,0
16299,0.339563,0,0
16300,0.339583,0,0
16301,0.339604,0,0
16302,0.339625,0,0
16303,0.339646,0,0
16304,0.339667,0,0
16305,0.339687,0,0
16306,0.339708,0,0
16307,0.339729,0,0
16308,0.33975,0,0
16309,0.339771,0,0
16310,0.339792,0,0
16311,0.339812,0,0
16312,0.339833,0,0
16313,0.339854,0,0
16314,0.339875,0,0
16315,0.339896,0,0
16316,0.339917,0,0
16317,0.339938,0,0
16318,0.339958,0,0
16319,0.339979,0,0
16320,0.34,0,0
16321,0.340021,0,0
16322,0.340042,0,0
16323,0.340062,0,0
16324,0.340083,0,0
16325,0.340104,0,0
16326,0.340125,0,0
16327,0.340146,0,0
16328,0.340167,0,0
16329,0.340187,0,0
16330,0.340208,0,0
16331,0.340229,0,0
16332,0.34025,0,0
16333,0.340271,0,0
16334,0.340292,0,0
16335,0.340313,0,0
16336,0.340333,0,0
16337,0.340354,0,0
16338,0.340375,0,0
16339,0.340396,0,0
16340,0.340417,0,0
16341,0.340438,0,0
16342,0.340458,0,0
16343,0.340479,0,0
16344,0.3405,0,0
16345,0.340521,0,0
16346,0.340542,0,0
16347,0.340562,0,0
16348,0.340583,0,0
16349,0.340604,0,0
16350,0.340625,0,0
16351,0.340646,0,0
16352,0.340667,0,0
16353,0.340688,0,0
16354,0.340708,0,0
16355,0.340729,0,0
16356,0.34075,0,0
16357,0.340771,0,0
16358,0.340792,0,0
16359,0.340813,0,0
16360,0.340833,0,0
16361,0.340854,0,0
16362,0.340875,0,0
16363,0.340896,0,0
16364,0.340917,0,0
16365,0.340937,0,0
16366,0.340958,0,0
16367,0.340979,0,0
16368,0.341,0,0
16369,0.341021,0,0
16370,0.341042,0,0
16371,0.341062,0,0
16372,0.341083,0,0
16373,0.341104,0,0
16374,0.341125,0,0
16375,0.341146,0,0
16376,0.341167,0,0
16377,0.341188,0,0
16378,0.341208,0,0
16379,0.341229,0,0
16380,0.34125,0,0
16381,0.341271,0,0
16382,0.341292,0,0
16383,0.341312,0,0
16384,0.341333,0,0
16385,0.341354,0,0
16386,0.341375,0,0
16387,0.341396,0,0
16388,0.341417,0,0
16389,0.341437,0,0
16390,0.341458,0,0
16391,0.341479,0,0
16392,0.3415,0,0
16393,0.341521,0,0
16394,0.341542,0,0
16395,0.341563,0,0
16396,0.341583,0,0
16397,0.341604,0,0
16398,0.341625,0,0
16399,0.341646,0,0
16400,0.341667,0,0
16401,0.341688,0,0
16402,0.341708,0,0
16403,0.341729,0,0
16404,0.34175,0,0
16405,0.341771,0,0
16406,0.341792,0,0
16407,0.341812,0,0
16408,0.341833,0,0
16409,0.341854,0,0
16410,0.341875,0,0
16411,0.341896,0,0
16412,0.341917,0,0
16413,0.341938,0,0
16414,0.341958,0,0
16415,0.341979,0,0
16416,0.342,0,0
16417,0.342021,0,0
16418,0.342042,0,0
16419,0.342063,0,0
16420,0.342083,0,0
16421,0.342104,0,0
16422,0.342125,0,0
16423,0.342146,0,0
16424,0.342167,0,0
16425,0.342187,0,0
16426,0.342208,0,0
16427,0.342229,0,0
16428,0.34225,0,0
16429,0.342271,0,0
16430,0.342292,0,0
16431,0.342313,0,0
16432,0.342333,0,0
16433,0.342354,0,0
16434,0.342375,0,0
16435,0.342396,0,0
16436,0.342417,0,0
16437,0.342438,0,0
16438,0.342458,0,0
16439,0.342479,0,0
16440,0.3425,0,0
16441,0.342521,0,0
16442,0.342542,0,0
16443,0.342562,0,0
16444,0.342583,0,0
16445,0.342604,0,0
16446,0.342625,0,0
16447,0.342646,0,0
16448,0.342667,0,0
16449,0.342687,0,0
16450,0.342708,0,0
16451,0.342729,0,0
16452,0.34275,0,0
16453,0.342771,0,0
16454,0.342792,0,0
16455,0.342813,0,0
16456,0.342833,0,0
16457,0.342854,0,0
16458,0.342875,0,0
16459,0.342896,0,0
16460,0.342917,0,0
16461,0.342937,0,0
16462,0.342958,0,0
16463,0.342979,0,0
16464,0.343,0,0
16465,0.343021,0,0
16466,0.343042,0,0
16467,0.343062,0,0
16468,0.343083,0,0
16469,0.343104,0,0
16470,0.343125,0,0
16471,0.343146,0,0
16472,0.343167,0,0
16473,0.343188,0,0
16474,0.343208,0,0
16475,0.343229,0,0
16476,0.34325,0,0
16477,0.343271,0,0
16478,0.343292,0,0
16479,0.343313,0,0
16480,0.343333,0,0
16481,0.343354,0,0
16482,0.343375,0,0
16483,0.343396,0,0
16484,0.343417,0,0
16485,0.343437,0,0
16486,0.343458,0,0
16487,0.343479,0,0
16488,0.3435,0,0
16489,0.343521,0,0
16490,0.343542,0,0
16491,0.343563,0,0
16492,0.343583,0,0
16493,0.343604,0,0
16494,0.343625,0,0
16495,0.343646,0,0
16496,0.343667,0,0
16497,0.343688,0,0
16498,0.343708,0,0
16499,0.343729,0,0
16500,0.34375,0,0
16501,0.343771,0,0
16502,0.343792,0,0
16503,0.343812,0,0
16504,0.343833,0,0
16505,0.343854,0,0
16506,0.343875,0,0
16507,0.343896,0,0
16508,0.343917,0,0
16509,0.343937,0,0
16510,0.343958,0,0
16511,0.343979,0,0
16512,0.344,0,0
16513,0.344021,0,0
16514,0.344042,0,0
16515,0.344063,0,0
16516,0.344083,0,0
16517,0.344104,0,0
16518,0.344125,0,0
16519,0.344146,0,0
16520,0.344167,0,0
16521,0.344187,0,0
16522,0.344208,0,0
16523,0.344229,0,0
16524,0.34425,0,0
16525,0.344271,0,0
16526,0.344292,0,0
16527,0.344312,0,0
16528,0.344333,0,0
16529,0.344354,0,0
16530,0.344375,0,0
16531,0.344396,0,0
16532,0.344417,0,0
16533,0.344438,0,0
16534,0.344458,0,0
16535,0.344479,0,0
16536,0.3445,0,0
16537,0.344521,0,0
16538,0.344542,0,0
16539,0.344563,0,0
16540,0.344583,0,0
16541,0.344604,0,0
16542,0.344625,0,0
16543,0.344646,0,0
16544,0.344667,0,0
16545,0.344687,0,0
16546,0.344708,0,0
16547,0.344729,0,0
16548,0.34475,0,0
16549,0.344771,0,0
16550,0.344792,0,0
16551,0.344813,0,0
16552,0.344833,0,0
16553,0.344854,0,0
16554,0.344875,0,0
16555,0.344896,0,0
16556,0.344917,0,0
16557,0.344938,0,0
16558,0.344958,0,0
16559,0.344979,0,0
16560,0.345,0,0
16561,0.345021,0,0
16562,0.345042,0,0
16563,0.345062,0,0
16564,0.345083,0,0
16565,0.345104,0,0
16566,0.345125,0,0
16567,0.345146,0,0
16568,0.345167,0,0
16569,0.345187,0,0
16570,0.345208,0,0
16571,0.345229,0,0
16572,0.34525,0,0
16573,0.345271,0,0
16574,0.345292,0,0
16575,0.345313,0,0
16576,0.345333,0,0
16577,0.345354,0,0
16578,0.345375,0,0
16579,0.345396,0,0
16580,0.345417,0,0
16581,0.345437,0,0
16582,0.345458,0,0
16583,0.345479,0,0
16584,0.3455,0,0
16585,0.345521,0,0
16586,0.345542,0,0
16587,0.345562,0,0
16588,0.345583,0,0
16589,0.345604,0,0
16590,0.345625,0,0
16591,0.345646,0,0
16592,0.345667,0,0
16593,0.345688,0,0
16594,0.345708,0,0
16595,0.345729,0,0
16596,0.34575,0,0
16597,0.345771,0,0
16598,0.345792,0,0
16599,0.345812,0,0
16600,0.345833,0,0
16601,0.345854,0,0
16602,0.345875,0,0
16603,0.345896,0,0
16604,0.345917,0,0
16605,0.345937,0,0
16606,0.345958,0,0
16607,0.345979,0,0
16608,0.346,0,0
16609,0.346021,0,0
16610,0.346042,0,0
16611,0.346063,0,0
16612,0.346083,0,0
16613,0.346104,0,0
16614,0.346125,0,0
16615,0.346146,0,0
16616,0.346167,0,0
16617,0.346188,0,0
16618,0.346208,0,0
16619,0.346229,0,0
16620,0.34625,0,0
16621,0.346271,0,0
16622,0.346292,0,0
16623,0.346312,0,0
16624,0.346333,0,0
16625,0.346354,0,0
16626,0.346375,0,0
16627,0.346396,0,0
16628,0.346417,0,0
16629,0.346438,0,0
16630,0.346458,0,0
16631,0.346479,0,0
16632,0.3465,0,0
16633,0.346521,0,0
16634,0.346542,0,0
16635,0.346563,0,0
16636,0.346583,0,0
16637,0.346604,0,0
16638,0.346625,0,0
16639,0.346646,0,0
16640,0.346667,0,0
16641,0.346687,0,0
16642,0.346708,0,0
16643,0.346729,0,0
16644,0.34675,0,0
16645,0.346771,0,0
16646,0.346792,0,0
16647,0.346812,0,0
16648,0.346833,0,0
16649,0.346854,0,0
16650,0.346875,0,0
16651,0.346896,0,0
16652,0.346917,0,0
16653,0.346938,0,0
16654,0.346958,0,0
16655,0.346979,0,0
16656,0.347,0,0
16657,0.347021,0,0
16658,0.347042,0,0
16659,0.347062,0,0
16660,0.347083,0,0
16661,0.347104,0,0
16662,0.347125,0,0
16663,0.347146,0,0
16664,0.347167,0,0
16665,0.347187,0,0
16666,0.347208,0,0
16667,0.347229,0,0
16668,0.34725,0,0
16669,0.347271,0,0
16670,0.347292,0,0
16671,0.347313,0,0
16672,0.347333,0,0
16673,0.347354,0,0
16674,0.347375,0,0
16675,0.347396,0,0
16676,0.347417,0,0
16677,0.347438,0,0
16678,0.347458,0,0
16679,0.347479,0,0
16680,0.3475,0,0
16681,0.347521,0,0
16682,0.347542,0,0
16683,0.347562,0,0
16684,0.347583,0,0
16685,0.347604,0,0
16686,0.347625,0,0
16687,0.347646,0,0
16688,0.347667,0,0
16689,0.347688,0,0
16690,0.347708,0,0
16691,0.347729,0,0
16692,0.34775,0,0
16693,0.347771,0,0
16694,0.347792,0,0
16695,0.347813,0,0
16696,0.347833,0,0
16697,0.347854,0,0
16698,0.347875,0,0
16699,0.347896,0,0
16700,0.347917,0,0
16701,0.347937,0,0
16702,0.347958,0,0
16703,0.347979,0,0
16704,0.348,0,0
16705,0.348021,0,0
16706,0.348042,0,0
16707,0.348062,0,0
16708,0.348083,0,0
16709,0.348104,0,0
16710,0.348125,0,0
16711,0.348146,0,0
16712,0.348167,0,0
16713,0.348188,0,0
16714,0.348208,0,0
16715,0.348229,0,0
16716,0.34825,0,0
16717,0.348271,0,0
16718,0.348292,0,0
16719,0.348312,0,0
16720,0.348333,0,0
16721,0.348354,0,0
16722,0.348375,0,0
16723,0.348396,0,0
16724,0.348417,0,0
16725,0.348437,0,0
16726,0.348458,0,0
16727,0.348479,0,0
16728,0.3485,0,0
16729,0.348521,0,0
16730,0.348542,0,0
16731,0.348563,0,0
16732,0.348583,0,0
16733,0.348604,0,0
16734,0.348625,0,0
16735,0.348646,0,0
16736,0.348667,0,0
16737,0.348687,0,0
16738,0.348708,0,0
16739,0.348729,0,0
16740,0.34875,0,0
16741,0.348771,0,0
16742,0.348792,0,0
16743,0.348812,0,0
16744,0.348833,0,0
16745,0.348854,0,0
16746,0.348875,0,0
16747,0.348896,0,0
16748,0.348917,0,0
16749,0.348938,0,0
16750,0.348958,0,0
16751,0.348979,0,0
16752,0.349,0,0
16753,0.349021,0,0
16754,0.349042,0,0
16755,0.349063,0,0
16756,0.349083,0,0
16757,0.349104,0,0
16758,0.349125,0,0
16759,0.349146,0,0
16760,0.349167,0,0
16761,0.349187,0,0
16762,0.349208,0,0
16763,0.349229,0,0
16764,0.34925,0,0
16765,0.349271,0,0
16766,0.349292,0,0
16767,0.349313,0,0
16768,0.349333,0,0
16769,0.349354,0,0
16770,0.349375,0,0
16771,0.349396,0,0
16772,0.349417,0,0
16773,0.349438,0,0
16774,0.349458,0,0
16775,0.349479,0,0
16776,0.3495,0,0
16777,0.349521,0,0
16778,0.349542,0,0
16779,0.349562,0,0
16780,0.349583,0,0
16781,0.349604,0,0
16782,0.349625,0,0
16783,0.349646,0,0
16784,0.349667,0,0
16785,0.349687,0,0
16786,0.349708,0,0
16787,0.349729,0,0
16788,0.34975,0,0
16789,0.349771,0,0
16790,0.349792,0,0
16791,0.349813,0,0
16792,0.349833,0,0
16793,0.349854,0,0
16794,0.349875,0,0
16795,0.349896,0,0
16796,0.349917,0,0
16797,0.349937,0,0
16798,0.349958,0,0
16799,0.349979,0,0
16800,0.35,0,0
16801,0.350021,0,0
16802,0.350042,0,0
16803,0.350062,0,0
16804,0.350083,0,0
16805,0.350104,0,0
16806,0.350125,0,0
16807,0.350146,0,0
16808,0.350167,0,0
16809,0.350188,0,0
16810,0.350208,0,0
16811,0.350229,0,0
16812,0.35025,0,0
16813,0.350271,0,0
16814,0.350292,0,0
16815,0.350313,0,0
16816,0.350333,0,0
16817,0.350354,0,0
16818,0.350375,0,0
16819,0.350396,0,0
16820,0.350417,0,0
16821,0.350437,0,0
16822,0.350458,0,0
16823,0.350479,0,0
16824,0.3505,0,0
16825,0.350521,0,0
16826,0.350542,0,0
16827,0.350563,0,0
16828,0.350583,0,0
16829,0.350604,0,0
16830,0.350625,0,0
16831,0.350646,0,0
16832,0.350667,0,0
16833,0.350688,0,0
16834,0.350708,0,0
16835,0.350729,0,0
16836,0.35075,0,0
16837,0.350771,0,0
16838,0.350792,0,0
16839,0.350812,0,0
16840,0.350833,0,0
16841,0.350854,0,0
16842,0.350875,0,0
16843,0.350896,0,0
16844,0.350917,0,0
16845,0.350937,0,0
16846,0.350958,0,0
16847,0.350979,0,0
16848,0.351,0,0
16849,0.351021,0,0
16850,0.351042,0,0
16851,0.351063,0,0
16852,0.351083,0,0
16853,0.351104,0,0
16854,0.351125,0,0
16855,0.351146,0,0
16856,0.351167,0,0
16857,0.351187,0,0
16858,0.351208,0,0
16859,0.351229,0,0
16860,0.35125,0,0
16861,0.351271,0,0
16862,0.351292,0,0
16863,0.351312,0,0
16864,0.351333,0,0
16865,0.351354,0,0
16866,0.351375,0,0
16867,0.351396,0,0
16868,0.351417,0,0
16869,0.351438,0,0
16870,0.351458,0,0
16871,0.351479,0,0
16872,0.3515,0,0
16873,0.351521,0,0
16874,0.351542,0,0
16875,0.351562,0,0
16876,0.351583,0,0
16877,0.351604,0,0
16878,0.351625,0,0
16879,0.351646,0,0
16880,0.351667,0,0
16881,0.351687,0,0
16882,0.351708,0,0
16883,0.351729,0,0
16884,0.35175,0,0
16885,0.351771,0,0
16886,0.351792,0,0
16887,0.351813,0,0
16888,0.351833,0,0
16889,0.351854,0,0
16890,0.351875,0,0
16891,0.351896,0,0
16892,0.351917,0,0
16893,0.351938,0,0
16894,0.351958,0,0
16895,0.351979,0,0
16896,0.352,0,0
16897,0.352021,0,0
16898,0.352042,0,0
16899,0.352062,0,0
16900,0.352083,0,0
16901,0.352104,0,0
16902,0.352125,0,0
16903,0.352146,0,0
16904,0.352167,0,0
16905,0.352188,0,0
16906,0.352208,0,0
16907,0.352229,0,0
16908,0.35225,0,0
16909,0.352271,0,0
16910,0.352292,0,0
16911,0.352313,0,0
16912,0.352333,0,0
16913,0.352354,0,0
16914,0.352375,0,0
16915,0.352396,0,0
16916,0.352417,0,0
16917,0.352437,0,0
16918,0.352458,0,0
16919,0.352479,0,0
16920,0.3525,0,0
16921,0.352521,0,0
16922,0.352542,0,0
16923,0.352562,0,0
16924,0.352583,0,0
16925,0.352604,0,0
16926,0.352625,0,0
16927,0.352646,0,0
16928,0.352667,0,0
16929,0.352688,0,0
16930,0.352708,0,0
16931,0.352729,0,0
16932,0.35275,0,0
16933,0.352771,0,0
16934,0.352792,0,0
16935,0.352812,0,0
16936,0.352833,0,0
16937,0.352854,0,0
16938,0.352875,0,0
16939,0.352896,0,0
16940,0.352917,0,0
16941,0.352937,0,0
16942,0.352958,0,0
16943,0.352979,0,0
16944,0.353,0,0
16945,0.353021,0,0
16946,0.353042,0,0
16947,0.353063,0,0
16948,0.353083,0,0
16949,0.353104,0,0
16950,0.353125,0,0
16951,0.353146,0,0
16952,0.353167,0,0
16953,0.353188,0,0
16954,0.353208,0,0
16955,0.353229,0,0
16956,0.35325,0,0
16957,0.353271,0,0
16958,0.353292,0,0
16959,0.353312,0,0
16960,0.353333,0,0
16961,0.353354,0,0
16962,0.353375,0,0
16963,0.353396,0,0
16964,0.353417,0,0
16965,0.353438,0,0
16966,0.353458,0,0
16967,0.353479,0,0
16968,0.3535,0,0
16969,0.353521,0,0
16970,0.353542,0,0
16971,0.353563,0,0
16972,0.353583,0,0
16973,0.353604,0,0
16974,0.353625,0,0
16975,0.353646,0,0
16976,0.353667,0,0
16977,0.353687,0,0
16978,0.353708,0,0
16979,0.353729,0,0
16980,0.35375,0,0
16981,0.353771,0,0
16982,0.353792,0,0
16983,0.353812,0,0
16984,0.353833,0,0
16985,0.353854,0,0
16986,0.353875,0,0
16987,0.353896,0,0
16988,0.353917,0,0
16989,0.353938,0,0
16990,0.353958,0,0
16991,0.353979,0,0
16992,0.354,0,0
16993,0.354021,0,0
16994,0.354042,0,0
16995,0.354062,0,0
16996,0.354083,0,0
16997,0.354104,0,0
16998,0.354125,0,0
16999,0.354146,0,0
17000,0.354167,0,0
17001,0.354187,0,0
17002,0.354208,0,0
17003,0.354229,0,0
17004,0.35425,0,0
17005,0.354271,0,0
17006,0.354292,0,0
17007,0.354313,0,0
17008,0.354333,0,0
17009,0.354354,0,0
17010,0.354375,0,0
17011,0.354396,0,0
17012,0.354417,0,0
17013,0.354438,0,0
17014,0.354458,0,0
17015,0.354479,0,0
17016,0.3545,0,0
17017,0.354521,0,0
17018,0.354542,0,0
17019,0.354562,0,0
17020,0.354583,0,0
17021,0.354604,0,0
17022,0.354625,0,0
17023,0.354646,0,0
17024,0.354667,0,0
17025,0.354688,0,0
17026,0.354708,0,0
17027,0.354729,0,0
17028,0.35475,0,0
17029,0.354771,0,0
17030,0.354792,0,0
17031,0.354813,0,0
17032,0.354833,0,0
17033,0.354854,0,0
17034,0.354875,0,0
17035,0.354896,0,0
17036,0.354917,0,0
17037,0.354937,0,0
17038,0.354958,0,0
17039,0.354979,0,0
17040,0.355,0,0
17041,0.355021,0,0
17042,0.355042,0,0
17043,0.355063,0,0
17044,0.355083,0,0
17045,0.355104,0,0
17046,0.355125,0,0
17047,0.355146,0,0
17048,0.355167,0,0
17049,0.355188,0,0
17050,0.355208,0,0
17051,0.355229,0,0
17052,0.35525,0,0
17053,0.355271,0,0
17054,0.355292,0,0
17055,0.355312,0,0
17056,0.355333,0,0
17057,0.355354,0,0
17058,0.355375,0,0
17059,0.355396,0,0
17060,0.355417,0,0
17061,0.355437,0,0
17062,0.355458,0,0
17063,0.355479,0,0
17064,0.3555,0,0
17065,0.355521,0,0
17066,0.355542,0,0
17067,0.355563,0,0
17068,0.355583,0,0
17069,0.355604,0,0
17070,0.355625,0,0
17071,0.355646,0,0
17072,0.355667,0,0
17073,0.355687,0,0
17074,0.355708,0,0
17075,0.355729,0,0
17076,0.35575,0,0
17077,0.355771,0,0
17078,0.355792,0,0
17079,0.355812,0,0
17080,0.355833,0,0
17081,0.355854,0,0
17082,0.355875,0,0
17083,0.355896,0,0
17084,0.355917,0,0
17085,0.355938,0,0
17086,0.355958,0,0
17087,0.355979,0,0
17088,0.356,0,0
17089,0.356021,0,0
17090,0.356042,0,0
17091,0.356063,0,0
17092,0.356083,0,0
17093,0.356104,0,0
17094,0.356125,0,0
17095,0.356146,0,0
17096,0.356167,0,0
17097,0.356187,0,0
17098,0.356208,0,0
17099,0.356229,0,0
17100,0.35625,0,0
17101,0.356271,0,0
17102,0.356292,0,0
17103,0.356313,0,0
17104,0.356333,0,0
17105,0.356354,0,0
17106,0.356375,0,0
17107,0.356396,0,0
17108,0.356417,0,0
17109,0.356438,0,0
17110,0.356458,0,0
17111,0.356479,0,0
17112,0.3565,0,0
17113,0.356521,0,0
17114,0.356542,0,0
17115,0.356562,0,0
17116,0.356583,0,0
17117,0.356604,0,0
17118,0.356625,0,0
17119,0.356646,0,0
17120,0.356667,0,0
17121,0.356687,0,0
17122,0.356708,0,0
17123,0.356729,0,0
17124,0.35675,0,0
17125,0.356771,0,0
17126,0.356792,0,0
17127,0.356813,0,0
17128,0.356833,0,0
17129,0.356854,0,0
17130,0.356875,0,0
17131,0.356896,0,0
17132,0.356917,0,0
17133,0.356937,0,0
17134,0.356958,0,0
17135,0.356979,0,0
17136,0.357,0,0
17137,0.357021,0,0
17138,0.357042,0,0
17139,0.357062,0,0
17140,0.357083,0,0
17141,0.357104,0,0
17142,0.357125,0,0
17143,0.357146,0,0
17144,0.357167,0,0
17145,0.357188,0,0
17146,0.357208,0,0
17147,0.357229,0,0
17148,0.35725,0,0
17149,0.357271,0,0
17150,0.357292,0,0
17151,0.357313,0,0
17152,0.357333,0,0
17153,0.357354,0,0
17154,0.357375,0,0
17155,0.357396,0,0
17156,0.357417,0,0
17157,0.357437,0,0
17158,0.357458,0,0
17159,0.357479,0,0
17160,0.3575,0,0
17161,0.357521,0,0
17162,0.357542,0,0
17163,0.357563,0,0
17164,0.357583,0,0
17165,0.357604,0,0
17166,0.357625,0,0
17167,0.357646,0,0
17168,0.357667,0,0
17169,0.357688,0,0
17170,0.357708,0,0
17171,0.357729,0,0
17172,0.35775,0,0
17173,0.357771,0,0
17174,0.357792,0,0
17175,0.357812,0,0
17176,0.357833,0,0
17177,0.357854,0,0
17178,0.357875,0,0
17179,0.357896,0,0
17180,0.357917,0,0
17181,0.357938,0,0
17182,0.357958,0,0
17183,0.357979,0,0
17184,0.358,0,0
17185,0.358021,0,0
17186,0.358042,0,0
17187,0.358063,0,0
17188,0.358083,0,0
17189,0.358104,0,0
17190,0.358125,0,0
17191,0.358146,0,0
17192,0.358167,0,0
17193,0.358187,0,0
17194,0.358208,0,0
17195,0.358229,0,0
17196,0.35825,0,0
17197,0.358271,0,0
17198,0.358292,0,0
17199,0.358312,0,0
17200,0.358333,0,0
17201,0.358354,0,0
17202,0.358375,0,0
17203,0.358396,0,0
17204,0.358417,0,0
17205,0.358438,0,0
17206,0.358458,0,0
17207,0.358479,0,0
17208,0.3585,0,0
17209,0.358521,0,0
17210,0.358542,0,0
17211,0.358562,0,0
17212,0.358583,0,0
17213,0.358604,0,0
17214,0.358625,0,0
17215,0.358646,0,0
17216,0.358667,0,0
17217,0.358687,0,0
17218,0.358708,0,0
17219,0.358729,0,0
17220,0.35875,0,0
17221,0.358771,0,0
17222,0.358792,0,0
17223,0.358813,0,0
17224,0.358833,0,0
17225,0.358854,0,0
17226,0.358875,0,0
17227,0.358896,0,0
17228,0.358917,0,0
17229,0.358938,0,0
17230,0.358958,0,0
17231,0.358979,0,0
17232,0.359,0,0
17233,0.359021,0,0
17234,0.359042,0,0
17235,0.359062,0,0
17236,0.359083,0,0
17237,0.359104,0,0
17238,0.359125,0,0
17239,0.359146,0,0
17240,0.359167,0,0
17241,0.359188,0,0
17242,0.359208,0,0
17243,0.359229,0,0
17244,0.35925,0,0
17245,0.359271,0,0
17246,0.359292,0,0
17247,0.359313,0,0
17248,0.359333,0,0
17249,0.359354,0,0
17250,0.359375,0,0
17251,0.359396,0,0
17252,0.359417,0,0
17253,0.359437,0,0
17254,0.359458,0,0
17255,0.359479,0,0
17256,0.3595,0,0
17257,0.359521,0,0
17258,0.359542,0,0
17259,0.359562,0,0
17260,0.359583,0,0
17261,0.359604,0,0
17262,0.359625,0,0
17263,0.359646,0,0
17264,0.359667,0,0
17265,0.359688,0,0
17266,0.359708,0,0
17267,0.359729,0,0
17268,0.35975,0,0
17269,0.359771,0,0
17270,0.359792,0,0
17271,0.359812,0,0
17272,0.359833,0,0
17273,0.359854,0,0
17274,0.359875,0,0
17275,0.359896,0,0
17276,0.359917,0,0
17277,0.359937,0,0
17278,0.359958,0,0
17279,0.359979,0,0
17280,0.36,0,0
17281,0.360021,0,0
17282,0.360042,0,0
17283,0.360063,0,0
17284,0.360083,0,0
17285,0.360104,0,0
17286,0.360125,0,0
17287,0.360146,0,0
17288,0.360167,0,0
17289,0.360188,0,0
17290,0.360208,0,0
17291,0.360229,0,0
17292,0.36025,0,0
17293,0.360271,0,0
17294,0.360292,0,0
17295,0.360312,0,0
17296,0.360333,0,0
17297,0.360354,0,0
17298,0.360375,0,0
17299,0.360396,0,0
17300,0.360417,0,0
17301,0.360438,0,0
17302,0.360458,0,0
17303,0.360479,0,0
17304,0.3605,0,0
17305,0.360521,0,0
17306,0.360542,0,0
17307,0.360563,0,0
17308,0.360583,0,0
17309,0.360604,0,0
17310,0.360625,0,0
17311,0.360646,0,0
17312,0.360667,0,0
17313,0.360687,0,0
17314,0.360708,0,0
17315,0.360729,0,0
17316,0.36075,0,0
17317,0.360771,0,0
17318,0.360792,0,0
17319,0.360812,0,0
17320,0.360833,0,0
17321,0.360854,0,0
17322,0.360875,0,0
17323,0.360896,0,0
17324,0.360917,0,0
17325,0.360938,0,0
17326,0.360958,0,0
17327,0.360979,0,0
17328,0.361,0,0
17329,0.361021,0,0
17330,0.361042,0,0
17331,0.361062,0,0
17332,0.361083,0,0
17333,0.361104,0,0
17334,0.361125,0,0
17335,0.361146,0,0
17336,0.361167,0,0
17337,0.361187,0,0
17338,0.361208,0,0
17339,0.361229,0,0
17340,0.36125,0,0
17341,0.361271,0,0
17342,0.361292,0,0
17343,0.361313,0,0
17344,0.361333,0,0
17345,0.361354,0,0
17346,0.361375,0,0
17347,0.361396,0,0
17348,0.361417,0,0
17349,0.361437,0,0
17350,0.361458,0,0
17351,0.361479,0,0
17352,0.3615,0,0
17353,0.361521,0,0
17354,0.361542,0,0
17355,0.361562,0,0
17356,0.361583,0,0
17357,0.361604,0,0
17358,0.361625,0,0
17359,0.361646,0,0
17360,0.361667,0,0
17361,0.361688,0,0
17362,0.361708,0,0
17363,0.361729,0,0
17364,0.36175,0,0
17365,0.361771,0,0
17366,0.361792,0,0
17367,0.361813,0,0
17368,0.361833,0,0
17369,0.361854,0,0
17370,0.361875,0,0
17371,0.361896,0,0
17372,0.361917,0,0
17373,0.361937,0,0
17374,0.361958,0,0
17375,0.361979,0,0
17376,0.362,0,0
17377,0.362021,0,0
17378,0.362042,0,0
17379,0.362063,0,0
17380,0.362083,0,0
17381,0.362104,0,0
17382,0.362125,0,0
17383,0.362146,0,0
17384,0.362167,0,0
17385,0.362188,0,0
17386,0.362208,0,0
17387,0.362229,0,0
17388,0.36225,0,0
17389,0.362271,0,0
17390,0.362292,0,0
17391,0.362312,0,0
17392,0.362333,0,0
17393,0.362354,0,0
17394,0.362375,0,0
17395,0.362396,0,0
17396,0.362417,0,0
17397,0.362437,0,0
17398,0.362458,0,0
17399,0.362479,0,0
17400,0.3625,0,0
17401,0.362521,0,0
17402,0.362542,0,0
17403,0.362563,0,0
17404,0.362583,0,0
17405,0.362604,0,0
17406,0.362625,0,0
17407,0.362646,0,0
17408,0.362667,0,0
17409,0.362687,0,0
17410,0.362708,0,0
17411,0.362729,0,0
17412,0.36275,0,0
17413,0.362771,0,0
17414,0.362792,0,0
17415,0.362812,0,0
17416,0.362833,0,0
17417,0.362854,0,0
17418,0.362875,0,0
17419,0.362896,0,0
17420,0.362917,0,0
17421,0.362938,0,0
17422,0.362958,0,0
17423,0.362979,0,0
17424,0.363,0,0
17425,0.363021,0,0
17426,0.363042,0,0
17427,0.363063,0,0
17428,0.363083,0,0
17429,0.363104,0,0
17430,0.363125,0,0
17431,0.363146,0,0
17432,0.363167,0,0
17433,0.363187,0,0
17434,0.363208,0,0
17435,0.363229,0,0
17436,0.36325,0,0
17437,0.363271,0,0
17438,0.363292,0,0
17439,0.363313,0,0
17440,0.363333,0,0
17441,0.363354,0,0
17442,0.363375,0,0
17443,0.363396,0,0
17444,0.363417,0,0
17445,0.363438,0,0
17446,0.363458,0,0
17447,0.363479,0,0
17448,0.3635,0,0
17449,0.363521,0,0
17450,0.363542,0,0
17451,0.363562,0,0
17452,0.363583,0,0
17453,0.363604,0,0
17454,0.363625,0,0
17455,0.363646,0,0
17456,0.363667,0,0
17457,0.363687,0,0
17458,0.363708,0,0
17459,0.363729,0,0
17460,0.36375,0,0
17461,0.363771,0,0
17462,0.363792,0,0
17463,0.363813,0,0
17464,0.363833,0,0
17465,0.363854,0,0
17466,0.363875,0,0
17467,0.363896,0,0
17468,0.363917,0,0
17469,0.363937,0,0
17470,0.363958,0,0
17471,0.363979,0,0
17472,0.364,0,0
17473,0.364021,0,0
17474,0.364042,0,0
17475,0.364062,0,0
17476,0.364083,0,0
17477,0.364104,0,0
17478,0.364125,0,0
17479,0.364146,0,0
17480,0.364167,0,0
17481,0.364188,0,0
17482,0.364208,0,0
17483,0.364229,0,0
17484,0.36425,0,0
17485,0.364271,0,0
17486,0.364292,0,0
17487,0.364312,0,0
17488,0.364333,0,0
17489,0.364354,0,0
17490,0.364375,0,0
17491,0.364396,0,0
17492,0.364417,0,0
17493,0.364437,0,0
17494,0.364458,0,0
17495,0.364479,0,0
17496,0.3645,0,0
17497,0.364521,0,0
17498,0.364542,0,0
17499,0.364563,0,0
17500,0.364583,0,0
17501,0.364604,0,0
17502,0.364625,0,0
17503,0.364646,0,0
17504,0.364667,0,0
17505,0.364688,0,0
17506,0.364708,0,0
17507,0.364729,0,0
17508,0.36475,0,0
17509,0.364771,0,0
17510,0.364792,0,0
17511,0.364812,0,0
17512,0.364833,0,0
17513,0.364854,0,0
17514,0.364875,0,0
17515,0.364896,0,0
17516,0.364917,0,0
17517,0.364938,0,0
17518,0.364958,0,0
17519,0.364979,0,0
17520,0.365,0,0
17521,0.365021,0,0
17522,0.365042,0,0
17523,0.365063,0,0
17524,0.365083,0,0
17525,0.365104,0,0
17526,0.365125,0,0
17527,0.365146,0,0
17528,0.365167,0,0
17529,0.365187,0,0
17530,0.365208,0,0
17531,0.365229,0,0
17532,0.36525,0,0
17533,0.365271,0,0
17534,0.365292,0,0
17535,0.365312,0,0
17536,0.365333,0,0
17537,0.365354,0,0
17538,0.365375,0,0
17539,0.365396,0,0
17540,0.365417,0,0
17541,0.365438,0,0
17542,0.365458,0,0
17543,0.365479,0,0
17544,0.3655,0,0
17545,0.365521,0,0
17546,0.365542,0,0
17547,0.365562,0,0
17548,0.365583,0,0
17549,0.365604,0,0
17550,0.365625,0,0
17551,0.365646,0,0
17552,0.365667,0,0
17553,0.365687,0,0
17554,0.365708,0,0
17555,0.365729,0,0
17556,0.36575,0,0
17557,0.365771,0,0
17558,0.365792,0,0
17559,0.365813,0,0
17560,0.365833,0,0
17561,0.365854,0,0
17562,0.365875,0,0
17563,0.365896,0,0
17564,0.365917,0,0
17565,0.365938,0,0
17566,0.365958,0,0
17567,0.365979,0,0
17568,0.366,0,0
17569,0.366021,0,0
17570,0.366042,0,0
17571,0.366062,0,0
17572,0.366083,0,0
17573,0.366104,0,0
17574,0.366125,0,0
17575,0.366146,0,0
17576,0.366167,0,0
17577,0.366188,0,0
17578,0.366208,0,0
17579,0.366229,0,0
17580,0.36625,0,0
17581,0.366271,0,0
17582,0.366292,0,0
17583,0.366313,0,0
17584,0.366333,0,0
17585,0.366354,0,0
17586,0.366375,0,0
17587,0.366396,0,0
17588,0.366417,0,0
17589,0.366437,0,0
17590,0.366458,0,0
17591,0.366479,0,0
17592,0.3665,0,0
17593,0.366521,0,0
17594,0.366542,0,0
17595,0.366562,0,0
17596,0.366583,0,0
17597,0.366604,0,0
17598,0.366625,0,0
17599,0.366646,0,0
17600,0.366667,0,0
17601,0.366688,0,0
17602,0.366708,0,0
17603,0.366729,0,0
17604,0.36675,0,0
17605,0.366771,0,0
17606,0.366792,0,0
17607,0.366812,0,0
17608,0.366833,0,0
17609,0.366854,0,0
17610,0.366875,0,0
17611,0.366896,0,0
17612,0.366917,0,0
17613,0.366937,0,0
17614,0.366958,0,0
17615,0.366979,0,0
17616,0.367,0,0
17617,0.367021,0,0
17618,0.367042,0,0
17619,0.367063,0,0
17620,0.367083,0,0
17621,0.367104,0,0
17622,0.367125,0,0
17623,0.367146,0,0
17624,0.367167,0,0
17625,0.367188,0,0
17626,0.367208,0,0
17627,0.367229,0,0
17628,0.36725,0,0
17629,0.367271,0,0
17630,0.367292,0,0
17631,0.367312,0,0
17632,0.367333,0,0
17633,0.367354,0,0
17634,0.367375,0,0
17635,0.367396,0,0
17636,0.367417,0,0
17637,0.367438,0,0
17638,0.367458,0,0
17639,0.367479,0,0
17640,0.3675,0,0
17641,0.367521,0,0
17642,0.367542,0,0
17643,0.367563,0,0
17644,0.367583,0,0
17645,0.367604,0,0
17646,0.367625,0,0
17647,0.367646,0,0
17648,0.367667,0,0
17649,0.367687,0,0
17650,0.367708,0,0
17651,0.367729,0,0
17652,0.36775,0,0
17653,0.367771,0,0
17654,0.367792,0,0
17655,0.367813,0,0
17656,0.367833,0,0
17657,0.367854,0,0
17658,0.367875,0,0
17659,0.367896,0,0
17660,0.367917,0,0
17661,0.367938,0,0
17662,0.367958,0,0
17663,0.367979,0,0
17664,0.368,0,0
17665,0.368021,0,0
17666,0.368042,0,0
17667,0.368062,0,0
17668,0.368083,0,0
17669,0.368104,0,0
17670,0.368125,0,0
17671,0.368146,0,0
17672,0.368167,0,0
17673,0.368187,0,0
17674,0.368208,0,0
17675,0.368229,0,0
17676,0.36825,0,0
17677,0.368271,0,0
17678,0.368292,0,0
17679,0.368313,0,0
17680,0.368333,0,0
17681,0.368354,0,0
17682,0.368375,0,0
17683,0.368396,0,0
17684,0.368417,0,0
17685,0.368437,0,0
17686,0.368458,0,0
17687,0.368479,0,0
17688,0.3685,0,0
17689,0.368521,0,0
17690,0.368542,0,0
17691,0.368562,0,0
17692,0.368583,0,0
17693,0.368604,0,0
17694,0.368625,0,0
17695,0.368646,0,0
17696,0.368667,0,0
17697,0.368688,0,0
17698,0.368708,0,0
17699,0.368729,0,0
17700,0.36875,0,0
17701,0.368771,0,0
17702,0.368792,0,0
17703,0.368813,0,0
17704,0.368833,0,0
17705,0.368854,0,0
17706,0.368875,0,0
17707,0.368896,0,0
17708,0.368917,0,0
17709,0.368937,0,0
17710,0.368958,0,0
17711,0.368979,0,0
17712,0.369,0,0
17713,0.369021,0,0
17714,0.369042,0,0
17715,0.369063,0,0
17716,0.369083,0,0
17717,0.369104,0,0
17718,0.369125,0,0
17719,0.369146,0,0
17720,0.369167,0,0
17721,0.369188,0,0
17722,0.369208,0,0
17723,0.369229,0,0
17724,0.36925,0,0
17725,0.369271,0,0
17726,0.369292,0,0
17727,0.369312,0,0
17728,0.369333,0,0
17729,0.369354,0,0
17730,0.369375,0,0
17731,0.369396,0,0
17732,0.369417,0,0
17733,0.369437,0,0
17734,0.369458,0,0
17735,0.369479,0,0
17736,0.3695,0,0
17737,0.369521,0,0
17738,0.369542,0,0
17739,0.369563,0,0
17740,0.369583,0,0
17741,0.369604,0,0
17742,0.369625,0,0
17743,0.369646,0,0
17744,0.369667,0,0
17745,0.369687,0,0
17746,0.369708,0,0
17747,0.369729,0,0
17748,0.36975,0,0
17749,0.369771,0,0
17750,0.369792,0,0
17751,0.369812,0,0
17752,0.369833,0,0
17753,0.369854,0,0
17754,0.369875,0,0
17755,0.369896,0,0
17756,0.369917,0,0
17757,0.369938,0,0
17758,0.369958,0,0
17759,0.369979,0,0
17760,0.37,0,0
17761,0.370021,0,0
17762,0.370042,0,0
17763,0.370063,0,0
17764,0.370083,0,0
17765,0.370104,0,0
17766,0.370125,0,0
17767,0.370146,0,0
17768,0.370167,0,0
17769,0.370187,0,0
17770,0.370208,0,0
17771,0.370229,0,0
17772,0.37025,0,0
17773,0.370271,0,0
17774,0.370292,0,0
17775,0.370313,0,0
17776,0.370333,0,0
17777,0.370354,0,0
17778,0.370375,0,0
17779,0.370396,0,0
17780,0.370417,0,0
17781,0.370438,0,0
17782,0.370458,0,0
17783,0.370479,0,0
17784,0.3705,0,0
17785,0.370521,0,0
17786,0.370542,0,0
17787,0.370562,0,0
17788,0.370583,0,0
17789,0.370604,0,0
17790,0.370625,0,0
17791,0.370646,0,0
17792,0.370667,0,0
17793,0.370688,0,0
17794,0.370708,0,0
17795,0.370729,0,0
17796,0.37075,0,0
17797,0.370771,0,0
17798,0.370792,0,0
17799,0.370813,0,0
17800,0.370833,0,0
17801,0.370854,0,0
17802,0.370875,0,0
17803,0.370896,0,0
17804,0.370917,0,0
17805,0.370937,0,0
17806,0.370958,0,0
17807,0.370979,0,0
17808,0.371,0,0
17809,0.371021,0,0
17810,0.371042,0,0
17811,0.371062,0,0
17812,0.371083,0,0
17813,0.371104,0,0
17814,0.371125,0,0
17815,0.371146,0,0
17816,0.371167,0,0
17817,0.371188,0,0
17818,0.371208,0,0
17819,0.371229,0,0
17820,0.37125,0,0
17821,0.371271,0,0
17822,0.371292,0,0
17823,0.371312,0,0
17824,0.371333,0,0
17825,0.371354,0,0
17826,0.371375,0,0
17827,0.371396,0,0
17828,0.371417,0,0
17829,0.371437,0,0
17830,0.371458,0,0
17831,0.371479,0,0
17832,0.3715,0,0
17833,0.371521,0,0
17834,0.371542,0,0
17835,0.371563,0,0
17836,0.371583,0,0
17837,0.371604,0,0
17838,0.371625,0,0
17839,0.371646,0,0
17840,0.371667,0,0
17841,0.371688,0,0
17842,0.371708,0,0
17843,0.371729,0,0
17844,0.37175,0,0
17845,0.371771,0,0
17846,0.371792,0,0
17847,0.371812,0,0
17848,0.371833,0,0
17849,0.371854,0,0
17850,0.371875,0,0
17851,0.371896,0,0
17852,0.371917,0,0
17853,0.371938,0,0
17854,0.371958,0,0
17855,0.371979,0,0
17856,0.372,0,0
17857,0.372021,0,0
17858,0.372042,0,0
17859,0.372063,0,0
17860,0.372083,0,0
17861,0.372104,0,0
17862,0.372125,0,0
17863,0.372146,0,0
17864,0.372167,0,0
17865,0.372187,0,0
17866,0.372208,0,0
17867,0.372229,0,0
17868,0.37225,0,0
17869,0.372271,0,0
17870,0.372292,0,0
17871,0.372312,0,0
17872,0.372333,0,0
17873,0.372354,0,0
17874,0.372375,0,0
17875,0.372396,0,0
17876,0.372417,0,0
17877,0.372438,0,0
17878,0.372458,0,0
17879,0.372479,0,0
17880,0.3725,0,0
17881,0.372521,0,0
17882,0.372542,0,0
17883,0.372562,0,0
17884,0.372583,0,0
17885,0.372604,0,0
17886,0.372625,0,0
17887,0.372646,0,0
17888,0.372667,0,0
17889,0.372687,0,0
17890,0.372708,0,0
17891,0.372729,0,0
17892,0.37275,0,0
17893,0.372771,0,0
17894,0.372792,0,0
17895,0.372813,0,0
17896,0.372833,0,0
17897,0.372854,0,0
17898,0.372875,0,0
17899,0.372896,0,0
17900,0.372917,0,0
17901,0.372938,0,0
17902,0.372958,0,0
17903,0.372979,0,0
17904,0.373,0,0
17905,0.373021,0,0
17906,0.373042,0,0
17907,0.373062,0,0
17908,0.373083,0,0
17909,0.373104,0,0
17910,0.373125,0,0
17911,0.373146,0,0
17912,0.373167,0,0
17913,0.373188,0,0
17914,0.373208,0,0
17915,0.373229,0,0
17916,0.37325,0,0
17917,0.373271,0,0
17918,0.373292,0,0
17919,0.373313,0,0
17920,0.373333,0,0
17921,0.373354,0,0
17922,0.373375,0,0
17923,0.373396,0,0
17924,0.373417,0,0
17925,0.373437,0,0
17926,0.373458,0,0
17927,0.373479,0,0
17928,0.3735,0,0
17929,0.373521,0,0
17930,0.373542,0,0
17931,0.373563,0,0
17932,0.373583,0,0
17933,0.373604,0,0
17934,0.373625,0,0
17935,0.373646,0,0
17936,0.373667,0,0
17937,0.373688,0,0
17938,0.373708,0,0
17939,0.373729,0,0
17940,0.37375,0,0
17941,0.373771,0,0
17942,0.373792,0,0
17943,0.373812,0,0
17944,0.373833,0,0
17945,0.373854,0,0
17946,0.373875,0,0
17947,0.373896,0,0
17948,0.373917,0,0
17949,0.373937,0,0
17950,0.373958,0,0
17951,0.373979,0,0
17952,0.374,0,0
17953,0.374021,0,0
17954,0.374042,0,0
17955,0.374063,0,0
17956,0.374083,0,0
17957,0.374104,0,0
17958,0.374125,0,0
17959,0.374146,0,0
17960,0.374167,0,0
17961,0.374187,0,0
17962,0.374208,0,0
17963,0.374229,0,0
17964,0.37425,0,0
17965,0.374271,0,0
17966,0.374292,0,0
17967,0.374312,0,0
17968,0.374333,0,0
17969,0.374354,0,0
17970,0.374375,0,0
17971,0.374396,0,0
17972,0.374417,0,0
17973,0.374438,0,0
17974,0.374458,0,0
17975,0.374479,0,0
17976,0.3745,0,0
17977,0.374521,0,0
17978,0.374542,0,0
17979,0.374563,0,0
17980,0.374583,0,0
17981,0.374604,0,0
17982,0.374625,0,0
17983,0.374646,0,0
17984,0.374667,0,0
17985,0.374687,0,0
17986,0.374708,0,0
17987,0.374729,0,0
17988,0.37475,0,0
17989,0.374771,0,0
17990,0.374792,0,0
17991,0.374813,0,0
17992,0.374833,0,0
17993,0.374854,0,0
17994,0.374875,0,0
17995,0.374896,0,0
17996,0.374917,0,0
17997,0.374938,0,0
17998,0.374958,0,0
17999,0.374979,0,0
18000,0.375,0,0
18001,0.375021,0,0
18002,0.375042,0,0
18003,0.375062,0,0
18004,0.375083,0,0
18005,0.375104,0,0
18006,0.375125,0,0
18007,0.375146,0,0
18008,0.375167,0,0
18009,0.375187,0,0
18010,0.375208,0,0
18011,0.375229,0,0
18012,0.37525,0,0
18013,0.375271,0,0
18014,0.375292,0,0
18015,0.375313,0,0
18016,0.375333,0,0
18017,0.375354,0,0
18018,0.375375,0,0
18019,0.375396,0,0
18020,0.375417,0,0
18021,0.375437,0,0
18022,0.375458,0,0
18023,0.375479,0,0
18024,0.3755,0,0
18025,0.375521,0,0
18026,0.375542,0,0
18027,0.375562,0,0
18028,0.375583,0,0
18029,0.375604,0,0
18030,0.375625,0,0
18031,0.375646,0,0
18032,0.375667,0,0
18033,0.375688,0,0
18034,0.375708,0,0
18035,0.375729,0,0
18036,0.37575,0,0
18037,0.375771,0,0
18038,0.375792,0,0
18039,0.375813,0,0
18040,0.375833,0,0
18041,0.375854,0,0
18042,0.375875,0,0
18043,0.375896,0,0
18044,0.375917,0,0
18045,0.375937,0,0
18046,0.375958,0,0
18047,0.375979,0,0
18048,0.376,0,0
18049,0.376021,0,0
18050,0.376042,0,0
18051,0.376063,0,0
18052,0.376083,0,0
18053,0.376104,0,0
18054,0.376125,0,0
18055,0.376146,0,0
18056,0.376167,0,0
18057,0.376188,0,0
18058,0.376208,0,0
18059,0.376229,0,0
18060,0.37625,0,0
18061,0.376271,0,0
18062,0.376292,0,0
18063,0.376312,0,0
18064,0.376333,0,0
18065,0.376354,0,0
18066,0.376375,0,0
18067,0.376396,0,0
18068,0.376417,0,0
18069,0.376437,0,0
18070,0.376458,0,0
18071,0.376479,0,0
18072,0.3765,0,0
18073,0.376521,0,0
18074,0.376542,0,0
18075,0.376563,0,0
18076,0.376583,0,0
18077,0.376604,0,0
18078,0.376625,0,0
18079,0.376646,0,0
18080,0.376667,0,0
18081,0.376687,0,0
18082,0.376708,0,0
18083,0.376729,0,0
18084,0.37675,0,0
18085,0.376771,0,0
18086,0.376792,0,0
18087,0.376812,0,0
18088,0.376833,0,0
18089,0.376854,0,0
18090,0.376875,0,0
18091,0.376896,0,0
18092,0.376917,0,0
18093,0.376938,0,0
18094,0.376958,0,0
18095,0.376979,0,0
18096,0.377,0,0
18097,0.377021,0,0
18098,0.377042,0,0
18099,0.377062,0,0
18100,0.377083,0,0
18101,0.377104,0,0
18102,0.377125,0,0
18103,0.377146,0,0
18104,0.377167,0,0
18105,0.377187,0,0
18106,0.377208,0,0
18107,0.377229,0,0
18108,0.37725,0,0
18109,0.377271,0,0
18110,0.377292,0,0
18111,0.377313,0,0
18112,0.377333,0,0
18113,0.377354,0,0
18114,0.377375,0,0
18115,0.377396,0,0
18116,0.377417,0,0
18117,0.377438,0,0
18118,0.377458,0,0
18119,0.377479,0,0
18120,0.3775,0,0
18121,0.377521,0,0
18122,0.377542,0,0
18123,0.377562,0,0
18124,0.377583,0,0
18125,0.377604,0,0
18126,0.377625,0,0
18127,0.377646,0,0
18128,0.377667,0,0
18129,0.377688,0,0
18130,0.377708,0,0
18131,0.377729,0,0
18132,0.37775,0,0
18133,0.377771,0,0
18134,0.377792,0,0
18135,0.377813,0,0
18136,0.377833,0,0
18137,0.377854,0,0
18138,0.377875,0,0
18139,0.377896,0,0
18140,0.377917,0,0
18141,0.377937,0,0
18142,0.377958,0,0
18143,0.377979,0,0
18144,0.378,0,0
18145,0.378021,0,0
18146,0.378042,0,0
18147,0.378062,0,0
18148,0.378083,0,0
18149,0.378104,0,0
18150,0.378125,0,0
18151,0.378146,0,0
18152,0.378167,0,0
18153,0.378188,0,0
18154,0.378208,0,0
18155,0.378229,0,0
18156,0.37825,0,0
18157,0.378271,0,0
18158,0.378292,0,0
18159,0.378312,0,0
18160,0.378333,0,0
18161,0.378354,0,0
18162,0.378375,0,0
18163,0.378396,0,0
18164,0.378417,0,0
18165,0.378437,0,0
18166,0.378458,0,0
18167,0.378479,0,0
18168,0.3785,0,0
18169,0.378521,0,0
18170,0.378542,0,0
18171,0.378563,0,0
18172,0.378583,0,0
18173,0.378604,0,0
18174,0.378625,0,0
18175,0.378646,0,0
18176,0.378667,0,0
18177,0.378688,0,0
18178,0.378708,0,0
18179,0.378729,0,0
18180,0.37875,0,0
18181,0.378771,0,0
18182,0.378792,0,0
18183,0.378812,0,0
18184,0.378833,0,0
18185,0.378854,0,0
18186,0.378875,0,0
18187,0.378896,0,0
18188,0.378917,0,0
18189,0.378938,0,0
18190,0.378958,0,0
18191,0.378979,0,0
18192,0.379,0,0
18193,0.379021,0,0
18194,0.379042,0,0
18195,0.379063,0,0
18196,0.379083,0,0
18197,0.379104,0,0
18198,0.379125,0,0
18199,0.379146,0,0
18200,0.379167,0,0
18201,0.379187,0,0
18202,0.379208,0,0
18203,0.379229,0,0
18204,0.37925,0,0
18205,0.379271,0,0
18206,0.379292,0,0
18207,0.379312,0,0
18208,0.379333,0,0
18209,0.379354,0,0
18210,0.379375,0,0
18211,0.379396,0,0
18212,0.379417,0,0
18213,0.379438,0,0
18214,0.379458,0,0
18215,0.379479,0,0
18216,0.3795,0,0
18217,0.379521,0,0
18218,0.379542,0,0
18219,0.379562,0,0
18220,0.379583,0,0
18221,0.379604,0,0
18222,0.379625,0,0
18223,0.379646,0,0
18224,0.379667,0,0
18225,0.379687,0,0
18226,0.379708,0,0
18227,0.379729,0,0
18228,0.37975,0,0
18229,0.379771,0,0
18230,0.379792,0,0
18231,0.379813,0,0
18232,0.379833,0,0
18233,0.379854,0,0
18234,0.379875,0,0
18235,0.379896,0,0
18236,0.379917,0,0
18237,0.379937,0,0
18238,0.379958,0,0
18239,0.379979,0,0
18240,0.38,0,0
18241,0.380021,0,0
18242,0.380042,0,0
18243,0.380062,0,0
18244,0.380083,0,0
18245,0.380104,0,0
18246,0.380125,0,0
18247,0.380146,0,0
18248,0.380167,0,0
18249,0.380188,0,0
18250,0.380208,0,0
18251,0.380229,0,0
18252,0.38025,0,0
18253,0.380271,0,0
18254,0.380292,0,0
18255,0.380313,0,0
18256,0.380333,0,0
18257,0.380354,0,0
18258,0.380375,0,0
18259,0.380396,0,0
18260,0.380417,0,0
18261,0.380437,0,0
18262,0.380458,0,0
18263,0.380479,0,0
18264,0.3805,0,0
18265,0.380521,0,0
18266,0.380542,0,0
18267,0.380563,0,0
18268,0.380583,0,0
18269,0.380604,0,0
18270,0.380625,0,0
18271,0.380646,0,0
18272,0.380667,0,0
18273,0.380688,0,0
18274,0.380708,0,0
18275,0.380729,0,0
18276,0.38075,0,0
18277,0.380771,0,0
18278,0.380792,0,0
18279,0.380812,0,0
18280,0.380833,0,0
18281,0.380854,0,0
18282,0.380875,0,0
18283,0.380896,0,0
18284,0.380917,0,0
18285,0.380937,0,0
18286,0.380958,0,0
18287,0.380979,0,0
18288,0.381,0,0
18289,0.381021,0,0
18290,0.381042,0,0
18291,0.381063,0,0
18292,0.381083,0,0
18293,0.381104,0,0
18294,0.381125,0,0
18295,0.381146,0,0
18296,0.381167,0,0
18297,0.381187,0,0
18298,0.381208,0,0
18299,0.381229,0,0
18300,0.38125,0,0
18301,0.381271,0,0
18302,0.381292,0,0
18303,0.381312,0,0
18304,0.381333,0,0
18305,0.381354,0,0
18306,0.381375,0,0
18307,0.381396,0,0
18308,0.381417,0,0
18309,0.381438,0,0
18310,0.381458,0,0
18311,0.381479,0,0
18312,0.3815,0,0
18313,0.381521,0,0
18314,0.381542,0,0
18315,0.381563,0,0
18316,0.381583,0,0
18317,0.381604,0,0
18318,0.381625,0,0
18319,0.381646,0,0
18320,0.381667,0,0
18321,0.381687,0,0
18322,0.381708,0,0
18323,0.381729,0,0
18324,0.38175,0,0
18325,0.381771,0,0
18326,0.381792,0,0
18327,0.381813,0,0
18328,0.381833,0,0
18329,0.381854,0,0
18330,0.381875,0,0
18331,0.381896,0,0
18332,0.381917,0,0
18333,0.381938,0,0
18334,0.381958,0,0
18335,0.381979,0,0
18336,0.382,0,0
18337,0.382021,0,0
18338,0.382042,0,0
18339,0.382062,0,0
18340,0.382083,0,0
18341,0.382104,0,0
18342,0.382125,0,0
18343,0.382146,0,0
18344,0.382167,0,0
18345,0.382187,0,0
18346,0.382208,0,0
18347,0.382229,0,0
18348,0.38225,0,0
18349,0.382271,0,0
18350,0.382292,0,0
18351,0.382313,0,0
18352,0.382333,0,0
18353,0.382354,0,0
18354,0.382375,0,0
18355,0.382396,0,0
18356,0.382417,0,0
18357,0.382437,0,0
18358,0.382458,0,0
18359,0.382479,0,0
18360,0.3825,0,0
18361,0.382521,0,0
18362,0.382542,0,0
18363,0.382562,0,0
18364,0.382583,0,0
18365,0.382604,0,0
18366,0.382625,0,0
18367,0.382646,0,0
18368,0.382667,0,0
18369,0.382688,0,0
18370,0.382708,0,0
18371,0.382729,0,0
18372,0.38275,0,0
18373,0.382771,0,0
18374,0.382792,0,0
18375,0.382812,0,0
18376,0.382833,0,0
18377,0.382854,0,0
18378,0.382875,0,0
18379,0.382896,0,0
18380,0.382917,0,0
18381,0.382937,0,0
18382,0.382958,0,0
18383,0.382979,0,0
18384,0.383,0,0
18385,0.383021,0,0
18386,0.383042,0,0
18387,0.383063,0,0
18388,0.383083,0,0
18389,0.383104,0,0
18390,0.383125,0,0
18391,0.383146,0,0
18392,0.383167,0,0
18393,0.383188,0,0
18394,0.383208,0,0
18395,0.383229,0,0
18396,0.38325,0,0
18397,0.383271,0,0
18398,0.383292,0,0
18399,0.383312,0,0
18400,0.383333,0,0
18401,0.383354,0,0
18402,0.383375,0,0
18403,0.383396,0,0
18404,0.383417,0,0
18405,0.383438,0,0
18406,0.383458,0,0
18407,0.383479,0,0
18408,0.3835,0,0
18409,0.383521,0,0
18410,0.383542,0,0
18411,0.383563,0,0
18412,0.383583,0,0
18413,0.383604,0,0
18414,0.383625,0,0
18415,0.383646,0,0
18416,0.383667,0,0
18417,0.383687,0,0
18418,0.383708,0,0
18419,0.383729,0,0
18420,0.38375,0,0
18421,0.383771,0,0
18422,0.383792,0,0
18423,0.383812,0,0
18424,0.383833,0,0
18425,0.383854,0,0
18426,0.383875,0,0
18427,0.383896,0,0
18428,0.383917,0,0
18429,0.383938,0,0
18430,0.383958,0,0
18431,0.383979,0,0
18432,0.384,0,0
18433,0.384021,0,0
18434,0.384042,0,0
18435,0.384062,0,0
18436,0.384083,0,0
18437,0.384104,0,0
18438,0.384125,0,0
18439,0.384146,0,0
18440,0.384167,0,0
18441,0.384187,0,0
18442,0.384208,0,0
18443,0.384229,0,0
18444,0.38425,0,0
18445,0.384271,0,0
18446,0.384292,0,0
18447,0.384313,0,0
18448,0.384333,0,0
18449,0.384354,0,0
18450,0.384375,0,0
18451,0.384396,0,0
18452,0.384417,0,0
18453,0.384438,0,0
18454,0.384458,0,0
18455,0.384479,0,0
18456,0.3845,0,0
18457,0.384521,0,0
18458,0.384542,0,0
18459,0.384562,0,0
18460,0.384583,0,0
18461,0.384604,0,0
18462,0.384625,0,0
18463,0.384646,0,0
18464,0.384667,0,0
18465,0.384688,0,0
18466,0.384708,0,0
18467,0.384729,0,0
18468,0.38475,0,0
18469,0.384771,0,0
18470,0.384792,0,0
18471,0.384813,0,0
18472,0.384833,0,0
18473,0.384854,0,0
18474,0.384875,0,0
18475,0.384896,0,0
18476,0.384917,0,0
18477,0.384937,0,0
18478,0.384958,0,0
18479,0.384979,0,0
18480,0.385,0,0
18481,0.385021,0,0
18482,0.385042,0,0
18483,0.385062,0,0
18484,0.385083,0,0
18485,0.385104,0,0
18486,0.385125,0,0
18487,0.385146,0,0
18488,0.385167,0,0
18489,0.385188,0,0
18490,0.385208,0,0
18491,0.385229,0,0
18492,0.38525,0,0
18493,0.385271,0,0
18494,0.385292,0,0
18495,0.385312,0,0
18496,0.385333,0,0
18497,0.385354,0,0
18498,0.385375,0,0
18499,0.385396,0,0
18500,0.385417,0,0
18501,0.385437,0,0
18502,0.385458,0,0
18503,0.385479,0,0
18504,0.3855,0,0
18505,0.385521,0,0
18506,0.385542,0,0
18507,0.385563,0,0
18508,0.385583,0,0
18509,0.385604,0,0
18510,0.385625,0,0
18511,0.385646,0,0
18512,0.385667,0,0
18513,0.385688,0,0
18514,0.385708,0,0
18515,0.385729,0,0
18516,0.38575,0,0
18517,0.385771,0,0
18518,0.385792,0,0
18519,0.385812,0,0
18520,0.385833,0,0
18521,0.385854,0,0
18522,0.385875,0,0
18523,0.385896,0,0
18524,0.385917,0,0
18525,0.385938,0,0
18526,0.385958,0,0
18527,0.385979,0,0
18528,0.386,0,0
18529,0.386021,0,0
18530,0.386042,0,0
18531,0.386063,0,0
18532,0.386083,0,0
18533,0.386104,0,0
18534,0.386125,0,0
18535,0.386146,0,0
18536,0.386167,0,0
18537,0.386187,0,0
18538,0.386208,0,0
18539,0.386229,0,0
18540,0.38625,0,0
18541,0.386271,0,0
18542,0.386292,0,0
18543,0.386313,0,0
18544,0.386333,0,0
18545,0.386354,0,0
18546,0.386375,0,0
18547,0.386396,0,0
18548,0.386417,0,0
18549,0.386438,0,0
18550,0.386458,0,0
18551,0.386479,0,0
18552,0.3865,0,0
18553,0.386521,0,0
18554,0.386542,0,0
18555,0.386562,0,0
18556,0.386583,0,0
18557,0.386604,0,0
18558,0.386625,0,0
18559,0.386646,0,0
18560,0.386667,0,0
18561,0.386687,0,0
18562,0.386708,0,0
18563,0.386729,0,0
18564,0.38675,0,0
18565,0.386771,0,0
18566,0.386792,0,0
18567,0.386813,0,0
18568,0.386833,0,0
18569,0.386854,0,0
18570,0.386875,0,0
18571,0.386896,0,0
18572,0.386917,0,0
18573,0.386937,0,0
18574,0.386958,0,0
18575,0.386979,0,0
18576,0.387,0,0
18577,0.387021,0,0
18578,0.387042,0,0
18579,0.387062,0,0
18580,0.387083,0,0
18581,0.387104,0,0
18582,0.387125,0,0
18583,0.387146,0,0
18584,0.387167,0,0
18585,0.387188,0,0
18586,0.387208,0,0
18587,0.387229,0,0
18588,0.38725,0,0
18589,0.387271,0,0
18590,0.387292,0,0
18591,0.387313,0,0
18592,0.387333,0,0
18593,0.387354,0,0
18594,0.387375,0,0
18595,0.387396,0,0
18596,0.387417,0,0
18597,0.387437,0,0
18598,0.387458,0,0
18599,0.387479,0,0
18600,0.3875,0,0
18601,0.387521,0,0
18602,0.387542,0,0
18603,0.387563,0,0
18604,0.387583,0,0
18605,0.387604,0,0
18606,0.387625,0,0
18607,0.387646,0,0
18608,0.387667,0,0
18609,0.387688,0,0
18610,0.387708,0,0
18611,0.387729,0,0
18612,0.38775,0,0
18613,0.387771,0,0
18614,0.387792,0,0
18615,0.387812,0,0
18616,0.387833,0,0
18617,0.387854,0,0
18618,0.387875,0,0
18619,0.387896,0,0
18620,0.387917,0,0
18621,0.387937,0,0
18622,0.387958,0,0
18623,0.387979,0,0
18624,0.388,0,0
18625,0.388021,0,0
18626,0.388042,0,0
18627,0.388063,0,0
18628,0.388083,0,0
18629,0.388104,0,0
18630,0.388125,0,0
18631,0.388146,0,0
18632,0.388167,0,0
18633,0.388187,0,0
18634,0.388208,0,0
18635,0.388229,0,0
18636,0.38825,0,0
18637,0.388271,0,0
18638,0.388292,0,0
18639,0.388312,0,0
18640,0.388333,0,0
18641,0.388354,0,0
18642,0.388375,0,0
18643,0.388396,0,0
18644,0.388417,0,0
18645,0.388438,0,0
18646,0.388458,0,0
18647,0.388479,0,0
18648,0.3885,0,0
18649,0.388521,0,0
18650,0.388542,0,0
18651,0.388563,0,0
18652,0.388583,0,0
18653,0.388604,0,0
18654,0.388625,0,0
18655,0.388646,0,0
18656,0.388667,0,0
18657,0.388687,0,0
18658,0.388708,0,0
18659,0.388729,0,0
18660,0.38875,0,0
18661,0.388771,0,0
18662,0.388792,0,0
18663,0.388813,0,0
18664,0.388833,0,0
18665,0.388854,0,0
18666,0.388875,0,0
18667,0.388896,0,0
18668,0.388917,0,0
18669,0.388938,0,0
18670,0.388958,0,0
18671,0.388979,0,0
18672,0.389,0,0
18673,0.389021,0,0
18674,0.389042,0,0
18675,0.389062,0,0
18676,0.389083,0,0
18677,0.389104,0,0
18678,0.389125,0,0
18679,0.389146,0,0
18680,0.389167,0,0
18681,0.389188,0,0
18682,0.389208,0,0
18683,0.389229,0,0
18684,0.38925,0,0
18685,0.389271,0,0
18686,0.389292,0,0
18687,0.389313,0,0
18688,0.389333,0,0
18689,0.389354,0,0
18690,0.389375,0,0
18691,0.389396,0,0
18692,0.389417,0,0
18693,0.389437,0,0
18694,0.389458,0,0
18695,0.389479,0,0
18696,0.3895,0,0
18697,0.389521,0,0
18698,0.389542,0,0
18699,0.389562,0,0
18700,0.389583,0,0
18701,0.389604,0,0
18702,0.389625,0,0
18703,0.389646,0,0
18704,0.389667,0,0
18705,0.389688,0,0
18706,0.389708,0,0
18707,0.389729,0,0
18708,0.38975,0,0
18709,0.389771,0,0
18710,0.389792,0,0
18711,0.389812,0,0
18712,0.389833,0,0
18713,0.389854,0,0
18714,0.389875,0,0
18715,0.389896,0,0
18716,0.389917,0,0
18717,0.389937,0,0
18718,0.389958,0,0
18719,0.389979,0,0
18720,0.39,0,0
18721,0.390021,0,0
18722,0.390042,0,0
18723,0.390063,0,0
18724,0.390083,0,0
18725,0.390104,0,0
18726,0.390125,0,0
18727,0.390146,0,0
18728,0.390167,0,0
18729,0.390188,0,0
18730,0.390208,0,0
18731,0.390229,0,0
18732,0.39025,0,0
18733,0.390271,0,0
18734,0.390292,0,0
18735,0.390312,0,0
18736,0.390333,0,0
18737,0.390354,0,0
18738,0.390375,0,0
18739,0.390396,0,0
18740,0.390417,0,0
18741,0.390438,0,0
18742,0.390458,0,0
18743,0.390479,0,0
18744,0.3905,0,0
18745,0.390521,0,0
18746,0.390542,0,0
18747,0.390563,0,0
18748,0.390583,0,0
18749,0.390604,0,0
18750,0.390625,0,0
18751,0.390646,0,0
18752,0.390667,0,0
18753,0.390687,0,0
18754,0.390708,0,0
18755,0.390729,0,0
18756,0.39075,0,0
18757,0.390771,0,0
18758,0.390792,0,0
18759,0.390812,0,0
18760,0.390833,0,0
18761,0.390854,0,0
18762,0.390875,0,0
18763,0.390896,0,0
18764,0.390917,0,0
18765,0.390938,0,0
18766,0.390958,0,0
18767,0.390979,0,0
18768,0.391,0,0
18769,0.391021,0,0
18770,0.391042,0,0
18771,0.391062,0,0
18772,0.391083,0,0
18773,0.391104,0,0
18774,0.391125,0,0
18775,0.391146,0,0
18776,0.391167,0,0
18777,0.391187,0,0
18778,0.391208,0,0
18779,0.391229,0,0
18780,0.39125,0,0
18781,0.391271,0,0
18782,0.391292,0,0
18783,0.391313,0,0
18784,0.391333,0,0
18785,0.391354,0,0
18786,0.391375,0,0
18787,0.391396,0,0
18788,0.391417,0,0
18789,0.391438,0,0
18790,0.391458,0,0
18791,0.391479,0,0
18792,0.3915,0,0
18793,0.391521,0,0
18794,0.391542,0,0
18795,0.391562,0,0
18796,0.391583,0,0
18797,0.391604,0,0
18798,0.391625,0,0
18799,0.391646,0,0
18800,0.391667,0,0
18801,0.391688,0,0
18802,0.391708,0,0
18803,0.391729,0,0
18804,0.39175,0,0
18805,0.391771,0,0
18806,0.391792,0,0
18807,0.391813,0,0
18808,0.391833,0,0
18809,0.391854,0,0
18810,0.391875,0,0
18811,0.391896,0,0
18812,0.391917,0,0
18813,0.391937,0,0
18814,0.391958,0,0
18815,0.391979,0,0
18816,0.392,0,0
18817,0.392021,0,0
18818,0.392042,0,0
18819,0.392062,0,0
18820,0.392083,0,0
18821,0.392104,0,0
18822,0.392125,0,0
18823,0.392146,0,0
18824,0.392167,0,0
18825,0.392188,0,0
18826,0.392208,0,0
18827,0.392229,0,0
18828,0.39225,0,0
18829,0.392271,0,0
18830,0.392292,0,0
18831,0.392312,0,0
18832,0.392333,0,0
18833,0.392354,0,0
18834,0.392375,0,0
18835,0.392396,0,0
18836,0.392417,0,0
18837,0.392437,0,0
18838,0.392458,0,0
18839,0.392479,0,0
18840,0.3925,0,0
18841,0.392521,0,0
18842,0.392542,0,0
18843,0.392563,0,0
18844,0.392583,0,0
18845,0.392604,0,0
18846,0.392625,0,0
18847,0.392646,0,0
18848,0.392667,0,0
18849,0.392687,0,0
18850,0.392708,0,0
18851,0.392729,0,0
18852,0.39275,0,0
18853,0.392771,0,0
18854,0.392792,0,0
18855,0.392812,0,0
18856,0.392833,0,0
18857,0.392854,0,0
18858,0.392875,0,0
18859,0.392896,0,0
18860,0.392917,0,0
18861,0.392938,0,0
18862,0.392958,0,0
18863,0.392979,0,0
18864,0.393,0,0
18865,0.393021,0,0
18866,0.393042,0,0
18867,0.393063,0,0
18868,0.393083,0,0
18869,0.393104,0,0
18870,0.393125,0,0
18871,0.393146,0,0
18872,0.393167,0,0
18873,0.393187,0,0
18874,0.393208,0,0
18875,0.393229,0,0
18876,0.39325,0,0
18877,0.393271,0,0
18878,0.393292,0,0
18879,0.393313,0,0
18880,0.393333,0,0
18881,0.393354,0,0
18882,0.393375,0,0
18883,0.393396,0,0
18884,0.393417,0,0
18885,0.393438,0,0
18886,0.393458,0,0
18887,0.393479,0,0
18888,0.3935,0,0
18889,0.393521,0,0
18890,0.393542,0,0
18891,0.393562,0,0
18892,0.393583,0,0
18893,0.393604,0,0
18894,0.393625,0,0
18895,0.393646,0,0
18896,0.393667,0,0
18897,0.393687,0,0
18898,0.393708,0,0
18899,0.393729,0,0
18900,0.39375,0,0
18901,0.393771,0,0
18902,0.393792,0,0
18903,0.393813,0,0
18904,0.393833,0,0
18905,0.393854,0,0
18906,0.393875,0,0
18907,0.393896,0,0
18908,0.393917,0,0
18909,0.393937,0,0
18910,0.393958,0,0
18911,0.393979,0,0
18912,0.394,0,0
18913,0.394021,0,0
18914,0.394042,0,0
18915,0.394062,0,0
18916,0.394083,0,0
18917,0.394104,0,0
18918,0.394125,0,0
18919,0.394146,0,0
18920,0.394167,0,0
18921,0.394188,0,0
18922,0.394208,0,0
18923,0.394229,0,0
18924,0.39425,0,0
18925,0.394271,0,0
18926,0.394292,0,0
18927,0.394313,0,0
18928,0.394333,0,0
18929,0.394354,0,0
18930,0.394375,0,0
18931,0.394396,0,0
18932,0.394417,0,0
18933,0.394437,0,0
18934,0.394458,0,0
18935,0.394479,0,0
18936,0.3945,0,0
18937,0.394521,0,0
18938,0.394542,0,0
18939,0.394563,0,0
18940,0.394583,0,0
18941,0.394604,0,0
18942,0.394625,0,0
18943,0.394646,0,0
18944,0.394667,0,0
18945,0.394688,0,0
18946,0.394708,0,0
18947,0.394729,0,0
18948,0.39475,0,0
18949,0.394771,0,0
18950,0.394792,0,0
18951,0.394812,0,0
18952,0.394833,0,0
18953,0.394854,0,0
18954,0.394875,0,0
18955,0.394896,0,0
18956,0.394917,0,0
18957,0.394937,0,0
18958,0.394958,0,0
18959,0.394979,0,0
18960,0.395,0,0
18961,0.395021,0,0
18962,0.395042,0,0
18963,0.395063,0,0
18964,0.395083,0,0
18965,0.395104,0,0
18966,0.395125,0,0
18967,0.395146,0,0
18968,0.395167,0,0
18969,0.395187,0,0
18970,0.395208,0,0
18971,0.395229,0,0
18972,0.39525,0,0
18973,0.395271,0,0
18974,0.395292,0,0
18975,0.395312,0,0
18976,0.395333,0,0
18977,0.395354,0,0
18978,0.395375,0,0
18979,0.395396,0,0
18980,0.395417,0,0
18981,0.395438,0,0
18982,0.395458,0,0
18983,0.395479,0,0
18984,0.3955,0,0
18985,0.395521,0,0
18986,0.395542,0,0
18987,0.395562,0,0
18988,0.395583,0,0
18989,0.395604,0,0
18990,0.395625,0,0
18991,0.395646,0,0
18992,0.395667,0,0
18993,0.395687,0,0
18994,0.395708,0,0
18995,0.395729,0,0
18996,0.39575,0,0
18997,0.395771,0,0
18998,0.395792,0,0
18999,0.395813,0,0
19000,0.395833,0,0
19001,0.395854,0,0
19002,0.395875,0,0
19003,0.395896,0,0
19004,0.395917,0,0
19005,0.395938,0,0
19006,0.395958,0,0
19007,0.395979,0,0
19008,0.396,0,0
19009,0.396021,0,0
19010,0.396042,0,0
19011,0.396062,0,0
19012,0.396083,0,0
19013,0.396104,0,0
19014,0.396125,0,0
19015,0.396146,0,0
19016,0.396167,0,0
19017,0.396188,0,0
19018,0.396208,0,0
19019,0.396229,0,0
19020,0.39625,0,0
19021,0.396271,0,0
19022,0.396292,0,0
19023,0.396313,0,0
19024,0.396333,0,0
19025,0.396354,0,0
19026,0.396375,0,0
19027,0.396396,0,0
19028,0.396417,0,0
19029,0.396437,0,0
19030,0.396458,0,0
19031,0.396479,0,0
19032,0.3965,0,0
19033,0.396521,0,0
19034,0.396542,0,0
19035,0.396562,0,0
19036,0.396583,0,0
19037,0.396604,0,0
19038,0.396625,0,0
19039,0.396646,0,0
19040,0.396667,0,0
19041,0.396688,0,0
19042,0.396708,0,0
19043,0.396729,0,0
19044,0.39675,0,0
19045,0.396771,0,0
19046,0.396792,0,0
19047,0.396812,0,0
19048,0.396833,0,0
19049,0.396854,0,0
19050,0.396875,0,0
19051,0.396896,0,0
19052,0.396917,0,0
19053,0.396937,0,0
19054,0.396958,0,0
19055,0.396979,0,0
19056,0.397,0,0
19057,0.397021,0,0
19058,0.397042,0,0
19059,0.397063,0,0
19060,0.397083,0,0
19061,0.397104,0,0
19062,0.397125,0,0
19063,0.397146,0,0
19064,0.397167,0,0
19065,0.397188,0,0
19066,0.397208,0,0
19067,0.397229,0,0
19068,0.39725,0,0
19069,0.397271,0,0
19070,0.397292,0,0
19071,0.397312,0,0
19072,0.397333,0,0
19073,0.397354,0,0
19074,0.397375,0,0
19075,0.397396,0,0
19076,0.397417,0,0
19077,0.397438,0,0
19078,0.397458,0,0
19079,0.397479,0,0
19080,0.3975,0,0
19081,0.397521,0,0
19082,0.397542,0,0
19083,0.397563,0,0
19084,0.397583,0,0
19085,0.397604,0,0
19086,0.397625,0,0
19087,0.397646,0,0
19088,0.397667,0,0
19089,0.397687,0,0
19090,0.397708,0,0
19091,0.397729,0,0
19092,0.39775,0,0
19093,0.397771,0,0
19094,0.397792,0,0
19095,0.397812,0,0
19096,0.397833,0,0
19097,0.397854,0,0
19098,0.397875,0,0
19099,0.397896,0,0
19100,0.397917,0,0
19101,0.397938,0,0
19102,0.397958,0,0
19103,0.397979,0,0
19104,0.398,0,0
19105,0.398021,0,0
19106,0.398042,0,0
19107,0.398062,0,0
19108,0.398083,0,0
19109,0.398104,0,0
19110,0.398125,0,0
19111,0.398146,0,0
19112,0.398167,0,0
19113,0.398187,0,0
19114,0.398208,0,0
19115,0.398229,0,0
19116,0.39825,0,0
19117,0.398271,0,0
19118,0.398292,0,0
19119,0.398313,0,0
19120,0.398333,0,0
19121,0.398354,0,0
19122,0.398375,0,0
19123,0.398396,0,0
19124,0.398417,0,0
19125,0.398438,0,0
19126,0.398458,0,0
19127,0.398479,0,0
19128,0.3985,0,0
19129,0.398521,0,0
19130,0.398542,0,0
19131,0.398562,0,0
19132,0.398583,0,0
19133,0.398604,0,0
19134,0.398625,0,0
19135,0.398646,0,0
19136,0.398667,0,0
19137,0.398688,0,0
19138,0.398708,0,0
19139,0.398729,0,0
19140,0.39875,0,0
19141,0.398771,0,0
19142,0.398792,0,0
19143,0.398813,0,0
19144,0.398833,0,0
19145,0.398854,0,0
19146,0.398875,0,0
19147,0.398896,0,0
19148,0.398917,0,0
19149,0.398937,0,0
19150,0.398958,0,0
19151,0.398979,0,0
19152,0.399,0,0
19153,0.399021,0,0
19154,0.399042,0,0
19155,0.399063,0,0
19156,0.399083,0,0
19157,0.399104,0,0
19158,0.399125,0,0
19159,0.399146,0,0
19160,0.399167,0,0
19161,0.399188,0,0
19162,0.399208,0,0
19163,0.399229,0,0
19164,0.39925,0,0
19165,0.399271,0,0
19166,0.399292,0,0
19167,0.399312,0,0
19168,0.399333,0,0
19169,0.399354,0,0
19170,0.399375,0,0
19171,0.399396,0,0
19172,0.399417,0,0
19173,0.399437,0,0
19174,0.399458,0,0
19175,0.399479,0,0
19176,0.3995,0,0
19177,0.399521,0,0
19178,0.399542,0,0
19179,0.399563,0,0
19180,0.399583,0,0
19181,0.399604,0,0
19182,0.399625,0,0
19183,0.399646,0,0
19184,0.399667,0,0
19185,0.399687,0,0
19186,0.399708,0,0
19187,0.399729,0,0
19188,0.39975,0,0
19189,0.399771,0,0
19190,0.399792,0,0
19191,0.399812,0,0
19192,0.399833,0,0
19193,0.399854,0,0
19194,0.399875,0,0
19195,0.399896,0,0
19196,0.399917,0,0
19197,0.399938,0,0
19198,0.399958,0,0
19199,0.399979,0,0
19200,0.4,0,0
19201,0.400021,0,0
19202,0.400042,0,0
19203,0.400063,0,0
19204,0.400083,0,0
19205,0.400104,0,0
19206,0.400125,0,0
19207,0.400146,0,0
19208,0.400167,0,0
19209,0.400187,0,0
19210,0.400208,0,0
19211,0.400229,0,0
19212,0.40025,0,0
19213,0.400271,0,0
19214,0.400292,0,0
19215,0.400313,0,0
19216,0.400333,0,0
19217,0.400354,0,0
19218,0.400375,0,0
19219,0.400396,0,0
19220,0.400417,0,0
19221,0.400438,0,0
19222,0.400458,0,0
19223,0.400479,0,0
19224,0.4005,0,0
19225,0.400521,0,0
19226,0.400542,0,0
19227,0.400562,0,0
19228,0.400583,0,0
19229,0.400604,0,0
19230,0.400625,0,0
19231,0.400646,0,0
19232,0.400667,0,0
19233,0.400687,0,0
19234,0.400708,0,0
19235,0.400729,0,0
19236,0.40075,0,0
19237,0.400771,0,0
19238,0.400792,0,0
19239,0.400813,0,0
19240,0.400833,0,0
19241,0.400854,0,0
19242,0.400875,0,0
19243,0.400896,0,0
19244,0.400917,0,0
19245,0.400937,0,0
19246,0.400958,0,0
19247,0.400979,0,0
19248,0.401,0,0
19249,0.401021,0,0
19250,0.401042,0,0
19251,0.401062,0,0
19252,0.401083,0,0
19253,0.401104,0,0
19254,0.401125,0,0
19255,0.401146,0,0
19256,0.401167,0,0
19257,0.401188,0,0
19258,0.401208,0,0
19259,0.401229,0,0
19260,0.40125,0,0
19261,0.401271,0,0
19262,0.401292,0,0
19263,0.401313,0,0
19264,0.401333,0,0
19265,0.401354,0,0
19266,0.401375,0,0
19267,0.401396,0,0
19268,0.401417,0,0
19269,0.401437,0,0
19270,0.401458,0,0
19271,0.401479,0,0
19272,0.4015,0,0
19273,0.401521,0,0
19274,0.401542,0,0
19275,0.401563,0,0
19276,0.401583,0,0
19277,0.401604,0,0
19278,0.401625,0,0
19279,0.401646,0,0
19280,0.401667,0,0
19281,0.401688,0,0
19282,0.401708,0,0
19283,0.401729,0,0
19284,0.40175,0,0
19285,0.401771,0,0
19286,0.401792,0,0
19287,0.401812,0,0
19288,0.401833,0,0
19289,0.401854,0,0
19290,0.401875,0,0
19291,0.401896,0,0
19292,0.401917,0,0
19293,0.401938,0,0
19294,0.401958,0,0
19295,0.401979,0,0
19296,0.402,0,0
19297,0.402021,0,0
19298,0.402042,0,0
19299,0.402063,0,0
19300,0.402083,0,0
19301,0.402104,0,0
19302,0.402125,0,0
19303,0.402146,0,0
19304,0.402167,0,0
19305,0.402187,0,0
19306,0.402208,0,0
19307,0.402229,0,0
19308,0.40225,0,0
19309,0.402271,0,0
19310,0.402292,0,0
19311,0.402312,0,0
19312,0.402333,0,0
19313,0.402354,0,0
19314,0.402375,0,0
19315,0.402396,0,0
19316,0.402417,0,0
19317,0.402438,0,0
19318,0.402458,0,0
19319,0.402479,0,0
19320,0.4025,0,0
19321,0.402521,0,0
19322,0.402542,0,0
19323,0.402562,0,0
19324,0.402583,0,0
19325,0.402604,0,0
19326,0.402625,0,0
19327,0.402646,0,0
19328,0.402667,0,0
19329,0.402687,0,0
19330,0.402708,0,0
19331,0.402729,0,0
19332,0.40275,0,0
19333,0.402771,0,0
19334,0.402792,0,0
19335,0.402813,0,0
19336,0.402833,0,0
19337,0.402854,0,0
19338,0.402875,0,0
19339,0.402896,0,0
19340,0.402917,0,0
19341,0.402938,0,0
19342,0.402958,0,0
19343,0.402979,0,0
19344,0.403,0,0
19345,0.403021,0,0
19346,0.403042,0,0
19347,0.403062,0,0
19348,0.403083,0,0
19349,0.403104,0,0
19350,0.403125,0,0
19351,0.403146,0,0
19352,0.403167,0,0
19353,0.403188,0,0
19354,0.403208,0,0
19355,0.403229,0,0
19356,0.40325,0,0
19357,0.403271,0,0
19358,0.403292,0,0
19359,0.403313,0,0
19360,0.403333,0,0
19361,0.403354,0,0
19362,0.403375,0,0
19363,0.403396,0,0
19364,0.403417,0,0
19365,0.403437,0,0
19366,0.403458,0,0
19367,0.403479,0,0
19368,0.4035,0,0
19369,0.403521,0,0
19370,0.403542,0,0
19371,0.403562,0,0
19372,0.403583,0,0
19373,0.403604,0,0
19374,0.403625,0,0
19375,0.403646,0,0
19376,0.403667,0,0
19377,0.403688,0,0
19378,0.403708,0,0
19379,0.403729,0,0
19380,0.40375,0,0
19381,0.403771,0,0
19382,0.403792,0,0
19383,0.403812,0,0
19384,0.403833,0,0
19385,0.403854,0,0
19386,0.403875,0,0
19387,0.403896,0,0
19388,0.403917,0,0
19389,0.403937,0,0
19390,0.403958,0,0
19391,0.403979,0,0
19392,0.404,0,0
19393,0.404021,0,0
19394,0.404042,0,0
19395,0.404063,0,0
19396,0.404083,0,0
19397,0.404104,0,0
19398,0.404125,0,0
19399,0.404146,0,0
19400,0.404167,0,0
19401,0.404188,0,0
19402,0.404208,0,0
19403,0.404229,0,0
19404,0.40425,0,0
19405,0.404271,0,0
19406,0.404292,0,0
19407,0.404312,0,0
19408,0.404333,0,0
19409,0.404354,0,0
19410,0.404375,0,0
19411,0.404396,0,0
19412,0.404417,0,0
19413,0.404438,0,0
19414,0.404458,0,0
19415,0.404479,0,0
19416,0.4045,0,0
19417,0.404521,0,0
19418,0.404542,0,0
19419,0.404563,0,0
19420,0.404583,0,0
19421,0.404604,0,0
19422,0.404625,0,0
19423,0.404646,0,0
19424,0.404667,0,0
19425,0.404687,0,0
19426,0.404708,0,0
19427,0.404729,0,0
19428,0.40475,0,0
19429,0.404771,0,0
19430,0.404792,0,0
19431,0.404813,0,0
19432,0.404833,0,0
19433,0.404854,0,0
19434,0.404875,0,0
19435,0.404896,0,0
19436,0.404917,0,0
19437,0.404938,0,0
19438,0.404958,0,0
19439,0.404979,0,0
19440,0.405,0,0
19441,0.405021,0,0
19442,0.405042,0,0
19443,0.405062,0,0
19444,0.405083,0,0
19445,0.405104,0,0
19446,0.405125,0,0
19447,0.405146,0,0
19448,0.405167,0,0
19449,0.405187,0,0
19450,0.405208,0,0
19451,0.405229,0,0
19452,0.40525,0,0
19453,0.405271,0,0
19454,0.405292,0,0
19455,0.405313,0,0
19456,0.405333,0,0
19457,0.405354,0,0
19458,0.405375,0,0
19459,0.405396,0,0
19460,0.405417,0,0
19461,0.405437,0,0
19462,0.405458,0,0
19463,0.405479,0,0
19464,0.4055,0,0
19465,0.405521,0,0
19466,0.405542,0,0
19467,0.405562,0,0
19468,0.405583,0,0
19469,0.405604,0,0
19470,0.405625,0,0
19471,0.405646,0,0
19472,0.405667,0,0
19473,0.405688,0,0
19474,0.405708,0,0
19475,0.405729,0,0
19476,0.40575,0,0
19477,0.405771,0,0
19478,0.405792,0,0
19479,0.405813,0,0
19480,0.405833,0,0
19481,0.405854,0,0
19482,0.405875,0,0
19483,0.405896,0,0
19484,0.405917,0,0
19485,0.405937,0,0
19486,0.405958,0,0
19487,0.405979,0,0
19488,0.406,0,0
19489,0.406021,0,0
19490,0.406042,0,0
19491,0.406063,0,0
19492,0.406083,0,0
19493,0.406104,0,0
19494,0.406125,0,0
19495,0.406146,0,0
19496,0.406167,0,0
19497,0.406188,0,0
19498,0.406208,0,0
19499,0.406229,0,0
19500,0.40625,0,0
19501,0.406271,0,0
19502,0.406292,0,0
19503,0.406312,0,0
19504,0.406333,0,0
19505,0.406354,0,0
19506,0.406375,0,0
19507,0.406396,0,0
19508,0.406417,0,0
19509,0.406437,0,0
19510,0.406458,0,0
19511,0.406479,0,0
19512,0.4065,0,0
19513,0.406521,0,0
19514,0.406542,0,0
19515,0.406563,0,0
19516,0.406583,0,0
19517,0.406604,0,0
19518,0.406625,0,0
19519,0.406646,0,0
19520,0.406667,0,0
19521,0.406687,0,0
19522,0.406708,0,0
19523,0.406729,0,0
19524,0.40675,0,0
19525,0.406771,0,0
19526,0.406792,0,0
19527,0.406812,0,0
19528,0.406833,0,0
19529,0.406854,0,0
19530,0.406875,0,0
19531,0.406896,0,0
19532,0.406917,0,0
19533,0.406938,0,0
19534,0.406958,0,0
19535,0.406979,0,0
19536,0.407,0,0
19537,0.407021,0,0
19538,0.407042,0,0
19539,0.407063,0,0
19540,0.407083,0,0
19541,0.407104,0,0
19542,0.407125,0,0
19543,0.407146,0,0
19544,0.407167,0,0
19545,0.407187,0,0
19546,0.407208,0,0
19547,0.407229,0,0
19548,0.40725,0,0
19549,0.407271,0,0
19550,0.407292,0,0
19551,0.407313,0,0
19552,0.407333,0,0
19553,0.407354,0,0
19554,0.407375,0,0
19555,0.407396,0,0
19556,0.407417,0,0
19557,0.407438,0,0
19558,0.407458,0,0
19559,0.407479,0,0
19560,0.4075,0,0
19561,0.407521,0,0
19562,0.407542,0,0
19563,0.407562,0,0
19564,0.407583,0,0
19565,0.407604,0,0
19566,0.407625,0,0
19567,0.407646,0,0
19568,0.407667,0,0
19569,0.407687,0,0
19570,0.407708,0,0
19571,0.407729,0,0
19572,0.40775,0,0
19573,0.407771,0,0
19574,0.407792,0,0
19575,0.407813,0,0
19576,0.407833,0,0
19577,0.407854,0,0
19578,0.407875,0,0
19579,0.407896,0,0
19580,0.407917,0,0
19581,0.407937,0,0
19582,0.407958,0,0
19583,0.407979,0,0
19584,0.408,0,0
19585,0.408021,0,0
19586,0.408042,0,0
19587,0.408062,0,0
19588,0.408083,0,0
19589,0.408104,0,0
19590,0.408125,0,0
19591,0.408146,0,0
19592,0.408167,0,0
19593,0.408188,0,0
19594,0.408208,0,0
19595,0.408229,0,0
19596,0.40825,0,0
19597,0.408271,0,0
19598,0.408292,0,0
19599,0.408312,0,0
19600,0.408333,0,0
19601,0.408354,0,0
19602,0.408375,0,0
19603,0.408396,0,0
19604,0.408417,0,0
19605,0.408437,0,0
19606,0.408458,0,0
19607,0.408479,0,0
19608,0.4085,0,0
19609,0.408521,0,0
19610,0.408542,0,0
19611,0.408563,0,0
19612,0.408583,0,0
19613,0.408604,0,0
19614,0.408625,0,0
19615,0.408646,0,0
19616,0.408667,0,0
19617,0.408688,0,0
19618,0.408708,0,0
19619,0.408729,0,0
19620,0.40875,0,0
19621,0.408771,0,0
19622,0.408792,0,0
19623,0.408812,0,0
19624,0.408833,0,0
19625,0.408854,0,0
19626,0.408875,0,0
19627,0.408896,0,0
19628,0.408917,0,0
19629,0.408938,0,0
19630,0.408958,0,0
19631,0.408979,0,0
19632,0.409,0,0
19633,0.409021,0,0
19634,0.409042,0,0
19635,0.409063,0,0
19636,0.409083,0,0
19637,0.409104,0,0
19638,0.409125,0,0
19639,0.409146,0,0
19640,0.409167,0,0
19641,0.409187,0,0
19642,0.409208,0,0
19643,0.409229,0,0
19644,0.40925,0,0
19645,0.409271,0,0
19646,0.409292,0,0
19647,0.409312,0,0
19648,0.409333,0,0
19649,0.409354,0,0
19650,0.409375,0,0
19651,0.409396,0,0
19652,0.409417,0,0
19653,0.409438,0,0
19654,0.409458,0,0
19655,0.409479,0,0
19656,0.4095,0,0
19657,0.409521,0,0
19658,0.409542,0,0
19659,0.409562,0,0
19660,0.409583,0,0
19661,0.409604,0,0
19662,0.409625,0,0
19663,0.409646,0,0
19664,0.409667,0,0
19665,0.409687,0,0
19666,0.409708,0,0
19667,0.409729,0,0
19668,0.40975,0,0
19669,0.409771,0,0
19670,0.409792,0,0
19671,0.409813,0,0
19672,0.409833,0,0
19673,0.409854,0,0
19674,0.409875,0,0
19675,0.409896,0,0
19676,0.409917,0,0
19677,0.409938,0,0
19678,0.409958,0,0
19679,0.409979,0,0
19680,0.41,0,0
19681,0.410021,0,0
19682,0.410042,0,0
19683,0.410062,0,0
19684,0.410083,0,0
19685,0.410104,0,0
19686,0.410125,0,0
19687,0.410146,0,0
19688,0.410167,0,0
19689,0.410188,0,0
19690,0.410208,0,0
19691,0.410229,0,0
19692,0.41025,0,0
19693,0.410271,0,0
19694,0.410292,0,0
19695,0.410313,0,0
19696,0.410333,0,0
19697,0.410354,0,0
19698,0.410375,0,0
19699,0.410396,0,0
19700,0.410417,0,0
19701,0.410437,0,0
19702,0.410458,0,0
19703,0.410479,0,0
19704,0.4105,0,0
19705,0.410521,0,0
19706,0.410542,0,0
19707,0.410562,0,0
19708,0.410583,0,0
19709,0.410604,0,0
19710,0.410625,0,0
19711,0.410646,0,0
19712,0.410667,0,0
19713,0.410688,0,0
19714,0.410708,0,0
19715,0.410729,0,0
19716,0.41075,0,0
19717,0.410771,0,0
19718,0.410792,0,0
19719,0.410812,0,0
19720,0.410833,0,0
19721,0.410854,0,0
19722,0.410875,0,0
19723,0.410896,0,0
19724,0.410917,0,0
19725,0.410937,0,0
19726,0.410958,0,0
19727,0.410979,0,0
19728,0.411,0,0
19729,0.411021,0,0
19730,0.411042,0,0
19731,0.411063,0,0
19732,0.411083,0,0
19733,0.411104,0,0
19734,0.411125,0,0
19735,0.411146,0,0
19736,0.411167,0,0
19737,0.411187,0,0
19738,0.411208,0,0
19739,0.411229,0,0
19740,0.41125,0,0
19741,0.411271,0,0
19742,0.411292,0,0
19743,0.411312,0,0
19744,0.411333,0,0
19745,0.411354,0,0
19746,0.411375,0,0
19747,0.411396,0,0
19748,0.411417,0,0
19749,0.411438,0,0
19750,0.411458,0,0
19751,0.411479,0,0
19752,0.4115,0,0
19753,0.411521,0,0
19754,0.411542,0,0
19755,0.411563,0,0
19756,0.411583,0,0
19757,0.411604,0,0
19758,0.411625,0,0
19759,0.411646,0,0
19760,0.411667,0,0
19761,0.411687,0,0
19762,0.411708,0,0
19763,0.411729,0,0
19764,0.41175,0,0
19765,0.411771,0,0
19766,0.411792,0,0
19767,0.411813,0,0
19768,0.411833,0,0
19769,0.411854,0,0
19770,0.411875,0,0
19771,0.411896,0,0
19772,0.411917,0,0
19773,0.411938,0,0
19774,0.411958,0,0
19775,0.411979,0,0
19776,0.412,0,0
19777,0.412021,0,0
19778,0.412042,0,0
19779,0.412062,0,0
19780,0.412083,0,0
19781,0.412104,0,0
19782,0.412125,0,0
19783,0.412146,0,0
19784,0.412167,0,0
19785,0.412187,0,0
19786,0.412208,0,0
19787,0.412229,0,0
19788,0.41225,0,0
19789,0.412271,0,0
19790,0.412292,0,0
19791,0.412313,0,0
19792,0.412333,0,0
19793,0.412354,0,0
19794,0.412375,0,0
19795,0.412396,0,0
19796,0.412417,0,0
19797,0.412437,0,0
19798,0.412458,0,0
19799,0.412479,0,0
19800,0.4125,0,0
19801,0.412521,0,0
19802,0.412542,0,0
19803,0.412562,0,0
19804,0.412583,0,0
19805,0.412604,0,0
19806,0.412625,0,0
19807,0.412646,0,0
19808,0.412667,0,0
19809,0.412688,0,0
19810,0.412708,0,0
19811,0.412729,0,0
19812,0.41275,0,0
19813,0.412771,0,0
19814,0.412792,0,0
19815,0.412813,0,0
19816,0.412833,0,0
19817,0.412854,0,0
19818,0.412875,0,0
19819,0.412896,0,0
19820,0.412917,0,0
19821,0.412937,0,0
19822,0.412958,0,0
19823,0.412979,0,0
19824,0.413,0,0
19825,0.413021,0,0
19826,0.413042,0,0
19827,0.413063,0,0
19828,0.413083,0,0
19829,0.413104,0,0
19830,0.413125,0,0
19831,0.413146,0,0
19832,0.413167,0,0
19833,0.413188,0,0
19834,0.413208,0,0
19835,0.413229,0,0
19836,0.41325,0,0
19837,0.413271,0,0
19838,0.413292,0,0
19839,0.413312,0,0
19840,0.413333,0,0
19841,0.413354,0,0
19842,0.413375,0,0
19843,0.413396,0,0
19844,0.413417,0,0
19845,0.413437,0,0
19846,0.413458,0,0
19847,0.413479,0,0
19848,0.4135,0,0
19849,0.413521,0,0
19850,0.413542,0,0
19851,0.413563,0,0
19852,0.413583,0,0
19853,0.413604,0,0
19854,0.413625,0,0
19855,0.413646,0,0
19856,0.413667,0,0
19857,0.413687,0,0
19858,0.413708,0,0
19859,0.413729,0,0
19860,0.41375,0,0
19861,0.413771,0,0
19862,0.413792,0,0
19863,0.413812,0,0
19864,0.413833,0,0
19865,0.413854,0,0
19866,0.413875,0,0
19867,0.413896,0,0
19868,0.413917,0,0
19869,0.413938,0,0
19870,0.413958,0,0
19871,0.413979,0,0
19872,0.414,0,0
19873,0.414021,0,0
19874,0.414042,0,0
19875,0.414062,0,0
19876,0.414083,0,0
19877,0.414104,0,0
19878,0.414125,0,0
19879,0.414146,0,0
19880,0.414167,0,0
19881,0.414187,0,0
19882,0.414208,0,0
19883,0.414229,0,0
19884,0.41425,0,0
19885,0.414271,0,0
19886,0.414292,0,0
19887,0.414313,0,0
19888,0.414333,0,0
19889,0.414354,0,0
19890,0.414375,0,0
19891,0.414396,0,0
19892,0.414417,0,0
19893,0.414438,0,0
19894,0.414458,0,0
19895,0.414479,0,0
19896,0.4145,0,0
19897,0.414521,0,0
19898,0.414542,0,0
19899,0.414562,0,0
19900,0.414583,0,0
19901,0.414604,0,0
19902,0.414625,0,0
19903,0.414646,0,0
19904,0.414667,0,0
19905,0.414688,0,0
19906,0.414708,0,0
19907,0.414729,0,0
19908,0.41475,0,0
19909,0.414771,0,0
19910,0.414792,0,0
19911,0.414813,0,0
19912,0.414833,0,0
19913,0.414854,0,0
19914,0.414875,0,0
19915,0.414896,0,0
19916,0.414917,0,0
19917,0.414937,0,0
19918,0.414958,0,0
19919,0.414979,0,0
19920,0.415,0,0
19921,0.415021,0,0
19922,0.415042,0,0
19923,0.415062,0,0
19924,0.415083,0,0
19925,0.415104,0,0
19926,0.415125,0,0
19927,0.415146,0,0
19928,0.415167,0,0
19929,0.415188,0,0
19930,0.415208,0,0
19931,0.415229,0,0
19932,0.41525,0,0
19933,0.415271,0,0
19934,0.415292,0,0
19935,0.415312,0,0
19936,0.415333,0,0
19937,0.415354,0,0
19938,0.415375,0,0
19939,0.415396,0,0
19940,0.415417,0,0
19941,0.415437,0,0
19942,0.415458,0,0
19943,0.415479,0,0
19944,0.4155,0,0
19945,0.415521,0,0
19946,0.415542,0,0
19947,0.415563,0,0
19948,0.415583,0,0
19949,0.415604,0,0
19950,0.415625,0,0
19951,0.415646,0,0
19952,0.415667,0,0
19953,0.415688,0,0
19954,0.415708,0,0
19955,0.415729,0,0
19956,0.41575,0,0
19957,0.415771,0,0
19958,0.415792,0,0
19959,0.415812,0,0
19960,0.415833,0,0
19961,0.415854,0,0
19962,0.415875,0,0
19963,0.415896,0,0
19964,0.415917,0,0
19965,0.415938,0,0
19966,0.415958,0,0
19967,0.415979,0,0
19968,0.416,0,0
19969,0.416021,0,0
19970,0.416042,0,0
19971,0.416063,0,0
19972,0.416083,0,0
19973,0.416104,0,0
19974,0.416125,0,0
19975,0.416146,0,0
19976,0.416167,0,0
19977,0.416187,0,0
19978,0.416208,0,0
19979,0.416229,0,0
19980,0.41625,0,0
19981,0.416271,0,0
19982,0.416292,0,0
19983,0.416312,0,0
19984,0.416333,0,0
19985,0.416354,0,0
19986,0.416375,0,0
19987,0.416396,0,0
19988,0.416417,0,0
19989,0.416438,0,0
19990,0.416458,0,0
19991,0.416479,0,0
19992,0.4165,0,0
19993,0.416521,0,0
19994,0.416542,0,0
19995,0.416562,0,0
19996,0.416583,0,0
19997,0.416604,0,0
19998,0.416625,0,0
19999,0.416646,0,0
20000,0.416667,0,0
20001,0.416687,0,0
20002,0.416708,0,0
20003,0.416729,0,0
20004,0.41675,0,0
20005,0.416771,0,0
20006,0.416792,0,0
20007,0.416813,0,0
20008,0.416833,0,0
20009,0.416854,0,0
20010,0.416875,0,0
20011,0.416896,0,0
20012,0.416917,0,0
20013,0.416938,0,0
20014,0.416958,0,0
20015,0.416979,0,0
20016,0.417,0,0
20017,0.417021,0,0
20018,0.417042,0,0
20019,0.417062,0,0
20020,0.417083,0,0
20021,0.417104,0,0
20022,0.417125,0,0
20023,0.417146,0,0
20024,0.417167,0,0
20025,0.417188,0,0
20026,0.417208,0,0
20027,0.417229,0,0
20028,0.41725,0,0
20029,0.417271,0,0
20030,0.417292,0,0
20031,0.417313,0,0
20032,0.417333,0,0
20033,0.417354,0,0
20034,0.417375,0,0
20035,0.417396,0,0
20036,0.417417,0,0
20037,0.417437,0,0
20038,0.417458,0,0
20039,0.417479,0,0
20040,0.4175,0,0
20041,0.417521,0,0
20042,0.417542,0,0
20043,0.417563,0,0
20044,0.417583,0,0
20045,0.417604,0,0
20046,0.417625,0,0
20047,0.417646,0,0
20048,0.417667,0,0
20049,0.417688,0,0
20050,0.417708,0,0
20051,0.417729,0,0
20052,0.41775,0,0
20053,0.417771,0,0
20054,0.417792,0,0
20055,0.417812,0,0
20056,0.417833,0,0
20057,0.417854,0,0
20058,0.417875,0,0
20059,0.417896,0,0
20060,0.417917,0,0
20061,0.417937,0,0
20062,0.417958,0,0
20063,0.417979,0,0
20064,0.418,0,0
20065,0.418021,0,0
20066,0.418042,0,0
20067,0.418063,0,0
20068,0.418083,0,0
20069,0.418104,0,0
20070,0.418125,0,0
20071,0.418146,0,0
20072,0.418167,0,0
20073,0.418187,0,0
20074,0.418208,0,0
20075,0.418229,0,0
20076,0.41825,0,0
20077,0.418271,0,0
20078,0.418292,0,0
20079,0.418312,0,0
20080,0.418333,0,0
20081,0.418354,0,0
20082,0.418375,0,0
20083,0.418396,0,0
20084,0.418417,0,0
20085,0.418438,0,0
20086,0.418458,0,0
20087,0.418479,0,0
20088,0.4185,0,0
20089,0.418521,0,0
20090,0.418542,0,0
20091,0.418563,0,0
20092,0.418583,0,0
20093,0.418604,0,0
20094,0.418625,0,0
20095,0.418646,0,0
20096,0.418667,0,0
20097,0.418687,0,0
20098,0.418708,0,0
20099,0.418729,0,0
20100,0.41875,0,0
20101,0.418771,0,0
20102,0.418792,0,0
20103,0.418813,0,0
20104,0.418833,0,0
20105,0.418854,0,0
20106,0.418875,0,0
20107,0.418896,0,0
20108,0.418917,0,0
20109,0.418938,0,0
20110,0.418958,0,0
20111,0.418979,0,0
20112,0.419,0,0
20113,0.419021,0,0
20114,0.419042,0,0
20115,0.419062,0,0
20116,0.419083,0,0
20117,0.419104,0,0
20118,0.419125,0,0
20119,0.419146,0,0
20120,0.419167,0,0
20121,0.419187,0,0
20122,0.419208,0,0
20123,0.419229,0,0
20124,0.41925,0,0
20125,0.419271,0,0
20126,0.419292,0,0
20127,0.419313,0,0
20128,0.419333,0,0
20129,0.419354,0,0
20130,0.419375,0,0
20131,0.419396,0,0
20132,0.419417,0,0
20133,0.419437,0,0
20134,0.419458,0,0
20135,0.419479,0,0
20136,0.4195,0,0
20137,0.419521,0,0
20138,0.419542,0,0
20139,0.419562,0,0
20140,0.419583,0,0
20141,0.419604,0,0
20142,0.419625,0,0
20143,0.419646,0,0
20144,0.419667,0,0
20145,0.419688,0,0
20146,0.419708,0,0
20147,0.419729,0,0
20148,0.41975,0,0
20149,0.419771,0,0
20150,0.419792,0,0
20151,0.419813,0,0
20152,0.419833,0,0
20153,0.419854,0,0
20154,0.419875,0,0
20155,0.419896,0,0
20156,0.419917,0,0
20157,0.419937,0,0
20158,0.419958,0,0
20159,0.419979,0,0
20160,0.42,0,0
20161,0.420021,0,0
20162,0.420042,0,0
20163,0.420063,0,0
20164,0.420083,0,0
20165,0.420104,0,0
20166,0.420125,0,0
20167,0.420146,0,0
20168,0.420167,0,0
20169,0.420188,0,0
20170,0.420208,0,0
20171,0.420229,0,0
20172,0.42025,0,0
20173,0.420271,0,0
20174,0.420292,0,0
20175,0.420312,0,0
20176,0.420333,0,0
20177,0.420354,0,0
20178,0.420375,0,0
20179,0.420396,0,0
20180,0.420417,0,0
20181,0.420438,0,0
20182,0.420458,0,0
20183,0.420479,0,0
20184,0.4205,0,0
20185,0.420521,0,0
20186,0.420542,0,0
20187,0.420563,0,0
20188,0.420583,0,0
20189,0.420604,0,0
20190,0.420625,0,0
20191,0.420646,0,0
20192,0.420667,0,0
20193,0.420687,0,0
20194,0.420708,0,0
20195,0.420729,0,0
20196,0.42075,0,0
20197,0.420771,0,0
20198,0.420792,0,0
20199,0.420812,0,0
20200,0.420833,0,0
20201,0.420854,0,0
20202,0.420875,0,0
20203,0.420896,0,0
20204,0.420917,0,0
20205,0.420938,0,0
20206,0.420958,0,0
20207,0.420979,0,0
20208,0.421,0,0
20209,0.421021,0,0
20210,0.421042,0,0
20211,0.421062,0,0
20212,0.421083,0,0
20213,0.421104,0,0
20214,0.421125,0,0
20215,0.421146,0,0
20216,0.421167,0,0
20217,0.421187,0,0
20218,0.421208,0,0
20219,0.421229,0,0
20220,0.42125,0,0
20221,0.421271,0,0
20222,0.421292,0,0
20223,0.421313,0,0
20224,0.421333,0,0
20225,0.421354,0,0
20226,0.421375,0,0
20227,0.421396,0,0
20228,0.421417,0,0
20229,0.421438,0,0
20230,0.421458,0,0
20231,0.421479,0,0
20232,0.4215,0,0
20233,0.421521,0,0
20234,0.421542,0,0
20235,0.421562,0,0
20236,0.421583,0,0
20237,0.421604,0,0
20238,0.421625,0,0
20239,0.421646,0,0
20240,0.421667,0,0
20241,0.421688,0,0
20242,0.421708,0,0
20243,0.421729,0,0
20244,0.42175,0,0
20245,0.421771,0,0
20246,0.421792,0,0
20247,0.421813,0,0
20248,0.421833,0,0
20249,0.421854,0,0
20250,0.421875,0,0
20251,0.421896,0,0
20252,0.421917,0,0
20253,0.421937,0,0
20254,0.421958,0,0
20255,0.421979,0,0
20256,0.422,0,0
20257,0.422021,0,0
20258,0.422042,0,0
20259,0.422062,0,0
20260,0.422083,0,0
20261,0.422104,0,0
20262,0.422125,0,0
20263,0.422146,0,0
20264,0.422167,0,0
20265,0.422188,0,0
20266,0.422208,0,0
20267,0.422229,0,0
20268,0.42225,0,0
20269,0.422271,0,0
20270,0.422292,0,0
20271,0.422312,0,0
20272,0.422333,0,0
20273,0.422354,0,0
20274,0.422375,0,0
20275,0.422396,0,0
20276,0.422417,0,0
20277,0.422437,0,0
20278,0.422458,0,0
20279,0.422479,0,0
20280,0.4225,0,0
20281,0.422521,0,0
20282,0.422542,0,0
20283,0.422563,0,0
20284,0.422583,0,0
20285,0.422604,0,0
20286,0.422625,0,0
20287,0.422646,0,0
20288,0.422667,0,0
20289,0.422688,0,0
20290,0.422708,0,0
20291,0.422729,0,0
20292,0.42275,0,0
20293,0.422771,0,0
20294,0.422792,0,0
20295,0.422812,0,0
20296,0.422833,0,0
20297,0.422854,0,0
20298,0.422875,0,0
20299,0.422896,0,0
20300,0.422917,0,0
20301,0.422938,0,0
20302,0.422958,0,0
20303,0.422979,0,0
20304,0.423,0,0
20305,0.423021,0,0
20306,0.423042,0,0
20307,0.423063,0,0
20308,0.423083,0,0
20309,0.423104,0,0
20310,0.423125,0,0
20311,0.423146,0,0
20312,0.423167,0,0
20313,0.423187,0,0
20314,0.423208,0,0
20315,0.423229,0,0
20316,0.42325,0,0
20317,0.423271,0,0
20318,0.423292,0,0
20319,0.423312,0,0
20320,0.423333,0,0
20321,0.423354,0,0
20322,0.423375,0,0
20323,0.423396,0,0
20324,0.423417,0,0
20325,0.423438,0,0
20326,0.423458,0,0
20327,0.423479,0,0
20328,0.4235,0,0
20329,0.423521,0,0
20330,0.423542,0,0
20331,0.423562,0,0
20332,0.423583,0,0
20333,0.423604,0,0
20334,0.423625,0,0
20335,0.423646,0,0
20336,0.423667,0,0
20337,0.423687,0,0
20338,0.423708,0,0
20339,0.423729,0,0
20340,0.42375,0,0
20341,0.423771,0,0
20342,0.423792,0,0
20343,0.423813,0,0
20344,0.423833,0,0
20345,0.423854,0,0
20346,0.423875,0,0
20347,0.423896,0,0
20348,0.423917,0,0
20349,0.423937,0,0
20350,0.423958,0,0
20351,0.423979,0,0
20352,0.424,0,0
20353,0.424021,0,0
20354,0.424042,0,0
20355,0.424062,0,0
20356,0.424083,0,0
20357,0.424104,0,0
20358,0.424125,0,0
20359,0.424146,0,0
20360,0.424167,0,0
20361,0.424188,0,0
20362,0.424208,0,0
20363,0.424229,0,0
20364,0.42425,0,0
20365,0.424271,0,0
20366,0.424292,0,0
20367,0.424313,0,0
20368,0.424333,0,0
20369,0.424354,0,0
20370,0.424375,0,0
20371,0.424396,0,0
20372,0.424417,0,0
20373,0.424437,0,0
20374,0.424458,0,0
20375,0.424479,0,0
20376,0.4245,0,0
20377,0.424521,0,0
20378,0.424542,0,0
20379,0.424563,0,0
20380,0.424583,0,0
20381,0.424604,0,0
20382,0.424625,0,0
20383,0.424646,0,0
20384,0.424667,0,0
20385,0.424688,0,0
20386,0.424708,0,0
20387,0.424729,0,0
20388,0.42475,0,0
20389,0.424771,0,0
20390,0.424792,0,0
20391,0.424812,0,0
20392,0.424833,0,0
20393,0.424854,0,0
20394,0.424875,0,0
20395,0.424896,0,0
20396,0.424917,0,0
20397,0.424937,0,0
20398,0.424958,0,0
20399,0.424979,0,0
20400,0.425,0,0
20401,0.425021,0,0
20402,0.425042,0,0
20403,0.425063,0,0
20404,0.425083,0,0
20405,0.425104,0,0
20406,0.425125,0,0
20407,0.425146,0,0
20408,0.425167,0,0
20409,0.425187,0,0
20410,0.425208,0,0
20411,0.425229,0,0
20412,0.42525,0,0
20413,0.425271,0,0
20414,0.425292,0,0
20415,0.425312,0,0
20416,0.425333,0,0
20417,0.425354,0,0
20418,0.425375,0,0
20419,0.425396,0,0
20420,0.425417,0,0
20421,0.425438,0,0
20422,0.425458,0,0
20423,0.425479,0,0
20424,0.4255,0,0
20425,0.425521,0,0
20426,0.425542,0,0
20427,0.425563,0,0
20428,0.425583,0,0
20429,0.425604,0,0
20430,0.425625,0,0
20431,0.425646,0,0
20432,0.425667,0,0
20433,0.425687,0,0
20434,0.425708,0,0
20435,0.425729,0,0
20436,0.42575,0,0
20437,0.425771,0,0
20438,0.425792,0,0
20439,0.425813,0,0
20440,0.425833,0,0
20441,0.425854,0,0
20442,0.425875,0,0
20443,0.425896,0,0
20444,0.425917,0,0
20445,0.425938,0,0
20446,0.425958,0,0
20447,0.425979,0,0
20448,0.426,0,0
20449,0.426021,0,0
20450,0.426042,0,0
20451,0.426062,0,0
20452,0.426083,0,0
20453,0.426104,0,0
20454,0.426125,0,0
20455,0.426146,0,0
20456,0.426167,0,0
20457,0.426187,0,0
20458,0.426208,0,0
20459,0.426229,0,0
20460,0.42625,0,0
20461,0.426271,0,0
20462,0.426292,0,0
20463,0.426313,0,0
20464,0.426333,0,0
20465,0.426354,0,0
20466,0.426375,0,0
20467,0.426396,0,0
20468,0.426417,0,0
20469,0.426437,0,0
20470,0.426458,0,0
20471,0.426479,0,0
20472,0.4265,0,0
20473,0.426521,0,0
20474,0.426542,0,0
20475,0.426562,0,0
20476,0.426583,0,0
20477,0.426604,0,0
20478,0.426625,0,0
20479,0.426646,0,0
20480,0.426667,0,0
20481,0.426688,0,0
20482,0.426708,0,0
20483,0.426729,0,0
20484,0.42675,0,0
20485,0.426771,0,0
20486,0.426792,0,0
20487,0.426812,0,0
20488,0.426833,0,0
20489,0.426854,0,0
20490,0.426875,0,0
20491,0.426896,0,0
20492,0.426917,0,0
20493,0.426937,0,0
20494,0.426958,0,0
20495,0.426979,0,0
20496,0.427,0,0
20497,0.427021,0,0
20498,0.427042,0,0
20499,0.427063,0,0
20500,0.427083,0,0
20501,0.427104,0,0
20502,0.427125,0,0
20503,0.427146,0,0
20504,0.427167,0,0
20505,0.427188,0,0
20506,0.427208,0,0
20507,0.427229,0,0
20508,0.42725,0,0
20509,0.427271,0,0
20510,0.427292,0,0
20511,0.427312,0,0
20512,0.427333,0,0
20513,0.427354,0,0
20514,0.427375,0,0
20515,0.427396,0,0
20516,0.427417,0,0
20517,0.427438,0,0
20518,0.427458,0,0
20519,0.427479,0,0
20520,0.4275,0,0
20521,0.427521,0,0
20522,0.427542,0,0
20523,0.427563,0,0
20524,0.427583,0,0
20525,0.427604,0,0
20526,0.427625,0,0
20527,0.427646,0,0
20528,0.427667,0,0
20529,0.427687,0,0
20530,0.427708,0,0
20531,0.427729,0,0
20532,0.42775,0,0
20533,0.427771,0,0
20534,0.427792,0,0
20535,0.427812,0,0
20536,0.427833,0,0
20537,0.427854,0,0
20538,0.427875,0,0
20539,0.427896,0,0
20540,0.427917,0,0
20541,0.427938,0,0
20542,0.427958,0,0
20543,0.427979,0,0
20544,0.428,0,0
20545,0.428021,0,0
20546,0.428042,0,0
20547,0.428062,0,0
20548,0.428083,0,0
20549,0.428104,0,0
20550,0.428125,0,0
20551,0.428146,0,0
20552,0.428167,0,0
20553,0.428187,0,0
20554,0.428208,0,0
20555,0.428229,0,0
20556,0.42825,0,0
20557,0.428271,0,0
20558,0.428292,0,0
20559,0.428313,0,0
20560,0.428333,0,0
20561,0.428354,0,0
20562,0.428375,0,0
20563,0.428396,0,0
20564,0.428417,0,0
20565,0.428438,0,0
20566,0.428458,0,0
20567,0.428479,0,0
20568,0.4285,0,0
20569,0.428521,0,0
20570,0.428542,0,0
20571,0.428562,0,0
20572,0.428583,0,0
20573,0.428604,0,0
20574,0.428625,0,0
20575,0.428646,0,0
20576,0.428667,0,0
20577,0.428688,0,0
20578,0.428708,0,0
20579,0.428729,0,0
20580,0.42875,0,0
20581,0.428771,0,0
20582,0.428792,0,0
20583,0.428813,0,0
20584,0.428833,0,0
20585,0.428854,0,0
20586,0.428875,0,0
20587,0.428896,0,0
20588,0.428917,0,0
20589,0.428937,0,0
20590,0.428958,0,0
20591,0.428979,0,0
20592,0.429,0,0
20593,0.429021,0,0
20594,0.429042,0,0
20595,0.429062,0,0
20596,0.429083,0,0
20597,0.429104,0,0
20598,0.429125,0,0
20599,0.429146,0,0
20600,0.429167,0,0
20601,0.429188,0,0
20602,0.429208,0,0
20603,0.429229,0,0
20604,0.42925,0,0
20605,0.429271,0,0
20606,0.429292,0,0
20607,0.429312,0,0
20608,0.429333,0,0
20609,0.429354,0,0
20610,0.429375,0,0
20611,0.429396,0,0
20612,0.429417,0,0
20613,0.429437,0,0
20614,0.429458,0,0
20615,0.429479,0,0
20616,0.4295,0,0
20617,0.429521,0,0
20618,0.429542,0,0
20619,0.429563,0,0
20620,0.429583,0,0
20621,0.429604,0,0
20622,0.429625,0,0
20623,0.429646,0,0
20624,0.429667,0,0
20625,0.429688,0,0
20626,0.429708,0,0
20627,0.429729,0,0
20628,0.42975,0,0
20629,0.429771,0,0
20630,0.429792,0,0
20631,0.429812,0,0
20632,0.429833,0,0
20633,0.429854,0,0
20634,0.429875,0,0
20635,0.429896,0,0
20636,0.429917,0,0
20637,0.429938,0,0
20638,0.429958,0,0
20639,0.429979,0,0
20640,0.43,0,0
20641,0.430021,0,0
20642,0.430042,0,0
20643,0.430063,0,0
20644,0.430083,0,0
20645,0.430104,0,0
20646,0.430125,0,0
20647,0.430146,0,0
20648,0.430167,0,0
20649,0.430187,0,0
20650,0.430208,0,0
20651,0.430229,0,0
20652,0.43025,0,0
20653,0.430271,0,0
20654,0.430292,0,0
20655,0.430313,0,0
20656,0.430333,0,0
20657,0.430354,0,0
20658,0.430375,0,0
20659,0.430396,0,0
20660,0.430417,0,0
20661,0.430438,0,0
20662,0.430458,0,0
20663,0.430479,0,0
20664,0.4305,0,0
20665,0.430521,0,0
20666,0.430542,0,0
20667,0.430562,0,0
20668,0.430583,0,0
20669,0.430604,0,0
20670,0.430625,0,0
20671,0.430646,0,0
20672,0.430667,0,0
20673,0.430687,0,0
20674,0.430708,0,0
20675,0.430729,0,0
20676,0.43075,0,0
20677,0.430771,0,0
20678,0.430792,0,0
20679,0.430813,0,0
20680,0.430833,0,0
20681,0.430854,0,0
20682,0.430875,0,0
20683,0.430896,0,0
20684,0.430917,0,0
20685,0.430937,0,0
20686,0.430958,0,0
20687,0.430979,0,0
20688,0.431,0,0
20689,0.431021,0,0
20690,0.431042,0,0
20691,0.431062,0,0
20692,0.431083,0,0
20693,0.431104,0,0
20694,0.431125,0,0
20695,0.431146,0,0
20696,0.431167,0,0
20697,0.431188,0,0
20698,0.431208,0,0
20699,0.431229,0,0
20700,0.43125,0,0
20701,0.431271,0,0
20702,0.431292,0,0
20703,0.431313,0,0
20704,0.431333,0,0
20705,0.431354,0,0
20706,0.431375,0,0
20707,0.431396,0,0
20708,0.431417,0,0
20709,0.431437,0,0
20710,0.431458,0,0
20711,0.431479,0,0
20712,0.4315,0,0
20713,0.431521,0,0
20714,0.431542,0,0
20715,0.431563,0,0
20716,0.431583,0,0
20717,0.431604,0,0
20718,0.431625,0,0
20719,0.431646,0,0
20720,0.431667,0,0
20721,0.431688,0,0
20722,0.431708,0,0
20723,0.431729,0,0
20724,0.43175,0,0
20725,0.431771,0,0
20726,0.431792,0,0
20727,0.431812,0,0
20728,0.431833,0,0
20729,0.431854,0,0
20730,0.431875,0,0
20731,0.431896,0,0
20732,0.431917,0,0
20733,0.431937,0,0
20734,0.431958,0,0
20735,0.431979,0,0
20736,0.432,0,0
20737,0.432021,0,0
20738,0.432042,0,0
20739,0.432063,0,0
20740,0.432083,0,0
20741,0.432104,0,0
20742,0.432125,0,0
20743,0.432146,0,0
20744,0.432167,0,0
20745,0.432187,0,0
20746,0.432208,0,0
20747,0.432229,0,0
20748,0.43225,0,0
20749,0.432271,0,0
20750,0.432292,0,0
20751,0.432312,0,0
20752,0.432333,0,0
20753,0.432354,0,0
20754,0.432375,0,0
20755,0.432396,0,0
20756,0.432417,0,0
20757,0.432438,0,0
20758,0.432458,0,0
20759,0.432479,0,0
20760,0.4325,0,0
20761,0.432521,0,0
20762,0.432542,0,0
20763,0.432563,0,0
20764,0.432583,0,0
20765,0.432604,0,0
20766,0.432625,0,0
20767,0.432646,0,0
20768,0.432667,0,0
20769,0.432687,0,0
20770,0.432708,0,0
20771,0.432729,0,0
20772,0.43275,0,0
20773,0.432771,0,0
20774,0.432792,0,0
20775,0.432813,0,0
20776,0.432833,0,0
20777,0.432854,0,0
20778,0.432875,0,0
20779,0.432896,0,0
20780,0.432917,0,0
20781,0.432938,0,0
20782,0.432958,0,0
20783,0.432979,0,0
20784,0.433,0,0
20785,0.433021,0,0
20786,0.433042,0,0
20787,0.433062,0,0
20788,0.433083,0,0
20789,0.433104,0,0
20790,0.433125,0,0
20791,0.433146,0,0
20792,0.433167,0,0
20793,0.433188,0,0
20794,0.433208,0,0
20795,0.433229,0,0
20796,0.43325,0,0
20797,0.433271,0,0
20798,0.433292,0,0
20799,0.433313,0,0
20800,0.433333,0,0
20801,0.433354,0,0
20802,0.433375,0,0
20803,0.433396,0,0
20804,0.433417,0,0
20805,0.433437,0,0
20806,0.433458,0,0
20807,0.433479,0,0
20808,0.4335,0,0
20809,0.433521,0,0
20810,0.433542,0,0
20811,0.433562,0,0
20812,0.433583,0,0
20813,0.433604,0,0
20814,0.433625,0,0
20815,0.433646,0,0
20816,0.433667,0,0
20817,0.433688,0,0
20818,0.433708,0,0
20819,0.433729,0,0
20820,0.43375,0,0
20821,0.433771,0,0
20822,0.433792,0,0
20823,0.433812,0,0
20824,0.433833,0,0
20825,0.433854,0,0
20826,0.433875,0,0
20827,0.433896,0,0
20828,0.433917,0,0
20829,0.433937,0,0
20830,0.433958,0,0
20831,0.433979,0,0
20832,0.434,0,0
20833,0.434021,0,0
20834,0.434042,0,0
20835,0.434063,0,0
20836,0.434083,0,0
20837,0.434104,0,0
20838,0.434125,0,0
20839,0.434146,0,0
20840,0.434167,0,0
20841,0.434188,0,0
20842,0.434208,0,0
20843,0.434229,0,0
20844,0.43425,0,0
20845,0.434271,0,0
20846,0.434292,0,0
20847,0.434312,0,0
20848,0.434333,0,0
20849,0.434354,0,0
20850,0.434375,0,0
20851,0.434396,0,0
20852,0.434417,0,0
20853,0.434438,0,0
20854,0.434458,0,0
20855,0.434479,0,0
20856,0.4345,0,0
20857,0.434521,0,0
20858,0.434542,0,0
20859,0.434563,0,0
20860,0.434583,0,0
20861,0.434604,0,0
20862,0.434625,0,0
20863,0.434646,0,0
20864,0.434667,0,0
20865,0.434687,0,0
20866,0.434708,0,0
20867,0.434729,0,0
20868,0.43475,0,0
20869,0.434771,0,0
20870,0.434792,0,0
20871,0.434812,0,0
20872,0.434833,0,0
20873,0.434854,0,0
20874,0.434875,0,0
20875,0.434896,0,0
20876,0.434917,0,0
20877,0.434938,0,0
20878,0.434958,0,0
20879,0.434979,0,0
20880,0.435,0,0
20881,0.435021,0,0
20882,0.435042,0,0
20883,0.435062,0,0
20884,0.435083,0,0
20885,0.435104,0,0
20886,0.435125,0,0
20887,0.435146,0,0
20888,0.435167,0,0
20889,0.435187,0,0
20890,0.435208,0,0
20891,0.435229,0,0
20892,0.43525,0,0
20893,0.435271,0,0
20894,0.435292,0,0
20895,0.435313,0,0
20896,0.435333,0,0
20897,0.435354,0,0
20898,0.435375,0,0
20899,0.435396,0,0
20900,0.435417,0,0
20901,0.435438,0,0
20902,0.435458,0,0
20903,0.435479,0,0
20904,0.4355,0,0
20905,0.435521,0,0
20906,0.435542,0,0
20907,0.435562,0,0
20908,0.435583,0,0
20909,0.435604,0,0
20910,0.435625,0,0
20911,0.435646,0,0
20912,0.435667,0,0
20913,0.435688,0,0
20914,0.435708,0,0
20915,0.435729,0,0
20916,0.43575,0,0
20917,0.435771,0,0
20918,0.435792,0,0
20919,0.435813,0,0
20920,0.435833,0,0
20921,0.435854,0,0
20922,0.435875,0,0
20923,0.435896,0,0
20924,0.435917,0,0
20925,0.435937,0,0
20926,0.435958,0,0
20927,0.435979,0,0
20928,0.436,0,0
20929,0.436021,0,0
20930,0.436042,0,0
20931,0.436063,0,0
20932,0.436083,0,0
20933,0.436104,0,0
20934,0.436125,0,0
20935,0.436146,0,0
20936,0.436167,0,0
20937,0.436188,0,0
20938,0.436208,0,0
20939,0.436229,0,0
20940,0.43625,0,0
20941,0.436271,0,0
20942,0.436292,0,0
20943,0.436312,0,0
20944,0.436333,0,0
20945,0.436354,0,0
20946,0.436375,0,0
20947,0.436396,0,0
20948,0.436417,0,0
20949,0.436437,0,0
20950,0.436458,0,0
20951,0.436479,0,0
20952,0.4365,0,0
20953,0.436521,0,0
20954,0.436542,0,0
20955,0.436563,0,0
20956,0.436583,0,0
20957,0.436604,0,0
20958,0.436625,0,0
20959,0.436646,0,0
20960,0.436667,0,0
20961,0.436687,0,0
20962,0.436708,0,0
20963,0.436729,0,0
20964,0.43675,0,0
20965,0.436771,0,0
20966,0.436792,0,0
20967,0.436812,0,0
20968,0.436833,0,0
20969,0.436854,0,0
20970,0.436875,0,0
20971,0.436896,0,0
20972,0.436917,0,0
20973,0.436938,0,0
20974,0.436958,0,0
20975,0.436979,0,0
20976,0.437,0,0
20977,0.437021,0,0
20978,0.437042,0,0
20979,0.437063,0,0
20980,0.437083,0,0
20981,0.437104,0,0
20982,0.437125,0,0
20983,0.437146,0,0
20984,0.437167,0,0
20985,0.437187,0,0
20986,0.437208,0,0
20987,0.437229,0,0
20988,0.43725,0,0
20989,0.437271,0,0
20990,0.437292,0,0
20991,0.437313,0,0
20992,0.437333,0,0
20993,0.437354,0,0
20994,0.437375,0,0
20995,0.437396,0,0
20996,0.437417,0,0
20997,0.437438,0,0
20998,0.437458,0,0
20999,0.437479,0,0
21000,0.4375,0,0
21001,0.437521,0,0
21002,0.437542,0,0
21003,0.437562,0,0
21004,0.437583,0,0
21005,0.437604,0,0
21006,0.437625,0,0
21007,0.437646,0,0
21008,0.437667,0,0
21009,0.437687,0,0
21010,0.437708,0,0
21011,0.437729,0,0
21012,0.43775,0,0
21013,0.437771,0,0
21014,0.437792,0,0
21015,0.437813,0,0
21016,0.437833,0,0
21017,0.437854,0,0
21018,0.437875,0,0
21019,0.437896,0,0
21020,0.437917,0,0
21021,0.437937,0,0
21022,0.437958,0,0
21023,0.437979,0,0
21024,0.438,0,0
21025,0.438021,0,0
21026,0.438042,0,0
21027,0.438062,0,0
21028,0.438083,0,0
21029,0.438104,0,0
21030,0.438125,0,0
21031,0.438146,0,0
21032,0.438167,0,0
21033,0.438188,0,0
21034,0.438208,0,0
21035,0.438229,0,0
21036,0.43825,0,0
21037,0.438271,0,0
21038,0.438292,0,0
21039,0.438313,0,0
21040,0.438333,0,0
21041,0.438354,0,0
21042,0.438375,0,0
21043,0.438396,0,0
21044,0.438417,0,0
21045,0.438437,0,0
21046,0.438458,0,0
21047,0.438479,0,0
21048,0.4385,0,0
21049,0.438521,0,0
21050,0.438542,0,0
21051,0.438563,0,0
21052,0.438583,0,0
21053,0.438604,0,0
21054,0.438625,0,0
21055,0.438646,0,0
21056,0.438667,0,0
21057,0.438688,0,0
21058,0.438708,0,0
21059,0.438729,0,0
21060,0.43875,0,0
21061,0.438771,0,0
21062,0.438792,0,0
21063,0.438812,0,0
21064,0.438833,0,0
21065,0.438854,0,0
21066,0.438875,0,0
21067,0.438896,0,0
21068,0.438917,0,0
21069,0.438937,0,0
21070,0.438958,0,0
21071,0.438979,0,0
21072,0.439,0,0
21073,0.439021,0,0
21074,0.439042,0,0
21075,0.439063,0,0
21076,0.439083,0,0
21077,0.439104,0,0
21078,0.439125,0,0
21079,0.439146,0,0
21080,0.439167,0,0
21081,0.439187,0,0
21082,0.439208,0,0
21083,0.439229,0,0
21084,0.43925,0,0
21085,0.439271,0,0
21086,0.439292,0,0
21087,0.439312,0,0
21088,0.439333,0,0
21089,0.439354,0,0
21090,0.439375,0,0
21091,0.439396,0,0
21092,0.439417,0,0
21093,0.439438,0,0
21094,0.439458,0,0
21095,0.439479,0,0
21096,0.4395,0,0
21097,0.439521,0,0
21098,0.439542,0,0
21099,0.439562,0,0
21100,0.439583,0,0
21101,0.439604,0,0
21102,0.439625,0,0
21103,0.439646,0,0
21104,0.439667,0,0
21105,0.439687,0,0
21106,0.439708,0,0
21107,0.439729,0,0
21108,0.43975,0,0
21109,0.439771,0,0
21110,0.439792,0,0
21111,0.439813,0,0
21112,0.439833,0,0
21113,0.439854,0,0
21114,0.439875,0,0
21115,0.439896,0,0
21116,0.439917,0,0
21117,0.439938,0,0
21118,0.439958,0,0
21119,0.439979,0,0
21120,0.44,0,0
21121,0.440021,0,0
21122,0.440042,0,0
21123,0.440062,0,0
21124,0.440083,0,0
21125,0.440104,0,0
21126,0.440125,0,0
21127,0.440146,0,0
21128,0.440167,0,0
21129,0.440188,0,0
21130,0.440208,0,0
21131,0.440229,0,0
21132,0.44025,0,0
21133,0.440271,0,0
21134,0.440292,0,0
21135,0.440313,0,0
21136,0.440333,0,0
21137,0.440354,0,0
21138,0.440375,0,0
21139,0.440396,0,0
21140,0.440417,0,0
21141,0.440437,0,0
21142,0.440458,0,0
21143,0.440479,0,0
21144,0.4405,0,0
21145,0.440521,0,0
21146,0.440542,0,0
21147,0.440562,0,0
21148,0.440583,0,0
21149,0.440604,0,0
21150,0.440625,0,0
21151,0.440646,0,0
21152,0.440667,0,0
21153,0.440688,0,0
21154,0.440708,0,0
21155,0.440729,0,0
21156,0.44075,0,0
21157,0.440771,0,0
21158,0.440792,0,0
21159,0.440812,0,0
21160,0.440833,0,0
21161,0.440854,0,0
21162,0.440875,0,0
21163,0.440896,0,0
21164,0.440917,0,0
21165,0.440937,0,0
21166,0.440958,0,0
21167,0.440979,0,0
21168,0.441,0,0
21169,0.441021,0,0
21170,0.441042,0,0
21171,0.441063,0,0
21172,0.441083,0,0
21173,0.441104,0,0
21174,0.441125,0,0
21175,0.441146,0,0
21176,0.441167,0,0
21177,0.441188,0,0
21178,0.441208,0,0
21179,0.441229,0,0
21180,0.44125,0,0
21181,0.441271,0,0
21182,0.441292,0,0
21183,0.441312,0,0
21184,0.441333,0,0
21185,0.441354,0,0
21186,0.441375,0,0
21187,0.441396,0,0
21188,0.441417,0,0
21189,0.441438,0,0
21190,0.441458,0,0
21191,0.441479,0,0
21192,0.4415,0,0
21193,0.441521,0,0
21194,0.441542,0,0
21195,0.441563,0,0
21196,0.441583,0,0
21197,0.441604,0,0
21198,0.441625,0,0
21199,0.441646,0,0
21200,0.441667,0,0
21201,0.441687,0,0
21202,0.441708,0,0
21203,0.441729,0,0
21204,0.44175,0,0
21205,0.441771,0,0
21206,0.441792,0,0
21207,0.441812,0,0
21208,0.441833,0,0
21209,0.441854,0,0
21210,0.441875,0,0
21211,0.441896,0,0
21212,0.441917,0,0
21213,0.441938,0,0
21214,0.441958,0,0
21215,0.441979,0,0
21216,0.442,0,0
21217,0.442021,0,0
21218,0.442042,0,0
21219,0.442062,0,0
21220,0.442083,0,0
21221,0.442104,0,0
21222,0.442125,0,0
21223,0.442146,0,0
21224,0.442167,0,0
21225,0.442187,0,0
21226,0.442208,0,0
21227,0.442229,0,0
21228,0.44225,0,0
21229,0.442271,0,0
21230,0.442292,0,0
21231,0.442313,0,0
21232,0.442333,0,0
21233,0.442354,0,0
21234,0.442375,0,0
21235,0.442396,0,0
21236,0.442417,0,0
21237,0.442437,0,0
21238,0.442458,0,0
21239,0.442479,0,0
21240,0.4425,0,0
21241,0.442521,0,0
21242,0.442542,0,0
21243,0.442562,0,0
21244,0.442583,0,0
21245,0.442604,0,0
21246,0.442625,0,0
21247,0.442646,0,0
21248,0.442667,0,0
21249,0.442688,0,0
21250,0.442708,0,0
21251,0.442729,0,0
21252,0.44275,0,0
21253,0.442771,0,0
21254,0.442792,0,0
21255,0.442813,0,0
21256,0.442833,0,0
21257,0.442854,0,0
21258,0.442875,0,0
21259,0.442896,0,0
21260,0.442917,0,0
21261,0.442937,0,0
21262,0.442958,0,0
21263,0.442979,0,0
21264,0.443,0,0
21265,0.443021,0,0
21266,0.443042,0,0
21267,0.443063,0,0
21268,0.443083,0,0
21269,0.443104,0,0
21270,0.443125,0,0
21271,0.443146,0,0
21272,0.443167,0,0
21273,0.443188,0,0
21274,0.443208,0,0
21275,0.443229,0,0
21276,0.44325,0,0
21277,0.443271,0,0
21278,0.443292,0,0
21279,0.443312,0,0
21280,0.443333,0,0
21281,0.443354,0,0
21282,0.443375,0,0
21283,0.443396,0,0
21284,0.443417,0,0
21285,0.443437,0,0
21286,0.443458,0,0
21287,0.443479,0,0
21288,0.4435,0,0
21289,0.443521,0,0
21290,0.443542,0,0
21291,0.443563,0,0
21292,0.443583,0,0
21293,0.443604,0,0
21294,0.443625,0,0
21295,0.443646,0,0
21296,0.443667,0,0
21297,0.443687,0,0
21298,0.443708,0,0
21299,0.443729,0,0
21300,0.44375,0,0
21301,0.443771,0,0
21302,0.443792,0,0
21303,0.443812,0,0
21304,0.443833,0,0
21305,0.443854,0,0
21306,0.443875,0,0
21307,0.443896,0,0
21308,0.443917,0,0
21309,0.443938,0,0
21310,0.443958,0,0
21311,0.443979,0,0
21312,0.444,0,0
21313,0.444021,0,0
21314,0.444042,0,0
21315,0.444063,0,0
21316,0.444083,0,0
21317,0.444104,0,0
21318,0.444125,0,0
21319,0.444146,0,0
21320,0.444167,0,0
21321,0.444187,0,0
21322,0.444208,0,0
21323,0.444229,0,0
21324,0.44425,0,0
21325,0.444271,0,0
21326,0.444292,0,0
21327,0.444313,0,0
21328,0.444333,0,0
21329,0.444354,0,0
21330,0.444375,0,0
21331,0.444396,0,0
21332,0.444417,0,0
21333,0.444438,0,0
21334,0.444458,0,0
21335,0.444479,0,0
21336,0.4445,0,0
21337,0.444521,0,0
21338,0.444542,0,0
21339,0.444562,0,0
21340,0.444583,0,0
21341,0.444604,0,0
21342,0.444625,0,0
21343,0.444646,0,0
21344,0.444667,0,0
21345,0.444687,0,0
21346,0.444708,0,0
21347,0.444729,0,0
21348,0.44475,0,0
21349,0.444771,0,0
21350,0.444792,0,0
21351,0.444813,0,0
21352,0.444833,0,0
21353,0.444854,0,0
21354,0.444875,0,0
21355,0.444896,0,0
21356,0.444917,0,0
21357,0.444937,0,0
21358,0.444958,0,0
21359,0.444979,0,0
21360,0.445,0,0
21361,0.445021,0,0
21362,0.445042,0,0
21363,0.445062,0,0
21364,0.445083,0,0
21365,0.445104,0,0
21366,0.445125,0,0
21367,0.445146,0,0
21368,0.445167,0,0
21369,0.445188,0,0
21370,0.445208,0,0
21371,0.445229,0,0
21372,0.44525,0,0
21373,0.445271,0,0
21374,0.445292,0,0
21375,0.445312,0,0
21376,0.445333,0,0
21377,0.445354,0,0
21378,0.445375,0,0
21379,0.445396,0,0
21380,0.445417,0,0
21381,0.445437,0,0
21382,0.445458,0,0
21383,0.445479,0,0
21384,0.4455,0,0
21385,0.445521,0,0
21386,0.445542,0,0
21387,0.445563,0,0
21388,0.445583,0,0
21389,0.445604,0,0
21390,0.445625,0,0
21391,0.445646,0,0
21392,0.445667,0,0
21393,0.445688,0,0
21394,0.445708,0,0
21395,0.445729,0,0
21396,0.44575,0,0
21397,0.445771,0,0
21398,0.445792,0,0
21399,0.445812,0,0
21400,0.445833,0,0
21401,0.445854,0,0
21402,0.445875,0,0
21403,0.445896,0,0
21404,0.445917,0,0
21405,0.445938,0,0
21406,0.445958,0,0
21407,0.445979,0,0
21408,0.446,0,0
21409,0.446021,0,0
21410,0.446042,0,0
21411,0.446063,0,0
21412,0.446083,0,0
21413,0.446104,0,0
21414,0.446125,0,0
21415,0.446146,0,0
21416,0.446167,0,0
21417,0.446187,0,0
21418,0.446208,0,0
21419,0.446229,0,0
21420,0.44625,0,0
21421,0.446271,0,0
21422,0.446292,0,0
21423,0.446312,0,0
21424,0.446333,0,0
21425,0.446354,0,0
21426,0.446375,0,0
21427,0.446396,0,0
21428,0.446417,0,0
21429,0.446438,0,0
21430,0.446458,0,0
21431,0.446479,0,0
21432,0.4465,0,0
21433,0.446521,0,0
21434,0.446542,0,0
21435,0.446562,0,0
21436,0.446583,0,0
21437,0.446604,0,0
21438,0.446625,0,0
21439,0.446646,0,0
21440,0.446667,0,0
21441,0.446687,0,0
21442,0.446708,0,0
21443,0.446729,0,0
21444,0.44675,0,0
21445,0.446771,0,0
21446,0.446792,0,0
21447,0.446813,0,0
21448,0.446833,0,0
21449,0.446854,0,0
21450,0.446875,0,0
21451,0.446896,0,0
21452,0.446917,0,0
21453,0.446938,0,0
21454,0.446958,0,0
21455,0.446979,0,0
21456,0.447,0,0
21457,0.447021,0,0
21458,0.447042,0,0
21459,0.447062,0,0
21460,0.447083,0,0
21461,0.447104,0,0
21462,0.447125,0,0
21463,0.447146,0,0
21464,0.447167,0,0
21465,0.447188,0,0
21466,0.447208,0,0
21467,0.447229,0,0
21468,0.44725,0,0
21469,0.447271,0,0
21470,0.447292,0,0
21471,0.447313,0,0
21472,0.447333,0,0
21473,0.447354,0,0
21474,0.447375,0,0
21475,0.447396,0,0
21476,0.447417,0,0
21477,0.447437,0,0
21478,0.447458,0,0
21479,0.447479,0,0
21480,0.4475,0,0
21481,0.447521,0,0
21482,0.447542,0,0
21483,0.447562,0,0
21484,0.447583,0,0
21485,0.447604,0,0
21486,0.447625,0,0
21487,0.447646,0,0
21488,0.447667,0,0
21489,0.447688,0,0
21490,0.447708,0,0
21491,0.447729,0,0
21492,0.44775,0,0
21493,0.447771,0,0
21494,0.447792,0,0
21495,0.447812,0,0
21496,0.447833,0,0
21497,0.447854,0,0
21498,0.447875,0,0
21499,0.447896,0,0
21500,0.447917,0,0
21501,0.447937,0,0
21502,0.447958,0,0
21503,0.447979,0,0
21504,0.448,0,0
21505,0.448021,0,0
21506,0.448042,0,0
21507,0.448063,0,0
21508,0.448083,0,0
21509,0.448104,0,0
21510,0.448125,0,0
21511,0.448146,0,0
21512,0.448167,0,0
21513,0.448188,0,0
21514,0.448208,0,0
21515,0.448229,0,0
21516,0.44825,0,0
21517,0.448271,0,0
21518,0.448292,0,0
21519,0.448312,0,0
21520,0.448333,0,0
21521,0.448354,0,0
21522,0.448375,0,0
21523,0.448396,0,0
21524,0.448417,0,0
21525,0.448438,0,0
21526,0.448458,0,0
21527,0.448479,0,0
21528,0.4485,0,0
21529,0.448521,0,0
21530,0.448542,0,0
21531,0.448563,0,0
21532,0.448583,0,0
21533,0.448604,0,0
21534,0.448625,0,0
21535,0.448646,0,0
21536,0.448667,0,0
21537,0.448687,0,0
21538,0.448708,0,0
21539,0.448729,0,0
21540,0.44875,0,0
21541,0.448771,0,0
21542,0.448792,0,0
21543,0.448813,0,0
21544,0.448833,0,0
21545,0.448854,0,0
21546,0.448875,0,0
21547,0.448896,0,0
21548,0.448917,0,0
21549,0.448938,0,0
21550,0.448958,0,0
21551,0.448979,0,0
21552,0.449,0,0
21553,0.449021,0,0
21554,0.449042,0,0
21555,0.449062,0,0
21556,0.449083,0,0
21557,0.449104,0,0
21558,0.449125,0,0
21559,0.449146,0,0
21560,0.449167,0,0
21561,0.449187,0,0
21562,0.449208,0,0
21563,0.449229,0,0
21564,0.44925,0,0
21565,0.449271,0,0
21566,0.449292,0,0
21567,0.449313,0,0
21568,0.449333,0,0
21569,0.449354,0,0
21570,0.449375,0,0
21571,0.449396,0,0
21572,0.449417,0,0
21573,0.449437,0,0
21574,0.449458,0,0
21575,0.449479,0,0
21576,0.4495,0,0
21577,0.449521,0,0
21578,0.449542,0,0
21579,0.449562,0,0
21580,0.449583,0,0
21581,0.449604,0,0
21582,0.449625,0,0
21583,0.449646,0,0
21584,0.449667,0,0
21585,0.449688,0,0
21586,0.449708,0,0
21587,0.449729,0,0
21588,0.44975,0,0
21589,0.449771,0,0
21590,0.449792,0,0
21591,0.449813,0,0
21592,0.449833,0,0
21593,0.449854,0,0
21594,0.449875,0,0
21595,0.449896,0,0
21596,0.449917,0,0
21597,0.449937,0,0
21598,0.449958,0,0
21599,0.449979,0,0
21600,0.45,0,0
21601,0.450021,0,0
21602,0.450042,0,0
21603,0.450063,0,0
21604,0.450083,0,0
21605,0.450104,0,0
21606,0.450125,0,0
21607,0.450146,0,0
21608,0.450167,0,0
21609,0.450188,0,0
21610,0.450208,0,0
21611,0.450229,0,0
21612,0.45025,0,0
21613,0.450271,0,0
21614,0.450292,0,0
21615,0.450312,0,0
21616,0.450333,0,0
21617,0.450354,0,0
21618,0.450375,0,0
21619,0.450396,0,0
21620,0.450417,0,0
21621,0.450437,0,0
21622,0.450458,0,0
21623,0.450479,0,0
21624,0.4505,0,0
21625,0.450521,0,0
21626,0.450542,0,0
21627,0.450563,0,0
21628,0.450583,0,0
21629,0.450604,0,0
21630,0.450625,0,0
21631,0.450646,0,0
21632,0.450667,0,0
21633,0.450687,0,0
21634,0.450708,0,0
21635,0.450729,0,0
21636,0.45075,0,0
21637,0.450771,0,0
21638,0.450792,0,0
21639,0.450812,0,0
21640,0.450833,0,0
21641,0.450854,0,0
21642,0.450875,0,0
21643,0.450896,0,0
21644,0.450917,0,0
21645,0.450938,0,0
21646,0.450958,0,0
21647,0.450979,0,0
21648,0.451,0,0
21649,0.451021,0,0
21650,0.451042,0,0
21651,0.451063,0,0
21652,0.451083,0,0
21653,0.451104,0,0
21654,0.451125,0,0
21655,0.451146,0,0
21656,0.451167,0,0
21657,0.451187,0,0
21658,0.451208,0,0
21659,0.451229,0,0
21660,0.45125,0,0
21661,0.451271,0,0
21662,0.451292,0,0
21663,0.451313,0,0
21664,0.451333,0,0
21665,0.451354,0,0
21666,0.451375,0,0
21667,0.451396,0,0
21668,0.451417,0,0
21669,0.451438,0,0
21670,0.451458,0,0
21671,0.451479,0,0
21672,0.4515,0,0
21673,0.451521,0,0
21674,0.451542,0,0
21675,0.451562,0,0
21676,0.451583,0,0
21677,0.451604,0,0
21678,0.451625,0,0
21679,0.451646,0,0
21680,0.451667,0,0
21681,0.451688,0,0
21682,0.451708,0,0
21683,0.451729,0,0
21684,0.45175,0,0
21685,0.451771,0,0
21686,0.451792,0,0
21687,0.451813,0,0
21688,0.451833,0,0
21689,0.451854,0,0
21690,0.451875,0,0
21691,0.451896,0,0
21692,0.451917,0,0
21693,0.451937,0,0
21694,0.451958,0,0
21695,0.451979,0,0
21696,0.452,0,0
21697,0.452021,0,0
21698,0.452042,0,0
21699,0.452062,0,0
21700,0.452083,0,0
21701,0.452104,0,0
21702,0.452125,0,0
21703,0.452146,0,0
21704,0.452167,0,0
21705,0.452188,0,0
21706,0.452208,0,0
21707,0.452229,0,0
21708,0.45225,0,0
21709,0.452271,0,0
21710,0.452292,0,0
21711,0.452312,0,0
21712,0.452333,0,0
21713,0.452354,0,0
21714,0.452375,0,0
21715,0.452396,0,0
21716,0.452417,0,0
21717,0.452437,0,0
21718,0.452458,0,0
21719,0.452479,0,0
21720,0.4525,0,0
21721,0.452521,0,0
21722,0.452542,0,0
21723,0.452563,0,0
21724,0.452583,0,0
21725,0.452604,0,0
21726,0.452625,0,0
21727,0.452646,0,0
21728,0.452667,0,0
21729,0.452688,0,0
21730,0.452708,0,0
21731,0.452729,0,0
21732,0.45275,0,0
21733,0.452771,0,0
21734,0.452792,0,0
21735,0.452812,0,0
21736,0.452833,0,0
21737,0.452854,0,0
21738,0.452875,0,0
21739,0.452896,0,0
21740,0.452917,0,0
21741,0.452938,0,0
21742,0.452958,0,0
21743,0.452979,0,0
21744,0.453,0,0
21745,0.453021,0,0
21746,0.453042,0,0
21747,0.453063,0,0
21748,0.453083,0,0
21749,0.453104,0,0
21750,0.453125,0,0
21751,0.453146,0,0
21752,0.453167,0,0
21753,0.453187,0,0
21754,0.453208,0,0
21755,0.453229,0,0
21756,0.45325,0,0
21757,0.453271,0,0
21758,0.453292,0,0
21759,0.453312,0,0
21760,0.453333,0,0
21761,0.453354,0,0
21762,0.453375,0,0
21763,0.453396,0,0
21764,0.453417,0,0
21765,0.453438,0,0
21766,0.453458,0,0
21767,0.453479,0,0
21768,0.4535,0,0
21769,0.453521,0,0
21770,0.453542,0,0
21771,0.453562,0,0
21772,0.453583,0,0
21773,0.453604,0,0
21774,0.453625,0,0
21775,0.453646,0,0
21776,0.453667,0,0
21777,0.453687,0,0
21778,0.453708,0,0
21779,0.453729,0,0
21780,0.45375,0,0
21781,0.453771,0,0
21782,0.453792,0,0
21783,0.453813,0,0
21784,0.453833,0,0
21785,0.453854,0,0
21786,0.453875,0,0
21787,0.453896,0,0
21788,0.453917,0,0
21789,0.453938,0,0
21790,0.453958,0,0
21791,0.453979,0,0
21792,0.454,0,0
21793,0.454021,0,0
21794,0.454042,0,0
21795,0.454062,0,0
21796,0.454083,0,0
21797,0.454104,0,0
21798,0.454125,0,0
21799,0.454146,0,0
21800,0.454167,0,0
21801,0.454188,0,0
21802,0.454208,0,0
21803,0.454229,0,0
21804,0.45425,0,0
21805,0.454271,0,0
21806,0.454292,0,0
21807,0.454313,0,0
21808,0.454333,0,0
21809,0.454354,0,0
21810,0.454375,0,0
21811,0.454396,0,0
21812,0.454417,0,0
21813,0.454437,0,0
21814,0.454458,0,0
21815,0.454479,0,0
21816,0.4545,0,0
21817,0.454521,0,0
21818,0.454542,0,0
21819,0.454562,0,0
21820,0.454583,0,0
21821,0.454604,0,0
21822,0.454625,0,0
21823,0.454646,0,0
21824,0.454667,0,0
21825,0.454688,0,0
21826,0.454708,0,0
21827,0.454729,0,0
21828,0.45475,0,0
21829,0.454771,0,0
21830,0.454792,0,0
21831,0.454812,0,0
21832,0.454833,0,0
21833,0.454854,0,0
21834,0.454875,0,0
21835,0.454896,0,0
21836,0.454917,0,0
21837,0.454937,0,0
21838,0.454958,0,0
21839,0.454979,0,0
21840,0.455,0,0
21841,0.455021,0,0
21842,0.455042,0,0
21843,0.455063,0,0
21844,0.455083,0,0
21845,0.455104,0,0
21846,0.455125,0,0
21847,0.455146,0,0
21848,0.455167,0,0
21849,0.455187,0,0
21850,0.455208,0,0
21851,0.455229,0,0
21852,0.45525,0,0
21853,0.455271,0,0
21854,0.455292,0,0
21855,0.455312,0,0
21856,0.455333,0,0
21857,0.455354,0,0
21858,0.455375,0,0
21859,0.455396,0,0
21860,0.455417,0,0
21861,0.455438,0,0
21862,0.455458,0,0
21863,0.455479,0,0
21864,0.4555,0,0
21865,0.455521,0,0
21866,0.455542,0,0
21867,0.455563,0,0
21868,0.455583,0,0
21869,0.455604,0,0
21870,0.455625,0,0
21871,0.455646,0,0
21872,0.455667,0,0
21873,0.455687,0,0
21874,0.455708,0,0
21875,0.455729,0,0
21876,0.45575,0,0
21877,0.455771,0,0
21878,0.455792,0,0
21879,0.455813,0,0
21880,0.455833,0,0
21881,0.455854,0,0
21882,0.455875,0,0
21883,0.455896,0,0
21884,0.455917,0,0
21885,0.455938,0,0
21886,0.455958,0,0
21887,0.455979,0,0
21888,0.456,0,0
21889,0.456021,0,0
21890,0.456042,0,0
21891,0.456062,0,0
21892,0.456083,0,0
21893,0.456104,0,0
21894,0.456125,0,0
21895,0.456146,0,0
21896,0.456167,0,0
21897,0.456187,0,0
21898,0.456208,0,0
21899,0.456229,0,0
21900,0.45625,0,0
21901,0.456271,0,0
21902,0.456292,0,0
21903,0.456313,0,0
21904,0.456333,0,0
21905,0.456354,0,0
21906,0.456375,0,0
21907,0.456396,0,0
21908,0.456417,0,0
21909,0.456437,0,0
21910,0.456458,0,0
21911,0.456479,0,0
21912,0.4565,0,0
21913,0.456521,0,0
21914,0.456542,0,0
21915,0.456562,0,0
21916,0.456583,0,0
21917,0.456604,0,0
21918,0.456625,0,0
21919,0.456646,0,0
21920,0.456667,0,0
21921,0.456688,0,0
21922,0.456708,0,0
21923,0.456729,0,0
21924,0.45675,0,0
21925,0.456771,0,0
21926,0.456792,0,0
21927,0.456813,0,0
21928,0.456833,0,0
21929,0.456854,0,0
21930,0.456875,0,0
21931,0.456896,0,0
21932,0.456917,0,0
21933,0.456937,0,0
21934,0.456958,0,0
21935,0.456979,0,0
21936,0.457,0,0
21937,0.457021,0,0
21938,0.457042,0,0
21939,0.457063,0,0
21940,0.457083,0,0
21941,0.457104,0,0
21942,0.457125,0,0
21943,0.457146,0,0
21944,0.457167,0,0
21945,0.457188,0,0
21946,0.457208,0,0
21947,0.457229,0,0
21948,0.45725,0,0
21949,0.457271,0,0
21950,0.457292,0,0
21951,0.457312,0,0
21952,0.457333,0,0
21953,0.457354,0,0
21954,0.457375,0,0
21955,0.457396,0,0
21956,0.457417,0,0
21957,0.457437,0,0
21958,0.457458,0,0
21959,0.457479,0,0
21960,0.4575,0,0
21961,0.457521,0,0
21962,0.457542,0,0
21963,0.457563,0,0
21964,0.457583,0,0
21965,0.457604,0,0
21966,0.457625,0,0
21967,0.457646,0,0
21968,0.457667,0,0
21969,0.457687,0,0
21970,0.457708,0,0
21971,0.457729,0,0
21972,0.45775,0,0
21973,0.457771,0,0
21974,0.457792,0,0
21975,0.457812,0,0
21976,0.457833,0,0
21977,0.457854,0,0
21978,0.457875,0,0
21979,0.457896,0,0
21980,0.457917,0,0
21981,0.457938,0,0
21982,0.457958,0,0
21983,0.457979,0,0
21984,0.458,0,0
21985,0.458021,0,0
21986,0.458042,0,0
21987,0.458062,0,0
21988,0.458083,0,0
21989,0.458104,0,0
21990,0.458125,0,0
21991,0.458146,0,0
21992,0.458167,0,0
21993,0.458187,0,0
21994,0.458208,0,0
21995,0.458229,0,0
21996,0.45825,0,0
21997,0.458271,0,0
21998,0.458292,0,0
21999,0.458313,0,0
22000,0.458333,0,0
22001,0.458354,0,0
22002,0.458375,0,0
22003,0.458396,0,0
22004,0.458417,0,0
22005,0.458438,0,0
22006,0.458458,0,0
22007,0.458479,0,0
22008,0.4585,0,0
22009,0.458521,0,0
22010,0.458542,0,0
22011,0.458562,0,0
22012,0.458583,0,0
22013,0.458604,0,0
22014,0.458625,0,0
22015,0.458646,0,0
22016,0.458667,0,0
22017,0.458688,0,0
22018,0.458708,0,0
22019,0.458729,0,0
22020,0.45875,0,0
22021,0.458771,0,0
22022,0.458792,0,0
22023,0.458813,0,0
22024,0.458833,0,0
22025,0.458854,0,0
22026,0.458875,0,0
22027,0.458896,0,0
22028,0.458917,0,0
22029,0.458937,0,0
22030,0.458958,0,0
22031,0.458979,0,0
22032,0.459,0,0
22033,0.459021,0,0
22034,0.459042,0,0
22035,0.459062,0,0
22036,0.459083,0,0
22037,0.459104,0,0
22038,0.459125,0,0
22039,0.459146,0,0
22040,0.459167,0,0
22041,0.459188,0,0
22042,0.459208,0,0
22043,0.459229,0,0
22044,0.45925,0,0
22045,0.459271,0,0
22046,0.459292,0,0
22047,0.459312,0,0
22048,0.459333,0,0
22049,0.459354,0,0
22050,0.459375,0,0
22051,0.459396,0,0
22052,0.459417,0,0
22053,0.459437,0,0
22054,0.459458,0,0
22055,0.459479,0,0
22056,0.4595,0,0
22057,0.459521,0,0
22058,0.459542,0,0
22059,0.459563,0,0
22060,0.459583,0,0
22061,0.459604,0,0
22062,0.459625,0,0
22063,0.459646,0,0
22064,0.459667,0,0
22065,0.459688,0,0
22066,0.459708,0,0
22067,0.459729,0,0
22068,0.45975,0,0
22069,0.459771,0,0
22070,0.459792,0,0
22071,0.459812,0,0
22072,0.459833,0,0
22073,0.459854,0,0
22074,0.459875,0,0
22075,0.459896,0,0
22076,0.459917,0,0
22077,0.459938,0,0
22078,0.459958,0,0
22079,0.459979,0,0
22080,0.46,0,0
22081,0.460021,0,0
22082,0.460042,0,0
22083,0.460063,0,0
22084,0.460083,0,0
22085,0.460104,0,0
22086,0.460125,0,0
22087,0.460146,0,0
22088,0.460167,0,0
22089,0.460187,0,0
22090,0.460208,0,0
22091,0.460229,0,0
22092,0.46025,0,0
22093,0.460271,0,0
22094,0.460292,0,0
22095,0.460312,0,0
22096,0.460333,0,0
22097,0.460354,0,0
22098,0.460375,0,0
22099,0.460396,0,0
22100,0.460417,0,0
22101,0.460438,0,0
22102,0.460458,0,0
22103,0.460479,0,0
22104,0.4605,0,0
22105,0.460521,0,0
22106,0.460542,0,0
22107,0.460562,0,0
22108,0.460583,0,0
22109,0.460604,0,0
22110,0.460625,0,0
22111,0.460646,0,0
22112,0.460667,0,0
22113,0.460687,0,0
22114,0.460708,0,0
22115,0.460729,0,0
22116,0.46075,0,0
22117,0.460771,0,0
22118,0.460792,0,0
22119,0.460813,0,0
22120,0.460833,0,0
22121,0.460854,0,0
22122,0.460875,0,0
22123,0.460896,0,0
22124,0.460917,0,0
22125,0.460938,0,0
22126,0.460958,0,0
22127,0.460979,0,0
22128,0.461,0,0
22129,0.461021,0,0
22130,0.461042,0,0
22131,0.461062,0,0
22132,0.461083,0,0
22133,0.461104,0,0
22134,0.461125,0,0
22135,0.461146,0,0
22136,0.461167,0,0
22137,0.461188,0,0
22138,0.461208,0,0
22139,0.461229,0,0
22140,0.46125,0,0
22141,0.461271,0,0
22142,0.461292,0,0
22143,0.461313,0,0
22144,0.461333,0,0
22145,0.461354,0,0
22146,0.461375,0,0
22147,0.461396,0,0
22148,0.461417,0,0
22149,0.461437,0,0
22150,0.461458,0,0
22151,0.461479,0,0
22152,0.4615,0,0
22153,0.461521,0,0
22154,0.461542,0,0
22155,0.461563,0,0
22156,0.461583,0,0
22157,0.461604,0,0
22158,0.461625,0,0
22159,0.461646,0,0
22160,0.461667,0,0
22161,0.461688,0,0
22162,0.461708,0,0
22163,0.461729,0,0
22164,0.46175,0,0
22165,0.461771,0,0
22166,0.461792,0,0
22167,0.461812,0,0
22168,0.461833,0,0
22169,0.461854,0,0
22170,0.461875,0,0
22171,0.461896,0,0
22172,0.461917,0,0
22173,0.461937,0,0
22174,0.461958,0,0
22175,0.461979,0,0
22176,0.462,0,0
22177,0.462021,0,0
22178,0.462042,0,0
22179,0.462063,0,0
22180,0.462083,0,0
22181,0.462104,0,0
22182,0.462125,0,0
22183,0.462146,0,0
22184,0.462167,0,0
22185,0.462187,0,0
22186,0.462208,0,0
22187,0.462229,0,0
22188,0.46225,0,0
22189,0.462271,0,0
22190,0.462292,0,0
22191,0.462312,0,0
22192,0.462333,0,0
22193,0.462354,0,0
22194,0.462375,0,0
22195,0.462396,0,0
22196,0.462417,0,0
22197,0.462438,0,0
22198,0.462458,0,0
22199,0.462479,0,0
22200,0.4625,0,0
22201,0.462521,0,0
22202,0.462542,0,0
22203,0.462563,0,0
22204,0.462583,0,0
22205,0.462604,0,0
22206,0.462625,0,0
22207,0.462646,0,0
22208,0.462667,0,0
22209,0.462687,0,0
22210,0.462708,0,0
22211,0.462729,0,0
22212,0.46275,0,0
22213,0.462771,0,0
22214,0.462792,0,0
22215,0.462813,0,0
22216,0.462833,0,0
22217,0.462854,0,0
22218,0.462875,0,0
22219,0.462896,0,0
22220,0.462917,0,0
22221,0.462938,0,0
22222,0.462958,0,0
22223,0.462979,0,0
22224,0.463,0,0
22225,0.463021,0,0
22226,0.463042,0,0
22227,0.463062,0,0
22228,0.463083,0,0
22229,0.463104,0,0
22230,0.463125,0,0
22231,0.463146,0,0
22232,0.463167,0,0
22233,0.463187,0,0
22234,0.463208,0,0
22235,0.463229,0,0
22236,0.46325,0,0
22237,0.463271,0,0
22238,0.463292,0,0
22239,0.463313,0,0
22240,0.463333,0,0
22241,0.463354,0,0
22242,0.463375,0,0
22243,0.463396,0,0
22244,0.463417,0,0
22245,0.463437,0,0
22246,0.463458,0,0
22247,0.463479,0,0
22248,0.4635,0,0
22249,0.463521,0,0
22250,0.463542,0,0
22251,0.463562,0,0
22252,0.463583,0,0
22253,0.463604,0,0
22254,0.463625,0,0
22255,0.463646,0,0
22256,0.463667,0,0
22257,0.463688,0,0
22258,0.463708,0,0
22259,0.463729,0,0
22260,0.46375,0,0
22261,0.463771,0,0
22262,0.463792,0,0
22263,0.463813,0,0
22264,0.463833,0,0
22265,0.463854,0,0
22266,0.463875,0,0
22267,0.463896,0,0
22268,0.463917,0,0
22269,0.463937,0,0
22270,0.463958,0,0
22271,0.463979,0,0
22272,0.464,0,0
22273,0.464021,0,0
22274,0.464042,0,0
22275,0.464063,0,0
22276,0.464083,0,0
22277,0.464104,0,0
22278,0.464125,0,0
22279,0.464146,0,0
22280,0.464167,0,0
22281,0.464188,0,0
22282,0.464208,0,0
22283,0.464229,0,0
22284,0.46425,0,0
22285,0.464271,0,0
22286,0.464292,0,0
22287,0.464312,0,0
22288,0.464333,0,0
22289,0.464354,0,0
22290,0.464375,0,0
22291,0.464396,0,0
22292,0.464417,0,0
22293,0.464438,0,0
22294,0.464458,0,0
22295,0.464479,0,0
22296,0.4645,0,0
22297,0.464521,0,0
22298,0.464542,0,0
22299,0.464563,0,0
22300,0.464583,0,0
22301,0.464604,0,0
22302,0.464625,0,0
22303,0.464646,0,0
22304,0.464667,0,0
22305,0.464687,0,0
22306,0.464708,0,0
22307,0.464729,0,0
22308,0.46475,0,0
22309,0.464771,0,0
22310,0.464792,0,0
22311,0.464812,0,0
22312,0.464833,0,0
22313,0.464854,0,0
22314,0.464875,0,0
22315,0.464896,0,0
22316,0.464917,0,0
22317,0.464938,0,0
22318,0.464958,0,0
22319,0.464979,0,0
22320,0.465,0,0
22321,0.465021,0,0
22322,0.465042,0,0
22323,0.465062,0,0
22324,0.465083,0,0
22325,0.465104,0,0
22326,0.465125,0,0
22327,0.465146,0,0
22328,0.465167,0,0
22329,0.465187,0,0
22330,0.465208,0,0
22331,0.465229,0,0
22332,0.46525,0,0
22333,0.465271,0,0
22334,0.465292,0,0
22335,0.465313,0,0
22336,0.465333,0,0
22337,0.465354,0,0
22338,0.465375,0,0
22339,0.465396,0,0
22340,0.465417,0,0
22341,0.465438,0,0
22342,0.465458,0,0
22343,0.465479,0,0
22344,0.4655,0,0
22345,0.465521,0,0
22346,0.465542,0,0
22347,0.465562,0,0
22348,0.465583,0,0
22349,0.465604,0,0
22350,0.465625,0,0
22351,0.465646,0,0
22352,0.465667,0,0
22353,0.465688,0,0
22354,0.465708,0,0
22355,0.465729,0,0
22356,0.46575,0,0
22357,0.465771,0,0
22358,0.465792,0,0
22359,0.465813,0,0
22360,0.465833,0,0
22361,0.465854,0,0
22362,0.465875,0,0
22363,0.465896,0,0
22364,0.465917,0,0
22365,0.465937,0,0
22366,0.465958,0,0
22367,0.465979,0,0
22368,0.466,0,0
22369,0.466021,0,0
22370,0.466042,0,0
22371,0.466062,0,0
22372,0.466083,0,0
22373,0.466104,0,0
22374,0.466125,0,0
22375,0.466146,0,0
22376,0.466167,0,0
22377,0.466188,0,0
22378,0.466208,0,0
22379,0.466229,0,0
22380,0.46625,0,0
22381,0.466271,0,0
22382,0.466292,0,0
22383,0.466312,0,0
22384,0.466333,0,0
22385,0.466354,0,0
22386,0.466375,0,0
22387,0.466396,0,0
22388,0.466417,0,0
22389,0.466437,0,0
22390,0.466458,0,0
22391,0.466479,0,0
22392,0.4665,0,0
22393,0.466521,0,0
22394,0.466542,0,0
22395,0.466563,0,0
22396,0.466583,0,0
22397,0.466604,0,0
22398,0.466625,0,0
22399,0.466646,0,0
22400,0.466667,0,0
22401,0.466688,0,0
22402,0.466708,0,0
22403,0.466729,0,0
22404,0.46675,0,0
22405,0.466771,0,0
22406,0.466792,0,0
22407,0.466812,0,0
22408,0.466833,0,0
22409,0.466854,0,0
22410,0.466875,0,0
22411,0.466896,0,0
22412,0.466917,0,0
22413,0.466938,0,0
22414,0.466958,0,0
22415,0.466979,0,0
22416,0.467,0,0
22417,0.467021,0,0
22418,0.467042,0,0
22419,0.467063,0,0
22420,0.467083,0,0
22421,0.467104,0,0
22422,0.467125,0,0
22423,0.467146,0,0
22424,0.467167,0,0
22425,0.467187,0,0
22426,0.467208,0,0
22427,0.467229,0,0
22428,0.46725,0,0
22429,0.467271,0,0
22430,0.467292,0,0
22431,0.467313,0,0
22432,0.467333,0,0
22433,0.467354,0,0
22434,0.467375,0,0
22435,0.467396,0,0
22436,0.467417,0,0
22437,0.467438,0,0
22438,0.467458,0,0
22439,0.467479,0,0
22440,0.4675,0,0
22441,0.467521,0,0
22442,0.467542,0,0
22443,0.467562,0,0
22444,0.467583,0,0
22445,0.467604,0,0
22446,0.467625,0,0
22447,0.467646,0,0
22448,0.467667,0,0
22449,0.467687,0,0
22450,0.467708,0,0
22451,0.467729,0,0
22452,0.46775,0,0
22453,0.467771,0,0
22454,0.467792,0,0
22455,0.467813,0,0
22456,0.467833,0,0
22457,0.467854,0,0
22458,0.467875,0,0
22459,0.467896,0,0
22460,0.467917,0,0
22461,0.467937,0,0
22462,0.467958,0,0
22463,0.467979,0,0
22464,0.468,0,0
22465,0.468021,0,0
22466,0.468042,0,0
22467,0.468062,0,0
22468,0.468083,0,0
22469,0.468104,0,0
22470,0.468125,0,0
22471,0.468146,0,0
22472,0.468167,0,0
22473,0.468188,0,0
22474,0.468208,0,0
22475,0.468229,0,0
22476,0.46825,0,0
22477,0.468271,0,0
22478,0.468292,0,0
22479,0.468313,0,0
22480,0.468333,0,0
22481,0.468354,0,0
22482,0.468375,0,0
22483,0.468396,0,0
22484,0.468417,0,0
22485,0.468437,0,0
22486,0.468458,0,0
22487,0.468479,0,0
22488,0.4685,0,0
22489,0.468521,0,0
22490,0.468542,0,0
22491,0.468563,0,0
22492,0.468583,0,0
22493,0.468604,0,0
22494,0.468625,0,0
22495,0.468646,0,0
22496,0.468667,0,0
22497,0.468688,0,0
22498,0.468708,0,0
22499,0.468729,0,0
22500,0.46875,0,0
22501,0.468771,0,0
22502,0.468792,0,0
22503,0.468812,0,0
22504,0.468833,0,0
22505,0.468854,0,0
22506,0.468875,0,0
22507,0.468896,0,0
22508,0.468917,0,0
22509,0.468937,0,0
22510,0.468958,0,0
22511,0.468979,0,0
22512,0.469,0,0
22513,0.469021,0,0
22514,0.469042,0,0
22515,0.469063,0,0
22516,0.469083,0,0
22517,0.469104,0,0
22518,0.469125,0,0
22519,0.469146,0,0
22520,0.469167,0,0
22521,0.469187,0,0
22522,0.469208,0,0
22523,0.469229,0,0
22524,0.46925,0,0
22525,0.469271,0,0
22526,0.469292,0,0
22527,0.469312,0,0
22528,0.469333,0,0
22529,0.469354,0,0
22530,0.469375,0,0
22531,0.469396,0,0
22532,0.469417,0,0
22533,0.469438,0,0
22534,0.469458,0,0
22535,0.469479,0,0
22536,0.4695,0,0
22537,0.469521,0,0
22538,0.469542,0,0
22539,0.469563,0,0
22540,0.469583,0,0
22541,0.469604,0,0
22542,0.469625,0,0
22543,0.469646,0,0
22544,0.469667,0,0
22545,0.469687,0,0
22546,0.469708,0,0
22547,0.469729,0,0
22548,0.46975,0,0
22549,0.469771,0,0
22550,0.469792,0,0
22551,0.469813,0,0
22552,0.469833,0,0
22553,0.469854,0,0
22554,0.469875,0,0
22555,0.469896,0,0
22556,0.469917,0,0
22557,0.469938,0,0
22558,0.469958,0,0
22559,0.469979,0,0
22560,0.47,0,0
22561,0.470021,0,0
22562,0.470042,0,0
22563,0.470062,0,0
22564,0.470083,0,0
22565,0.470104,0,0
22566,0.470125,0,0
22567,0.470146,0,0
22568,0.470167,0,0
22569,0.470187,0,0
22570,0.470208,0,0
22571,0.470229,0,0
22572,0.47025,0,0
22573,0.470271,0,0
22574,0.470292,0,0
22575,0.470313,0,0
22576,0.470333,0,0
22577,0.470354,0,0
22578,0.470375,0,0
22579,0.470396,0,0
22580,0.470417,0,0
22581,0.470437,0,0
22582,0.470458,0,0
22583,0.470479,0,0
22584,0.4705,0,0
22585,0.470521,0,0
22586,0.470542,0,0
22587,0.470562,0,0
22588,0.470583,0,0
22589,0.470604,0,0
22590,0.470625,0,0
22591,0.470646,0,0
22592,0.470667,0,0
22593,0.470688,0,0
22594,0.470708,0,0
22595,0.470729,0,0
22596,0.47075,0,0
22597,0.470771,0,0
22598,0.470792,0,0
22599,0.470812,0,0
22600,0.470833,0,0
22601,0.470854,0,0
22602,0.470875,0,0
22603,0.470896,0,0
22604,0.470917,0,0
22605,0.470937,0,0
22606,0.470958,0,0
22607,0.470979,0,0
22608,0.471,0,0
22609,0.471021,0,0
22610,0.471042,0,0
22611,0.471063,0,0
22612,0.471083,0,0
22613,0.471104,0,0
22614,0.471125,0,0
22615,0.471146,0,0
22616,0.471167,0,0
22617,0.471188,0,0
22618,0.471208,0,0
22619,0.471229,0,0
22620,0.47125,0,0
22621,0.471271,0,0
22622,0.471292,0,0
22623,0.471312,0,0
22624,0.471333,0,0
22625,0.471354,0,0
22626,0.471375,0,0
22627,0.471396,0,0
22628,0.471417,0,0
22629,0.471438,0,0
22630,0.471458,0,0
22631,0.471479,0,0
22632,0.4715,0,0
22633,0.471521,0,0
22634,0.471542,0,0
22635,0.471563,0,0
22636,0.471583,0,0
22637,0.471604,0,0
22638,0.471625,0,0
22639,0.471646,0,0
22640,0.471667,0,0
22641,0.471687,0,0
22642,0.471708,0,0
22643,0.471729,0,0
22644,0.47175,0,0
22645,0.471771,0,0
22646,0.471792,0,0
22647,0.471812,0,0
22648,0.471833,0,0
22649,0.471854,0,0
22650,0.471875,0,0
22651,0.471896,0,0
22652,0.471917,0,0
22653,0.471938,0,0
22654,0.471958,0,0
22655,0.471979,0,0
22656,0.472,0,0
22657,0.472021,0,0
22658,0.472042,0,0
22659,0.472062,0,0
22660,0.472083,0,0
22661,0.472104,0,0
22662,0.472125,0,0
22663,0.472146,0,0
22664,0.472167,0,0
22665,0.472187,0,0
22666,0.472208,0,0
22667,0.472229,0,0
22668,0.47225,0,0
22669,0.472271,0,0
22670,0.472292,0,0
22671,0.472313,0,0
22672,0.472333,0,0
22673,0.472354,0,0
22674,0.472375,0,0
22675,0.472396,0,0
22676,0.472417,0,0
22677,0.472438,0,0
22678,0.472458,0,0
22679,0.472479,0,0
22680,0.4725,0,0
22681,0.472521,0,0
22682,0.472542,0,0
22683,0.472562,0,0
22684,0.472583,0,0
22685,0.472604,0,0
22686,0.472625,0,0
22687,0.472646,0,0
22688,0.472667,0,0
22689,0.472688,0,0
22690,0.472708,0,0
22691,0.472729,0,0
22692,0.47275,0,0
22693,0.472771,0,0
22694,0.472792,0,0
22695,0.472813,0,0
22696,0.472833,0,0
22697,0.472854,0,0
22698,0.472875,0,0
22699,0.472896,0,0
22700,0.472917,0,0
22701,0.472937,0,0
22702,0.472958,0,0
22703,0.472979,0,0
22704,0.473,0,0
22705,0.473021,0,0
22706,0.473042,0,0
22707,0.473062,0,0
22708,0.473083,0,0
22709,0.473104,0,0
22710,0.473125,0,0
22711,0.473146,0,0
22712,0.473167,0,0
22713,0.473188,0,0
22714,0.473208,0,0
22715,0.473229,0,0
22716,0.47325,0,0
22717,0.473271,0,0
22718,0.473292,0,0
22719,0.473312,0,0
22720,0.473333,0,0
22721,0.473354,0,0
22722,0.473375,0,0
22723,0.473396,0,0
22724,0.473417,0,0
22725,0.473437,0,0
22726,0.473458,0,0
22727,0.473479,0,0
22728,0.4735,0,0
22729,0.473521,0,0
22730,0.473542,0,0
22731,0.473563,0,0
22732,0.473583,0,0
22733,0.473604,0,0
22734,0.473625,0,0
22735,0.473646,0,0
22736,0.473667,0,0
22737,0.473687,0,0
22738,0.473708,0,0
22739,0.473729,0,0
22740,0.47375,0,0
22741,0.473771,0,0
22742,0.473792,0,0
22743,0.473812,0,0
22744,0.473833,0,0
22745,0.473854,0,0
22746,0.473875,0,0
22747,0.473896,0,0
22748,0.473917,0,0
22749,0.473938,0,0
22750,0.473958,0,0
22751,0.473979,0,0
22752,0.474,0,0
22753,0.474021,0,0
22754,0.474042,0,0
22755,0.474063,0,0
22756,0.474083,0,0
22757,0.474104,0,0
22758,0.474125,0,0
22759,0.474146,0,0
22760,0.474167,0,0
22761,0.474187,0,0
22762,0.474208,0,0
22763,0.474229,0,0
22764,0.47425,0,0
22765,0.474271,0,0
22766,0.474292,0,0
22767,0.474313,0,0
22768,0.474333,0,0
22769,0.474354,0,0
22770,0.474375,0,0
22771,0.474396,0,0
22772,0.474417,0,0
22773,0.474438,0,0
22774,0.474458,0,0
22775,0.474479,0,0
22776,0.4745,0,0
22777,0.474521,0,0
22778,0.474542,0,0
22779,0.474562,0,0
22780,0.474583,0,0
22781,0.474604,0,0
22782,0.474625,0,0
22783,0.474646,0,0
22784,0.474667,0,0
22785,0.474687,0,0
22786,0.474708,0,0
22787,0.474729,0,0
22788,0.47475,0,0
22789,0.474771,0,0
22790,0.474792,0,0
22791,0.474813,0,0
22792,0.474833,0,0
22793,0.474854,0,0
22794,0.474875,0,0
22795,0.474896,0,0
22796,0.474917,0,0
22797,0.474937,0,0
22798,0.474958,0,0
22799,0.474979,0,0
22800,0.475,0,0
22801,0.475021,0,0
22802,0.475042,0,0
22803,0.475062,0,0
22804,0.475083,0,0
22805,0.475104,0,0
22806,0.475125,0,0
22807,0.475146,0,0
22808,0.475167,0,0
22809,0.475188,0,0
22810,0.475208,0,0
22811,0.475229,0,0
22812,0.47525,0,0
22813,0.475271,0,0
22814,0.475292,0,0
22815,0.475313,0,0
22816,0.475333,0,0
22817,0.475354,0,0
22818,0.475375,0,0
22819,0.475396,0,0
22820,0.475417,0,0
22821,0.475437,0,0
22822,0.475458,0,0
22823,0.475479,0,0
22824,0.4755,0,0
22825,0.475521,0,0
22826,0.475542,0,0
22827,0.475563,0,0
22828,0.475583,0,0
22829,0.475604,0,0
22830,0.475625,0,0
22831,0.475646,0,0
22832,0.475667,0,0
22833,0.475688,0,0
22834,0.475708,0,0
22835,0.475729,0,0
22836,0.47575,0,0
22837,0.475771,0,0
22838,0.475792,0,0
22839,0.475812,0,0
22840,0.475833,0,0
22841,0.475854,0,0
22842,0.475875,0,0
22843,0.475896,0,0
22844,0.475917,0,0
22845,0.475937,0,0
22846,0.475958,0,0
22847,0.475979,0,0
22848,0.476,0,0
22849,0.476021,0,0
22850,0.476042,0,0
22851,0.476063,0,0
22852,0.476083,0,0
22853,0.476104,0,0
22854,0.476125,0,0
22855,0.476146,0,0
22856,0.476167,0,0
22857,0.476187,0,0
22858,0.476208,0,0
22859,0.476229,0,0
22860,0.47625,0,0
22861,0.476271,0,0
22862,0.476292,0,0
22863,0.476312,0,0
22864,0.476333,0,0
22865,0.476354,0,0
22866,0.476375,0,0
22867,0.476396,0,0
22868,0.476417,0,0
22869,0.476438,0,0
22870,0.476458,0,0
22871,0.476479,0,0
22872,0.4765,0,0
22873,0.476521,0,0
22874,0.476542,0,0
22875,0.476562,0,0
22876,0.476583,0,0
22877,0.476604,0,0
22878,0.476625,0,0
22879,0.476646,0,0
22880,0.476667,0,0
22881,0.476687,0,0
22882,0.476708,0,0
22883,0.476729,0,0
22884,0.47675,0,0
22885,0.476771,0,0
22886,0.476792,0,0
22887,0.476813,0,0
22888,0.476833,0,0
22889,0.476854,0,0
22890,0.476875,0,0
22891,0.476896,0,0
22892,0.476917,0,0
22893,0.476938,0,0
22894,0.476958,0,0
22895,0.476979,0,0
22896,0.477,0,0
22897,0.477021,0,0
22898,0.477042,0,0
22899,0.477062,0,0
22900,0.477083,0,0
22901,0.477104,0,0
22902,0.477125,0,0
22903,0.477146,0,0
22904,0.477167,0,0
22905,0.477188,0,0
22906,0.477208,0,0
22907,0.477229,0,0
22908,0.47725,0,0
22909,0.477271,0,0
22910,0.477292,0,0
22911,0.477313,0,0
22912,0.477333,0,0
22913,0.477354,0,0
22914,0.477375,0,0
22915,0.477396,0,0
22916,0.477417,0,0
22917,0.477437,0,0
22918,0.477458,0,0
22919,0.477479,0,0
22920,0.4775,0,0
22921,0.477521,0,0
22922,0.477542,0,0
22923,0.477562,0,0
22924,0.477583,0,0
22925,0.477604,0,0
22926,0.477625,0,0
22927,0.477646,0,0
22928,0.477667,0,0
22929,0.477688,0,0
22930,0.477708,0,0
22931,0.477729,0,0
22932,0.47775,0,0
22933,0.477771,0,0
22934,0.477792,0,0
22935,0.477812,0,0
22936,0.477833,0,0
22937,0.477854,0,0
22938,0.477875,0,0
22939,0.477896,0,0
22940,0.477917,0,0
22941,0.477937,0,0
22942,0.477958,0,0
22943,0.477979,0,0
22944,0.478,0,0
22945,0.478021,0,0
22946,0.478042,0,0
22947,0.478063,0,0
22948,0.478083,0,0
22949,0.478104,0,0
22950,0.478125,0,0
22951,0.478146,0,0
22952,0.478167,0,0
22953,0.478188,0,0
22954,0.478208,0,0
22955,0.478229,0,0
22956,0.47825,0,0
22957,0.478271,0,0
22958,0.478292,0,0
22959,0.478312,0,0
22960,0.478333,0,0
22961,0.478354,0,0
22962,0.478375,0,0
22963,0.478396,0,0
22964,0.478417,0,0
22965,0.478438,0,0
22966,0.478458,0,0
22967,0.478479,0,0
22968,0.4785,0,0
22969,0.478521,0,0
22970,0.478542,0,0
22971,0.478563,0,0
22972,0.478583,0,0
22973,0.478604,0,0
22974,0.478625,0,0
22975,0.478646,0,0
22976,0.478667,0,0
22977,0.478687,0,0
22978,0.478708,0,0
22979,0.478729,0,0
22980,0.47875,0,0
22981,0.478771,0,0
22982,0.478792,0,0
22983,0.478812,0,0
22984,0.478833,0,0
22985,0.478854,0,0
22986,0.478875,0,0
22987,0.478896,0,0
22988,0.478917,0,0
22989,0.478938,0,0
22990,0.478958,0,0
22991,0.478979,0,0
22992,0.479,0,0
22993,0.479021,0,0
22994,0.479042,0,0
22995,0.479062,0,0
22996,0.479083,0,0
22997,0.479104,0,0
22998,0.479125,0,0
22999,0.479146,0,0
23000,0.479167,0,0
23001,0.479187,0,0
23002,0.479208,0,0
23003,0.479229,0,0
23004,0.47925,0,0
23005,0.479271,0,0
23006,0.479292,0,0
23007,0.479313,0,0
23008,0.479333,0,0
23009,0.479354,0,0
23010,0.479375,0,0
23011,0.479396,0,0
23012,0.479417,0,0
23013,0.479438,0,0
23014,0.479458,0,0
23015,0.479479,0,0
23016,0.4795,0,0
23017,0.479521,0,0
23018,0.479542,0,0
23019,0.479562,0,0
23020,0.479583,0,0
23021,0.479604,0,0
23022,0.479625,0,0
23023,0.479646,0,0
23024,0.479667,0,0
23025,0.479688,0,0
23026,0.479708,0,0
23027,0.479729,0,0
23028,0.47975,0,0
23029,0.479771,0,0
23030,0.479792,0,0
23031,0.479813,0,0
23032,0.479833,0,0
23033,0.479854,0,0
23034,0.479875,0,0
23035,0.479896,0,0
23036,0.479917,0,0
23037,0.479937,0,0
23038,0.479958,0,0
23039,0.479979,0,0
23040,0.48,0,0
23041,0.480021,0,0
23042,0.480042,0,0
23043,0.480063,0,0
23044,0.480083,0,0
23045,0.480104,0,0
23046,0.480125,0,0
23047,0.480146,0,0
23048,0.480167,0,0
23049,0.480188,0,0
23050,0.480208,0,0
23051,0.480229,0,0
23052,0.48025,0,0
23053,0.480271,0,0
23054,0.480292,0,0
23055,0.480312,0,0
23056,0.480333,0,0
23057,0.480354,0,0
23058,0.480375,0,0
23059,0.480396,0,0
23060,0.480417,0,0
23061,0.480437,0,0
23062,0.480458,0,0
23063,0.480479,0,0
23064,0.4805,0,0
23065,0.480521,0,0
23066,0.480542,0,0
23067,0.480563,0,0
23068,0.480583,0,0
23069,0.480604,0,0
23070,0.480625,0,0
23071,0.480646,0,0
23072,0.480667,0,0
23073,0.480687,0,0
23074,0.480708,0,0
23075,0.480729,0,0
23076,0.48075,0,0
23077,0.480771,0,0
23078,0.480792,0,0
23079,0.480812,0,0
23080,0.480833,0,0
23081,0.480854,0,0
23082,0.480875,0,0
23083,0.480896,0,0
23084,0.480917,0,0
23085,0.480938,0,0
23086,0.480958,0,0
23087,0.480979,0,0
23088,0.481,0,0
23089,0.481021,0,0
23090,0.481042,0,0
23091,0.481063,0,0
23092,0.481083,0,0
23093,0.481104,0,0
23094,0.481125,0,0
23095,0.481146,0,0
23096,0.481167,0,0
23097,0.481187,0,0
23098,0.481208,0,0
23099,0.481229,0,0
23100,0.48125,0,0
23101,0.481271,0,0
23102,0.481292,0,0
23103,0.481313,0,0
23104,0.481333,0,0
23105,0.481354,0,0
23106,0.481375,0,0
23107,0.481396,0,0
23108,0.481417,0,0
23109,0.481438,0,0
23110,0.481458,0,0
23111,0.481479,0,0
23112,0.4815,0,0
23113,0.481521,0,0
23114,0.481542,0,0
23115,0.481562,0,0
23116,0.481583,0,0
23117,0.481604,0,0
23118,0.481625,0,0
23119,0.481646,0,0
23120,0.481667,0,0
23121,0.481687,0,0
23122,0.481708,0,0
23123,0.481729,0,0
23124,0.48175,0,0
23125,0.481771,0,0
23126,0.481792,0,0
23127,0.481813,0,0
23128,0.481833,0,0
23129,0.481854,0,0
23130,0.481875,0,0
23131,0.481896,0,0
23132,0.481917,0,0
23133,0.481937,0,0
23134,0.481958,0,0
23135,0.481979,0,0
23136,0.482,0,0
23137,0.482021,0,0
23138,0.482042,0,0
23139,0.482062,0,0
23140,0.482083,0,0
23141,0.482104,0,0
23142,0.482125,0,0
23143,0.482146,0,0
23144,0.482167,0,0
23145,0.482188,0,0
23146,0.482208,0,0
23147,0.482229,0,0
23148,0.48225,0,0
23149,0.482271,0,0
23150,0.482292,0,0
23151,0.482313,0,0
23152,0.482333,0,0
23153,0.482354,0,0
23154,0.482375,0,0
23155,0.482396,0,0
23156,0.482417,0,0
23157,0.482437,0,0
23158,0.482458,0,0
23159,0.482479,0,0
23160,0.4825,0,0
23161,0.482521,0,0
23162,0.482542,0,0
23163,0.482563,0,0
23164,0.482583,0,0
23165,0.482604,0,0
23166,0.482625,0,0
23167,0.482646,0,0
23168,0.482667,0,0
23169,0.482688,0,0
23170,0.482708,0,0
23171,0.482729,0,0
23172,0.48275,0,0
23173,0.482771,0,0
23174,0.482792,0,0
23175,0.482812,0,0
23176,0.482833,0,0
23177,0.482854,0,0
23178,0.482875,0,0
23179,0.482896,0,0
23180,0.482917,0,0
23181,0.482938,0,0
23182,0.482958,0,0
23183,0.482979,0,0
23184,0.483,0,0
23185,0.483021,0,0
23186,0.483042,0,0
23187,0.483063,0,0
23188,0.483083,0,0
23189,0.483104,0,0
23190,0.483125,0,0
23191,0.483146,0,0
23192,0.483167,0,0
23193,0.483187,0,0
23194,0.483208,0,0
23195,0.483229,0,0
23196,0.48325,0,0
23197,0.483271,0,0
23198,0.483292,0,0
23199,0.483312,0,0
23200,0.483333,0,0
23201,0.483354,0,0
23202,0.483375,0,0
23203,0.483396,0,0
23204,0.483417,0,0
23205,0.483438,0,0
23206,0.483458,0,0
23207,0.483479,0,0
23208,0.4835,0,0
23209,0.483521,0,0
23210,0.483542,0,0
23211,0.483562,0,0
23212,0.483583,0,0
23213,0.483604,0,0
23214,0.483625,0,0
23215,0.483646,0,0
23216,0.483667,0,0
23217,0.483687,0,0
23218,0.483708,0,0
23219,0.483729,0,0
23220,0.48375,0,0
23221,0.483771,0,0
23222,0.483792,0,0
23223,0.483813,0,0
23224,0.483833,0,0
23225,0.483854,0,0
23226,0.483875,0,0
23227,0.483896,0,0
23228,0.483917,0,0
23229,0.483938,0,0
23230,0.483958,0,0
23231,0.483979,0,0
23232,0.484,0,0
23233,0.484021,0,0
23234,0.484042,0,0
23235,0.484062,0,0
23236,0.484083,0,0
23237,0.484104,0,0
23238,0.484125,0,0
23239,0.484146,0,0
23240,0.484167,0,0
23241,0.484188,0,0
23242,0.484208,0,0
23243,0.484229,0,0
23244,0.48425,0,0
23245,0.484271,0,0
23246,0.484292,0,0
23247,0.484313,0,0
23248,0.484333,0,0
23249,0.484354,0,0
23250,0.484375,0,0
23251,0.484396,0,0
23252,0.484417,0,0
23253,0.484437,0,0
23254,0.484458,0,0
23255,0.484479,0,0
23256,0.4845,0,0
23257,0.484521,0,0
23258,0.484542,0,0
23259,0.484562,0,0
23260,0.484583,0,0
23261,0.484604,0,0
23262,0.484625,0,0
23263,0.484646,0,0
23264,0.484667,0,0
23265,0.484688,0,0
23266,0.484708,0,0
23267,0.484729,0,0
23268,0.48475,0,0
23269,0.484771,0,0
23270,0.484792,0,0
23271,0.484812,0,0
23272,0.484833,0,0
23273,0.484854,0,0
23274,0.484875,0,0
23275,0.484896,0,0
23276,0.484917,0,0
23277,0.484937,0,0
23278,0.484958,0,0
23279,0.484979,0,0
23280,0.485,0,0
23281,0.485021,0,0
23282,0.485042,0,0
23283,0.485063,0,0
23284,0.485083,0,0
23285,0.485104,0,0
23286,0.485125,0,0
23287,0.485146,0,0
23288,0.485167,0,0
23289,0.485188,0,0
23290,0.485208,0,0
23291,0.485229,0,0
23292,0.48525,0,0
23293,0.485271,0,0
23294,0.485292,0,0
23295,0.485312,0,0
23296,0.485333,0,0
23297,0.485354,0,0
23298,0.485375,0,0
23299,0.485396,0,0
23300,0.485417,0,0
23301,0.485438,0,0
23302,0.485458,0,0
23303,0.485479,0,0
23304,0.4855,0,0
23305,0.485521,0,0
23306,0.485542,0,0
23307,0.485563,0,0
23308,0.485583,0,0
23309,0.485604,0,0
23310,0.485625,0,0
23311,0.485646,0,0
23312,0.485667,0,0
23313,0.485687,0,0
23314,0.485708,0,0
23315,0.485729,0,0
23316,0.48575,0,0
23317,0.485771,0,0
23318,0.485792,0,0
23319,0.485812,0,0
23320,0.485833,0,0
23321,0.485854,0,0
23322,0.485875,0,0
23323,0.485896,0,0
23324,0.485917,0,0
23325,0.485938,0,0
23326,0.485958,0,0
23327,0.485979,0,0
23328,0.486,0,0
23329,0.486021,0,0
23330,0.486042,0,0
23331,0.486062,0,0
23332,0.486083,0,0
23333,0.486104,0,0
23334,0.486125,0,0
23335,0.486146,0,0
23336,0.486167,0,0
23337,0.486187,0,0
23338,0.486208,0,0
23339,0.486229,0,0
23340,0.48625,0,0
23341,0.486271,0,0
23342,0.486292,0,0
23343,0.486313,0,0
23344,0.486333,0,0
23345,0.486354,0,0
23346,0.486375,0,0
23347,0.486396,0,0
23348,0.486417,0,0
23349,0.486437,0,0
23350,0.486458,0,0
23351,0.486479,0,0
23352,0.4865,0,0
23353,0.486521,0,0
23354,0.486542,0,0
23355,0.486562,0,0
23356,0.486583,0,0
23357,0.486604,0,0
23358,0.486625,0,0
23359,0.486646,0,0
23360,0.486667,0,0
23361,0.486688,0,0
23362,0.486708,0,0
23363,0.486729,0,0
23364,0.48675,0,0
23365,0.486771,0,0
23366,0.486792,0,0
23367,0.486813,0,0
23368,0.486833,0,0
23369,0.486854,0,0
23370,0.486875,0,0
23371,0.486896,0,0
23372,0.486917,0,0
23373,0.486937,0,0
23374,0.486958,0,0
23375,0.486979,0,0
23376,0.487,0,0
23377,0.487021,0,0
23378,0.487042,0,0
23379,0.487063,0,0
23380,0.487083,0,0
23381,0.487104,0,0
23382,0.487125,0,0
23383,0.487146,0,0
23384,0.487167,0,0
23385,0.487188,0,0
23386,0.487208,0,0
23387,0.487229,0,0
23388,0.48725,0,0
23389,0.487271,0,0
23390,0.487292,0,0
23391,0.487312,0,0
23392,0.487333,0,0
23393,0.487354,0,0
23394,0.487375,0,0
23395,0.487396,0,0
23396,0.487417,0,0
23397,0.487437,0,0
23398,0.487458,0,0
23399,0.487479,0,0
23400,0.4875,0,0
23401,0.487521,0,0
23402,0.487542,0,0
23403,0.487563,0,0
23404,0.487583,0,0
23405,0.487604,0,0
23406,0.487625,0,0
23407,0.487646,0,0
23408,0.487667,0,0
23409,0.487687,0,0
23410,0.487708,0,0
23411,0.487729,0,0
23412,0.48775,0,0
23413,0.487771,0,0
23414,0.487792,0,0
23415,0.487812,0,0
23416,0.487833,0,0
23417,0.487854,0,0
23418,0.487875,0,0
23419,0.487896,0,0
23420,0.487917,0,0
23421,0.487938,0,0
23422,0.487958,0,0
23423,0.487979,0,0
23424,0.488,0,0
23425,0.488021,0,0
23426,0.488042,0,0
23427,0.488063,0,0
23428,0.488083,0,0
23429,0.488104,0,0
23430,0.488125,0,0
23431,0.488146,0,0
23432,0.488167,0,0
23433,0.488187,0,0
23434,0.488208,0,0
23435,0.488229,0,0
23436,0.48825,0,0
23437,0.488271,0,0
23438,0.488292,0,0
23439,0.488313,0,0
23440,0.488333,0,0
23441,0.488354,0,0
23442,0.488375,0,0
23443,0.488396,0,0
23444,0.488417,0,0
23445,0.488438,0,0
23446,0.488458,0,0
23447,0.488479,0,0
23448,0.4885,0,0
23449,0.488521,0,0
23450,0.488542,0,0
23451,0.488562,0,0
23452,0.488583,0,0
23453,0.488604,0,0
23454,0.488625,0,0
23455,0.488646,0,0
23456,0.488667,0,0
23457,0.488687,0,0
23458,0.488708,0,0
23459,0.488729,0,0
23460,0.48875,0,0
23461,0.488771,0,0
23462,0.488792,0,0
23463,0.488813,0,0
23464,0.488833,0,0
23465,0.488854,0,0
23466,0.488875,0,0
23467,0.488896,0,0
23468,0.488917,0,0
23469,0.488937,0,0
23470,0.488958,0,0
23471,0.488979,0,0
23472,0.489,0,0
23473,0.489021,0,0
23474,0.489042,0,0
23475,0.489062,0,0
23476,0.489083,0,0
23477,0.489104,0,0
23478,0.489125,0,0
23479,0.489146,0,0
23480,0.489167,0,0
23481,0.489188,0,0
23482,0.489208,0,0
23483,0.489229,0,0
23484,0.48925,0,0
23485,0.489271,0,0
23486,0.489292,0,0
23487,0.489312,0,0
23488,0.489333,0,0
23489,0.489354,0,0
23490,0.489375,0,0
23491,0.489396,0,0
23492,0.489417,0,0
23493,0.489437,0,0
23494,0.489458,0,0
23495,0.489479,0,0
23496,0.4895,0,0
23497,0.489521,0,0
23498,0.489542,0,0
23499,0.489563,0,0
23500,0.489583,0,0
23501,0.489604,0,0
23502,0.489625,0,0
23503,0.489646,0,0
23504,0.489667,0,0
23505,0.489688,0,0
23506,0.489708,0,0
23507,0.489729,0,0
23508,0.48975,0,0
23509,0.489771,0,0
23510,0.489792,0,0
23511,0.489812,0,0
23512,0.489833,0,0
23513,0.489854,0,0
23514,0.489875,0,0
23515,0.489896,0,0
23516,0.489917,0,0
23517,0.489938,0,0
23518,0.489958,0,0
23519,0.489979,0,0
23520,0.49,0,0
23521,0.490021,0,0
23522,0.490042,0,0
23523,0.490063,0,0
23524,0.490083,0,0
23525,0.490104,0,0
23526,0.490125,0,0
23527,0.490146,0,0
23528,0.490167,0,0
23529,0.490187,0,0
23530,0.490208,0,0
23531,0.490229,0,0
23532,0.49025,0,0
23533,0.490271,0,0
23534,0.490292,0,0
23535,0.490312,0,0
23536,0.490333,0,0
23537,0.490354,0,0
23538,0.490375,0,0
23539,0.490396,0,0
23540,0.490417,0,0
23541,0.490438,0,0
23542,0.490458,0,0
23543,0.490479,0,0
23544,0.4905,0,0
23545,0.490521,0,0
23546,0.490542,0,0
23547,0.490562,0,0
23548,0.490583,0,0
23549,0.490604,0,0
23550,0.490625,0,0
23551,0.490646,0,0
23552,0.490667,0,0
23553,0.490687,0,0
23554,0.490708,0,0
23555,0.490729,0,0
23556,0.49075,0,0
23557,0.490771,0,0
23558,0.490792,0,0
23559,0.490813,0,0
23560,0.490833,0,0
23561,0.490854,0,0
23562,0.490875,0,0
23563,0.490896,0,0
23564,0.490917,0,0
23565,0.490938,0,0
23566,0.490958,0,0
23567,0.490979,0,0
23568,0.491,0,0
23569,0.491021,0,0
23570,0.491042,0,0
23571,0.491062,0,0
23572,0.491083,0,0
23573,0.491104,0,0
23574,0.491125,0,0
23575,0.491146,0,0
23576,0.491167,0,0
23577,0.491188,0,0
23578,0.491208,0,0
23579,0.491229,0,0
23580,0.49125,0,0
23581,0.491271,0,0
23582,0.491292,0,0
23583,0.491313,0,0
23584,0.491333,0,0
23585,0.491354,0,0
23586,0.491375,0,0
23587,0.491396,0,0
23588,0.491417,0,0
23589,0.491437,0,0
23590,0.491458,0,0
23591,0.491479,0,0
23592,0.4915,0,0
23593,0.491521,0,0
23594,0.491542,0,0
23595,0.491562,0,0
23596,0.491583,0,0
23597,0.491604,0,0
23598,0.491625,0,0
23599,0.491646,0,0
23600,0.491667,0,0
23601,0.491688,0,0
23602,0.491708,0,0
23603,0.491729,0,0
23604,0.49175,0,0
23605,0.491771,0,0
23606,0.491792,0,0
23607,0.491812,0,0
23608,0.491833,0,0
23609,0.491854,0,0
23610,0.491875,0,0
23611,0.491896,0,0
23612,0.491917,0,0
23613,0.491937,0,0
23614,0.491958,0,0
23615,0.491979,0,0
23616,0.492,0,0
23617,0.492021,0,0
23618,0.492042,0,0
23619,0.492063,0,0
23620,0.492083,0,0
23621,0.492104,0,0
23622,0.492125,0,0
23623,0.492146,0,0
23624,0.492167,0,0
23625,0.492188,0,0
23626,0.492208,0,0
23627,0.492229,0,0
23628,0.49225,0,0
23629,0.492271,0,0
23630,0.492292,0,0
23631,0.492312,0,0
23632,0.492333,0,0
23633,0.492354,0,0
23634,0.492375,0,0
23635,0.492396,0,0
23636,0.492417,0,0
23637,0.492438,0,0
23638,0.492458,0,0
23639,0.492479,0,0
23640,0.4925,0,0
23641,0.492521,0,0
23642,0.492542,0,0
23643,0.492563,0,0
23644,0.492583,0,0
23645,0.492604,0,0
23646,0.492625,0,0
23647,0.492646,0,0
23648,0.492667,0,0
23649,0.492687,0,0
23650,0.492708,0,0
23651,0.492729,0,0
23652,0.49275,0,0
23653,0.492771,0,0
23654,0.492792,0,0
23655,0.492813,0,0
23656,0.492833,0,0
23657,0.492854,0,0
23658,0.492875,0,0
23659,0.492896,0,0
23660,0.492917,0,0
23661,0.492938,0,0
23662,0.492958,0,0
23663,0.492979,0,0
23664,0.493,0,0
23665,0.493021,0,0
23666,0.493042,0,0
23667,0.493062,0,0
23668,0.493083,0,0
23669,0.493104,0,0
23670,0.493125,0,0
23671,0.493146,0,0
23672,0.493167,0,0
23673,0.493187,0,0
23674,0.493208,0,0
23675,0.493229,0,0
23676,0.49325,0,0
23677,0.493271,0,0
23678,0.493292,0,0
23679,0.493313,0,0
23680,0.493333,0,0
23681,0.493354,0,0
23682,0.493375,0,0
23683,0.493396,0,0
23684,0.493417,0,0
23685,0.493437,0,0
23686,0.493458,0,0
23687,0.493479,0,0
23688,0.4935,0,0
23689,0.493521,0,0
23690,0.493542,0,0
23691,0.493562,0,0
23692,0.493583,0,0
23693,0.493604,0,0
23694,0.493625,0,0
23695,0.493646,0,0
23696,0.493667,0,0
23697,0.493688,0,0
23698,0.493708,0,0
23699,0.493729,0,0
23700,0.49375,0,0
23701,0.493771,0,0
23702,0.493792,0,0
23703,0.493813,0,0
23704,0.493833,0,0
23705,0.493854,0,0
23706,0.493875,0,0
23707,0.493896,0,0
23708,0.493917,0,0
23709,0.493937,0,0
23710,0.493958,0,0
23711,0.493979,0,0
23712,0.494,0,0
23713,0.494021,0,0
23714,0.494042,0,0
23715,0.494063,0,0
23716,0.494083,0,0
23717,0.494104,0,0
23718,0.494125,0,0
23719,0.494146,0,0
23720,0.494167,0,0
23721,0.494188,0,0
23722,0.494208,0,0
23723,0.494229,0,0
23724,0.49425,0,0
23725,0.494271,0,0
23726,0.494292,0,0
23727,0.494312,0,0
23728,0.494333,0,0
23729,0.494354,0,0
23730,0.494375,0,0
23731,0.494396,0,0
23732,0.494417,0,0
23733,0.494437,0,0
23734,0.494458,0,0
23735,0.494479,0,0
23736,0.4945,0,0
23737,0.494521,0,0
23738,0.494542,0,0
23739,0.494563,0,0
23740,0.494583,0,0
23741,0.494604,0,0
23742,0.494625,0,0
23743,0.494646,0,0
23744,0.494667,0,0
23745,0.494687,0,0
23746,0.494708,0,0
23747,0.494729,0,0
23748,0.49475,0,0
23749,0.494771,0,0
23750,0.494792,0,0
23751,0.494812,0,0
23752,0.494833,0,0
23753,0.494854,0,0
23754,0.494875,0,0
23755,0.494896,0,0
23756,0.494917,0,0
23757,0.494938,0,0
23758,0.494958,0,0
23759,0.494979,0,0
23760,0.495,0,0
23761,0.495021,0,0
23762,0.495042,0,0
23763,0.495063,0,0
23764,0.495083,0,0
23765,0.495104,0,0
23766,0.495125,0,0
23767,0.495146,0,0
23768,0.495167,0,0
23769,0.495187,0,0
23770,0.495208,0,0
23771,0.495229,0,0
23772,0.49525,0,0
23773,0.495271,0,0
23774,0.495292,0,0
23775,0.495313,0,0
23776,0.495333,0,0
23777,0.495354,0,0
23778,0.495375,0,0
23779,0.495396,0,0
23780,0.495417,0,0
23781,0.495438,0,0
23782,0.495458,0,0
23783,0.495479,0,0
23784,0.4955,0,0
23785,0.495521,0,0
23786,0.495542,0,0
23787,0.495562,0,0
23788,0.495583,0,0
23789,0.495604,0,0
23790,0.495625,0,0
23791,0.495646,0,0
23792,0.495667,0,0
23793,0.495688,0,0
23794,0.495708,0,0
23795,0.495729,0,0
23796,0.49575,0,0
23797,0.495771,0,0
23798,0.495792,0,0
23799,0.495813,0,0
23800,0.495833,0,0
23801,0.495854,0,0
23802,0.495875,0,0
23803,0.495896,0,0
23804,0.495917,0,0
23805,0.495937,0,0
23806,0.495958,0,0
23807,0.495979,0,0
23808,0.496,0,0
23809,0.496021,0,0
23810,0.496042,0,0
23811,0.496062,0,0
23812,0.496083,0,0
23813,0.496104,0,0
23814,0.496125,0,0
23815,0.496146,0,0
23816,0.496167,0,0
23817,0.496188,0,0
23818,0.496208,0,0
23819,0.496229,0,0
23820,0.49625,0,0
23821,0.496271,0,0
23822,0.496292,0,0
23823,0.496312,0,0
23824,0.496333,0,0
23825,0.496354,0,0
23826,0.496375,0,0
23827,0.496396,0,0
23828,0.496417,0,0
23829,0.496437,0,0
23830,0.496458,0,0
23831,0.496479,0,0
23832,0.4965,0,0
23833,0.496521,0,0
23834,0.496542,0,0
23835,0.496563,0,0
23836,0.496583,0,0
23837,0.496604,0,0
23838,0.496625,0,0
23839,0.496646,0,0
23840,0.496667,0,0
23841,0.496688,0,0
23842,0.496708,0,0
23843,0.496729,0,0
23844,0.49675,0,0
23845,0.496771,0,0
23846,0.496792,0,0
23847,0.496812,0,0
23848,0.496833,0,0
23849,0.496854,0,0
23850,0.496875,0,0
23851,0.496896,0,0
23852,0.496917,0,0
23853,0.496938,0,0
23854,0.496958,0,0
23855,0.496979,0,0
23856,0.497,0,0
23857,0.497021,0,0
23858,0.497042,0,0
23859,0.497063,0,0
23860,0.497083,0,0
23861,0.497104,0,0
23862,0.497125,0,0
23863,0.497146,0,0
23864,0.497167,0,0
23865,0.497187,0,0
23866,0.497208,0,0
23867,0.497229,0,0
23868,0.49725,0,0
23869,0.497271,0,0
23870,0.497292,0,0
23871,0.497312,0,0
23872,0.497333,0,0
23873,0.497354,0,0
23874,0.497375,0,0
23875,0.497396,0,0
23876,0.497417,0,0
23877,0.497438,0,0
23878,0.497458,0,0
23879,0.497479,0,0
23880,0.4975,0,0
23881,0.497521,0,0
23882,0.497542,0,0
23883,0.497562,0,0
23884,0.497583,0,0
23885,0.497604,0,0
23886,0.497625,0,0
23887,0.497646,0,0
23888,0.497667,0,0
23889,0.497687,0,0
23890,0.497708,0,0
23891,0.497729,0,0
23892,0.49775,0,0
23893,0.497771,0,0
23894,0.497792,0,0
23895,0.497813,0,0
23896,0.497833,0,0
23897,0.497854,0,0
23898,0.497875,0,0
23899,0.497896,0,0
23900,0.497917,0,0
23901,0.497938,0,0
23902,0.497958,0,0
23903,0.497979,0,0
23904,0.498,0,0
23905,0.498021,0,0
23906,0.498042,0,0
23907,0.498062,0,0
23908,0.498083,0,0
23909,0.498104,0,0
23910,0.498125,0,0
23911,0.498146,0,0
23912,0.498167,0,0
23913,0.498188,0,0
23914,0.498208,0,0
23915,0.498229,0,0
23916,0.49825,0,0
23917,0.498271,0,0
23918,0.498292,0,0
23919,0.498313,0,0
23920,0.498333,0,0
23921,0.498354,0,0
23922,0.498375,0,0
23923,0.498396,0,0
23924,0.498417,0,0
23925,0.498437,0,0
23926,0.498458,0,0
23927,0.498479,0,0
23928,0.4985,0,0
23929,0.498521,0,0
23930,0.498542,0,0
23931,0.498563,0,0
23932,0.498583,0,0
23933,0.498604,0,0
23934,0.498625,0,0
23935,0.498646,0,0
23936,0.498667,0,0
23937,0.498688,0,0
23938,0.498708,0,0
23939,0.498729,0,0
23940,0.49875,0,0
23941,0.498771,0,0
23942,0.498792,0,0
23943,0.498812,0,0
23944,0.498833,0,0
23945,0.498854,0,0
23946,0.498875,0,0
23947,0.498896,0,0
23948,0.498917,0,0
23949,0.498937,0,0
23950,0.498958,0,0
23951,0.498979,0,0
23952,0.499,0,0
23953,0.499021,0,0
23954,0.499042,0,0
23955,0.499063,0,0
23956,0.499083,0,0
23957,0.499104,0,0
23958,0.499125,0,0
23959,0.499146,0,0
23960,0.499167,0,0
23961,0.499187,0,0
23962,0.499208,0,0
23963,0.499229,0,0
23964,0.49925,0,0
23965,0.499271,0,0
23966,0.499292,0,0
23967,0.499312,0,0
23968,0.499333,0,0
23969,0.499354,0,0
23970,0.499375,0,0
23971,0.499396,0,0
23972,0.499417,0,0
23973,0.499438,0,0
23974,0.499458,0,0
23975,0.499479,0,0
23976,0.4995,0,0
23977,0.499521,0,0
23978,0.499542,0,0
23979,0.499563,0,0
23980,0.499583,0,0
23981,0.499604,0,0
23982,0.499625,0,0
23983,0.499646,0,0
23984,0.499667,0,0
23985,0.499687,0,0
23986,0.499708,0,0
23987,0.499729,0,0
23988,0.49975,0,0
23989,0.499771,0,0
23990,0.499792,0,0
23991,0.499813,0,0
23992,0.499833,0,0
23993,0.499854,0,0
23994,0.499875,0,0
23995,0.499896,0,0
23996,0.499917,0,0
23997,0.499938,0,0
23998,0.499958,0,0
23999,0.499979,0,0
24000,0.5,0,0
24001,0.500021,0,0
24002,0.500042,0,0
24003,0.500063,0,0
24004,0.500083,0,0
24005,0.500104,0,0
24006,0.500125,0,0
24007,0.500146,0,0
24008,0.500167,0,0
24009,0.500188,0,0
24010,0.500208,0,0
24011,0.500229,0,0
24012,0.50025,0,0
24013,0.500271,0,0
24014,0.500292,0,0
24015,0.500313,0,0
24016,0.500333,0,0
24017,0.500354,0,0
24018,0.500375,0,0
24019,0.500396,0,0
24020,0.500417,0,0
24021,0.500437,0,0
24022,0.500458,0,0
24023,0.500479,0,0
24024,0.5005,0,0
24025,0.500521,0,0
24026,0.500542,0,0
24027,0.500562,0,0
24028,0.500583,0,0
24029,0.500604,0,0
24030,0.500625,0,0
24031,0.500646,0,0
24032,0.500667,0,0
24033,0.500687,0,0
24034,0.500708,0,0
24035,0.500729,0,0
24036,0.50075,0,0
24037,0.500771,0,0
24038,0.500792,0,0
24039,0.500812,0,0
24040,0.500833,0,0
24041,0.500854,0,0
24042,0.500875,0,0
24043,0.500896,0,0
24044,0.500917,0,0
24045,0.500938,0,0
24046,0.500958,0,0
24047,0.500979,0,0
24048,0.501,0,0
24049,0.501021,0,0
24050,0.501042,0,0
24051,0.501063,0,0
24052,0.501083,0,0
24053,0.501104,0,0
24054,0.501125,0,0
24055,0.501146,0,0
24056,0.501167,0,0
24057,0.501188,0,0
24058,0.501208,0,0
24059,0.501229,0,0
24060,0.50125,0,0
24061,0.501271,0,0
24062,0.501292,0,0
24063,0.501312,0,0
24064,0.501333,0,0
24065,0.501354,0,0
24066,0.501375,0,0
24067,0.501396,0,0
24068,0.501417,0,0
24069,0.501437,0,0
24070,0.501458,0,0
24071,0.501479,0,0
24072,0.5015,0,0
24073,0.501521,0,0
24074,0.501542,0,0
24075,0.501562,0,0
24076,0.501583,0,0
24077,0.501604,0,0
24078,0.501625,0,0
24079,0.501646,0,0
24080,0.501667,0,0
24081,0.501688,0,0
24082,0.501708,0,0
24083,0.501729,0,0
24084,0.50175,0,0
24085,0.501771,0,0
24086,0.501792,0,0
24087,0.501813,0,0
24088,0.501833,0,0
24089,0.501854,0,0
24090,0.501875,0,0
24091,0.501896,0,0
24092,0.501917,0,0
24093,0.501938,0,0
24094,0.501958,0,0
24095,0.501979,0,0
24096,0.502,0,0
24097,0.502021,0,0
24098,0.502042,0,0
24099,0.502062,0,0
24100,0.502083,0,0
24101,0.502104,0,0
24102,0.502125,0,0
24103,0.502146,0,0
24104,0.502167,0,0
24105,0.502187,0,0
24106,0.502208,0,0
24107,0.502229,0,0
24108,0.50225,0,0
24109,0.502271,0,0
24110,0.502292,0,0
24111,0.502312,0,0
24112,0.502333,0,0
24113,0.502354,0,0
24114,0.502375,0,0
24115,0.502396,0,0
24116,0.502417,0,0
24117,0.502437,0,0
24118,0.502458,0,0
24119,0.502479,0,0
24120,0.5025,0,0
24121,0.502521,0,0
24122,0.502542,0,0
24123,0.502563,0,0
24124,0.502583,0,0
24125,0.502604,0,0
24126,0.502625,0,0
24127,0.502646,0,0
24128,0.502667,0,0
24129,0.502688,0,0
24130,0.502708,0,0
24131,0.502729,0,0
24132,0.50275,0,0
24133,0.502771,0,0
24134,0.502792,0,0
24135,0.502813,0,0
24136,0.502833,0,0
24137,0.502854,0,0
24138,0.502875,0,0
24139,0.502896,0,0
24140,0.502917,0,0
24141,0.502937,0,0
24142,0.502958,0,0
24143,0.502979,0,0
24144,0.503,0,0
24145,0.503021,0,0
24146,0.503042,0,0
24147,0.503062,0,0
24148,0.503083,0,0
24149,0.503104,0,0
24150,0.503125,0,0
24151,0.503146,0,0
24152,0.503167,0,0
24153,0.503187,0,0
24154,0.503208,0,0
24155,0.503229,0,0
24156,0.50325,0,0
24157,0.503271,0,0
24158,0.503292,0,0
24159,0.503313,0,0
24160,0.503333,0,0
24161,0.503354,0,0
24162,0.503375,0,0
24163,0.503396,0,0
24164,0.503417,0,0
24165,0.503438,0,0
24166,0.503458,0,0
24167,0.503479,0,0
24168,0.5035,0,0
24169,0.503521,0,0
24170,0.503542,0,0
24171,0.503563,0,0
24172,0.503583,0,0
24173,0.503604,0,0
24174,0.503625,0,0
24175,0.503646,0,0
24176,0.503667,0,0
24177,0.503688,0,0
24178,0.503708,0,0
24179,0.503729,0,0
24180,0.50375,0,0
24181,0.503771,0,0
24182,0.503792,0,0
24183,0.503812,0,0
24184,0.503833,0,0
24185,0.503854,0,0
24186,0.503875,0,0
24187,0.503896,0,0
24188,0.503917,0,0
24189,0.503937,0,0
24190,0.503958,0,0
24191,0.503979,0,0
24192,0.504,0,0
24193,0.504021,0,0
24194,0.504042,0,0
24195,0.504062,0,0
24196,0.504083,0,0
24197,0.504104,0,0
24198,0.504125,0,0
24199,0.504146,0,0
24200,0.504167,0,0
24201,0.504188,0,0
24202,0.504208,0,0
24203,0.504229,0,0
24204,0.50425,0,0
24205,0.504271,0,0
24206,0.504292,0,0
24207,0.504313,0,0
24208,0.504333,0,0
24209,0.504354,0,0
24210,0.504375,0,0
24211,0.504396,0,0
24212,0.504417,0,0
24213,0.504438,0,0
24214,0.504458,0,0
24215,0.504479,0,0
24216,0.5045,0,0
24217,0.504521,0,0
24218,0.504542,0,0
24219,0.504562,0,0
24220,0.504583,0,0
24221,0.504604,0,0
24222,0.504625,0,0
24223,0.504646,0,0
24224,0.504667,0,0
24225,0.504687,0,0
24226,0.504708,0,0
24227,0.504729,0,0
24228,0.50475,0,0
24229,0.504771,0,0
24230,0.504792,0,0
24231,0.504812,0,0
24232,0.504833,0,0
24233,0.504854,0,0
24234,0.504875,0,0
24235,0.504896,0,0
24236,0.504917,0,0
24237,0.504938,0,0
24238,0.504958,0,0
24239,0.504979,0,0
24240,0.505,0,0
24241,0.505021,0,0
24242,0.505042,0,0
24243,0.505063,0,0
24244,0.505083,0,0
24245,0.505104,0,0
24246,0.505125,0,0
24247,0.505146,0,0
24248,0.505167,0,0
24249,0.505188,0,0
24250,0.505208,0,0
24251,0.505229,0,0
24252,0.50525,0,0
24253,0.505271,0,0
24254,0.505292,0,0
24255,0.505313,0,0
24256,0.505333,0,0
24257,0.505354,0,0
24258,0.505375,0,0
24259,0.505396,0,0
24260,0.505417,0,0
24261,0.505437,0,0
24262,0.505458,0,0
24263,0.505479,0,0
24264,0.5055,0,0
24265,0.505521,0,0
24266,0.505542,0,0
24267,0.505562,0,0
24268,0.505583,0,0
24269,0.505604,0,0
24270,0.505625,0,0
24271,0.505646,0,0
24272,0.505667,0,0
24273,0.505687,0,0
24274,0.505708,0,0
24275,0.505729,0,0
24276,0.50575,0,0
24277,0.505771,0,0
24278,0.505792,0,0
24279,0.505813,0,0
24280,0.505833,0,0
24281,0.505854,0,0
24282,0.505875,0,0
24283,0.505896,0,0
24284,0.505917,0,0
24285,0.505938,0,0
24286,0.505958,0,0
24287,0.505979,0,0
24288,0.506,0,0
24289,0.506021,0,0
24290,0.506042,0,0
24291,0.506063,0,0
24292,0.506083,0,0
24293,0.506104,0,0
24294,0.506125,0,0
24295,0.506146,0,0
24296,0.506167,0,0
24297,0.506187,0,0
24298,0.506208,0,0
24299,0.506229,0,0
24300,0.50625,0,0
24301,0.506271,0,0
24302,0.506292,0,0
24303,0.506312,0,0
24304,0.506333,0,0
24305,0.506354,0,0
24306,0.506375,0,0
24307,0.506396,0,0
24308,0.506417,0,0
24309,0.506437,0,0
24310,0.506458,0,0
24311,0.506479,0,0
24312,0.5065,0,0
24313,0.506521,0,0
24314,0.506542,0,0
24315,0.506562,0,0
24316,0.506583,0,0
24317,0.506604,0,0
24318,0.506625,0,0
24319,0.506646,0,0
24320,0.506667,0,0
24321,0.506688,0,0
24322,0.506708,0,0
24323,0.506729,0,0
24324,0.50675,0,0
24325,0.506771,0,0
24326,0.506792,0,0
24327,0.506813,0,0
24328,0.506833,0,0
24329,0.506854,0,0
24330,0.506875,0,0
24331,0.506896,0,0
24332,0.506917,0,0
24333,0.506938,0,0
24334,0.506958,0,0
24335,0.506979,0,0
24336,0.507,0,0
24337,0.507021,0,0
24338,0.507042,0,0
24339,0.507062,0,0
24340,0.507083,0,0
24341,0.507104,0,0
24342,0.507125,0,0
24343,0.507146,0,0
24344,0.507167,0,0
24345,0.507187,0,0
24346,0.507208,0,0
24347,0.507229,0,0
24348,0.50725,0,0
24349,0.507271,0,0
24350,0.507292,0,0
24351,0.507312,0,0
24352,0.507333,0,0
24353,0.507354,0,0
24354,0.507375,0,0
24355,0.507396,0,0
24356,0.507417,0,0
24357,0.507438,0,0
24358,0.507458,0,0
24359,0.507479,0,0
24360,0.5075,0,0
24361,0.507521,0,0
24362,0.507542,0,0
24363,0.507563,0,0
24364,0.507583,0,0
24365,0.507604,0,0
24366,0.507625,0,0
24367,0.507646,0,0
24368,0.507667,0,0
24369,0.507688,0,0
24370,0.507708,0,0
24371,0.507729,0,0
24372,0.50775,0,0
24373,0.507771,0,0
24374,0.507792,0,0
24375,0.507812,0,0
24376,0.507833,0,0
24377,0.507854,0,0
24378,0.507875,0,0
24379,0.507896,0,0
24380,0.507917,0,0
24381,0.507937,0,0
24382,0.507958,0,0
24383,0.507979,0,0
24384,0.508,0,0
24385,0.508021,0,0
24386,0.508042,0,0
24387,0.508062,0,0
24388,0.508083,0,0
24389,0.508104,0,0
24390,0.508125,0,0
24391,0.508146,0,0
24392,0.508167,0,0
24393,0.508187,0,0
24394,0.508208,0,0
24395,0.508229,0,0
24396,0.50825,0,0
24397,0.508271,0,0
24398,0.508292,0,0
24399,0.508313,0,0
24400,0.508333,0,0
24401,0.508354,0,0
24402,0.508375,0,0
24403,0.508396,0,0
24404,0.508417,0,0
24405,0.508438,0,0
24406,0.508458,0,0
24407,0.508479,0,0
24408,0.5085,0,0
24409,0.508521,0,0
24410,0.508542,0,0
24411,0.508563,0,0
24412,0.508583,0,0
24413,0.508604,0,0
24414,0.508625,0,0
24415,0.508646,0,0
24416,0.508667,0,0
24417,0.508687,0,0
24418,0.508708,0,0
24419,0.508729,0,0
24420,0.50875,0,0
24421,0.508771,0,0
24422,0.508792,0,0
24423,0.508812,0,0
24424,0.508833,0,0
24425,0.508854,0,0
24426,0.508875,0,0
24427,0.508896,0,0
24428,0.508917,0,0
24429,0.508937,0,0
24430,0.508958,0,0
24431,0.508979,0,0
24432,0.509,0,0
24433,0.509021,0,0
24434,0.509042,0,0
24435,0.509063,0,0
24436,0.509083,0,0
24437,0.509104,0,0
24438,0.509125,0,0
24439,0.509146,0,0
24440,0.509167,0,0
24441,0.509188,0,0
24442,0.509208,0,0
24443,0.509229,0,0
24444,0.50925,0,0
24445,0.509271,0,0
24446,0.509292,0,0
24447,0.509313,0,0
24448,0.509333,0,0
24449,0.509354,0,0
24450,0.509375,0,0
24451,0.509396,0,0
24452,0.509417,0,0
24453,0.509438,0,0
24454,0.509458,0,0
24455,0.509479,0,0
24456,0.5095,0,0
24457,0.509521,0,0
24458,0.509542,0,0
24459,0.509562,0,0
24460,0.509583,0,0
24461,0.509604,0,0
24462,0.509625,0,0
24463,0.509646,0,0
24464,0.509667,0,0
24465,0.509687,0,0
24466,0.509708,0,0
24467,0.509729,0,0
24468,0.50975,0,0
24469,0.509771,0,0
24470,0.509792,0,0
24471,0.509812,0,0
24472,0.509833,0,0
24473,0.509854,0,0
24474,0.509875,0,0
24475,0.509896,0,0
24476,0.509917,0,0
24477,0.509938,0,0
24478,0.509958,0,0
24479,0.509979,0,0
24480,0.51,0,0
24481,0.510021,0,0
24482,0.510042,0,0
24483,0.510063,0,0
24484,0.510083,0,0
24485,0.510104,0,0
24486,0.510125,0,0
24487,0.510146,0,0
24488,0.510167,0,0
24489,0.510188,0,0
24490,0.510208,0,0
24491,0.510229,0,0
24492,0.51025,0,0
24493,0.510271,0,0
24494,0.510292,0,0
24495,0.510312,0,0
24496,0.510333,0,0
24497,0.510354,0,0
24498,0.510375,0,0
24499,0.510396,0,0
24500,0.510417,0,0
24501,0.510437,0,0
24502,0.510458,0,0
24503,0.510479,0,0
24504,0.5105,0,0
24505,0.510521,0,0
24506,0.510542,0,0
24507,0.510562,0,0
24508,0.510583,0,0
24509,0.510604,0,0
24510,0.510625,0,0
24511,0.510646,0,0
24512,0.510667,0,0
24513,0.510687,0,0
24514,0.510708,0,0
24515,0.510729,0,0
24516,0.51075,0,0
24517,0.510771,0,0
24518,0.510792,0,0
24519,0.510813,0,0
24520,0.510833,0,0
24521,0.510854,0,0
24522,0.510875,0,0
24523,0.510896,0,0
24524,0.510917,0,0
24525,0.510938,0,0
24526,0.510958,0,0
24527,0.510979,0,0
24528,0.511,0,0
24529,0.511021,0,0
24530,0.511042,0,0
24531,0.511063,0,0
24532,0.511083,0,0
24533,0.511104,0,0
24534,0.511125,0,0
24535,0.511146,0,0
24536,0.511167,0,0
24537,0.511187,0,0
24538,0.511208,0,0
24539,0.511229,0,0
24540,0.51125,0,0
24541,0.511271,0,0
24542,0.511292,0,0
24543,0.511312,0,0
24544,0.511333,0,0
24545,0.511354,0,0
24546,0.511375,0,0
24547,0.511396,0,0
24548,0.511417,0,0
24549,0.511437,0,0
24550,0.511458,0,0
24551,0.511479,0,0
24552,0.5115,0,0
24553,0.511521,0,0
24554,0.511542,0,0
24555,0.511563,0,0
24556,0.511583,0,0
24557,0.511604,0,0
24558,0.511625,0,0
24559,0.511646,0,0
24560,0.511667,0,0
24561,0.511688,0,0
24562,0.511708,0,0
24563,0.511729,0,0
24564,0.51175,0,0
24565,0.511771,0,0
24566,0.511792,0,0
24567,0.511813,0,0
24568,0.511833,0,0
24569,0.511854,0,0
24570,0.511875,0,0
24571,0.511896,0,0
24572,0.511917,0,0
24573,0.511937,0,0
24574,0.511958,0,0
24575,0.511979,0,0
24576,0.512,0,0
24577,0.512021,0,0
24578,0.512042,0,0
24579,0.512062,0,0
24580,0.512083,0,0
24581,0.512104,0,0
24582,0.512125,0,0
24583,0.512146,0,0
24584,0.512167,0,0
24585,0.512187,0,0
24586,0.512208,0,0
24587,0.512229,0,0
24588,0.51225,0,0
24589,0.512271,0,0
24590,0.512292,0,0
24591,0.512312,0,0
24592,0.512333,0,0
24593,0.512354,0,0
24594,0.512375,0,0
24595,0.512396,0,0
24596,0.512417,0,0
24597,0.512438,0,0
24598,0.512458,0,0
24599,0.512479,0,0
24600,0.5125,0,0
24601,0.512521,0,0
24602,0.512542,0,0
24603,0.512563,0,0
24604,0.512583,0,0
24605,0.512604,0,0
24606,0.512625,0,0
24607,0.512646,0,0
24608,0.512667,0,0
24609,0.512688,0,0
24610,0.512708,0,0
24611,0.512729,0,0
24612,0.51275,0,0
24613,0.512771,0,0
24614,0.512792,0,0
24615,0.512812,0,0
24616,0.512833,0,0
24617,0.512854,0,0
24618,0.512875,0,0
24619,0.512896,0,0
24620,0.512917,0,0
24621,0.512937,0,0
24622,0.512958,0,0
24623,0.512979,0,0
24624,0.513,0,0
24625,0.513021,0,0
24626,0.513042,0,0
24627,0.513062,0,0
24628,0.513083,0,0
24629,0.513104,0,0
24630,0.513125,0,0
24631,0.513146,0,0
24632,0.513167,0,0
24633,0.513188,0,0
24634,0.513208,0,0
24635,0.513229,0,0
24636,0.51325,0,0
24637,0.513271,0,0
24638,0.513292,0,0
24639,0.513313,0,0
24640,0.513333,0,0
24641,0.513354,0,0
24642,0.513375,0,0
24643,0.513396,0,0
24644,0.513417,0,0
24645,0.513438,0,0
24646,0.513458,0,0
24647,0.513479,0,0
24648,0.5135,0,0
24649,0.513521,0,0
24650,0.513542,0,0
24651,0.513563,0,0
24652,0.513583,0,0
24653,0.513604,0,0
24654,0.513625,0,0
24655,0.513646,0,0
24656,0.513667,0,0
24657,0.513687,0,0
24658,0.513708,0,0
24659,0.513729,0,0
24660,0.51375,0,0
24661,0.513771,0,0
24662,0.513792,0,0
24663,0.513812,0,0
24664,0.513833,0,0
24665,0.513854,0,0
24666,0.513875,0,0
24667,0.513896,0,0
24668,0.513917,0,0
24669,0.513937,0,0
24670,0.513958,0,0
24671,0.513979,0,0
24672,0.514,0,0
24673,0.514021,0,0
24674,0.514042,0,0
24675,0.514063,0,0
24676,0.514083,0,0
24677,0.514104,0,0
24678,0.514125,0,0
24679,0.514146,0,0
24680,0.514167,0,0
24681,0.514188,0,0
24682,0.514208,0,0
24683,0.514229,0,0
24684,0.51425,0,0
24685,0.514271,0,0
24686,0.514292,0,0
24687,0.514313,0,0
24688,0.514333,0,0
24689,0.514354,0,0
24690,0.514375,0,0
24691,0.514396,0,0
24692,0.514417,0,0
24693,0.514437,0,0
24694,0.514458,0,0
24695,0.514479,0,0
24696,0.5145,0,0
24697,0.514521,0,0
24698,0.514542,0,0
24699,0.514562,0,0
24700,0.514583,0,0
24701,0.514604,0,0
24702,0.514625,0,0
24703,0.514646,0,0
24704,0.514667,0,0
24705,0.514687,0,0
24706,0.514708,0,0
24707,0.514729,0,0
24708,0.51475,0,0
24709,0.514771,0,0
24710,0.514792,0,0
24711,0.514813,0,0
24712,0.514833,0,0
24713,0.514854,0,0
24714,0.514875,0,0
24715,0.514896,0,0
24716,0.514917,0,0
24717,0.514938,0,0
24718,0.514958,0,0
24719,0.514979,0,0
24720,0.515,0,0
24721,0.515021,0,0
24722,0.515042,0,0
24723,0.515063,0,0
24724,0.515083,0,0
24725,0.515104,0,0
24726,0.515125,0,0
24727,0.515146,0,0
24728,0.515167,0,0
24729,0.515188,0,0
24730,0.515208,0,0
24731,0.515229,0,0
24732,0.51525,0,0
24733,0.515271,0,0
24734,0.515292,0,0
24735,0.515312,0,0
24736,0.515333,0,0
24737,0.515354,0,0
24738,0.515375,0,0
24739,0.515396,0,0
24740,0.515417,0,0
24741,0.515437,0,0
24742,0.515458,0,0
24743,0.515479,0,0
24744,0.5155,0,0
24745,0.515521,0,0
24746,0.515542,0,0
24747,0.515562,0,0
24748,0.515583,0,0
24749,0.515604,0,0
24750,0.515625,0,0
24751,0.515646,0,0
24752,0.515667,0,0
24753,0.515688,0,0
24754,0.515708,0,0
24755,0.515729,0,0
24756,0.51575,0,0
24757,0.515771,0,0
24758,0.515792,0,0
24759,0.515813,0,0
24760,0.515833,0,0
24761,0.515854,0,0
24762,0.515875,0,0
24763,0.515896,0,0
24764,0.515917,0,0
24765,0.515938,0,0
24766,0.515958,0,0
24767,0.515979,0,0
24768,0.516,0,0
24769,0.516021,0,0
24770,0.516042,0,0
24771,0.516062,0,0
24772,0.516083,0,0
24773,0.516104,0,0
24774,0.516125,0,0
24775,0.516146,0,0
24776,0.516167,0,0
24777,0.516187,0,0
24778,0.516208,0,0
24779,0.516229,0,0
24780,0.51625,0,0
24781,0.516271,0,0
24782,0.516292,0,0
24783,0.516312,0,0
24784,0.516333,0,0
24785,0.516354,0,0
24786,0.516375,0,0
24787,0.516396,0,0
24788,0.516417,0,0
24789,0.516437,0,0
24790,0.516458,0,0
24791,0.516479,0,0
24792,0.5165,0,0
24793,0.516521,0,0
24794,0.516542,0,0
24795,0.516563,0,0
24796,0.516583,0,0
24797,0.516604,0,0
24798,0.516625,0,0
24799,0.516646,0,0
24800,0.516667,0,0
24801,0.516688,0,0
24802,0.516708,0,0
24803,0.516729,0,0
24804,0.51675,0,0
24805,0.516771,0,0
24806,0.516792,0,0
24807,0.516813,0,0
24808,0.516833,0,0
24809,0.516854,0,0
24810,0.516875,0,0
24811,0.516896,0,0
24812,0.516917,0,0
24813,0.516937,0,0
24814,0.516958,0,0
24815,0.516979,0,0
24816,0.517,0,0
24817,0.517021,0,0
24818,0.517042,0,0
24819,0.517062,0,0
24820,0.517083,0,0
24821,0.517104,0,0
24822,0.517125,0,0
24823,0.517146,0,0
24824,0.517167,0,0
24825,0.517187,0,0
24826,0.517208,0,0
24827,0.517229,0,0
24828,0.51725,0,0
24829,0.517271,0,0
24830,0.517292,0,0
24831,0.517313,0,0
24832,0.517333,0,0
24833,0.517354,0,0
24834,0.517375,0,0
24835,0.517396,0,0
24836,0.517417,0,0
24837,0.517438,0,0
24838,0.517458,0,0
24839,0.517479,0,0
24840,0.5175,0,0
24841,0.517521,0,0
24842,0.517542,0,0
24843,0.517563,0,0
24844,0.517583,0,0
24845,0.517604,0,0
24846,0.517625,0,0
24847,0.517646,0,0
24848,0.517667,0,0
24849,0.517687,0,0
24850,0.517708,0,0
24851,0.517729,0,0
24852,0.51775,0,0
24853,0.517771,0,0
24854,0.517792,0,0
24855,0.517812,0,0
24856,0.517833,0,0
24857,0.517854,0,0
24858,0.517875,0,0
24859,0.517896,0,0
24860,0.517917,0,0
24861,0.517937,0,0
24862,0.517958,0,0
24863,0.517979,0,0
24864,0.518,0,0
24865,0.518021,0,0
24866,0.518042,0,0
24867,0.518062,0,0
24868,0.518083,0,0
24869,0.518104,0,0
24870,0.518125,0,0
24871,0.518146,0,0
24872,0.518167,0,0
24873,0.518188,0,0
24874,0.518208,0,0
24875,0.518229,0,0
24876,0.51825,0,0
24877,0.518271,0,0
24878,0.518292,0,0
24879,0.518313,0,0
24880,0.518333,0,0
24881,0.518354,0,0
24882,0.518375,0,0
24883,0.518396,0,0
24884,0.518417,0,0
24885,0.518438,0,0
24886,0.518458,0,0
24887,0.518479,0,0
24888,0.5185,0,0
24889,0.518521,0,0
24890,0.518542,0,0
24891,0.518562,0,0
24892,0.518583,0,0
24893,0.518604,0,0
24894,0.518625,0,0
24895,0.518646,0,0
24896,0.518667,0,0
24897,0.518687,0,0
24898,0.518708,0,0
24899,0.518729,0,0
24900,0.51875,0,0
24901,0.518771,0,0
24902,0.518792,0,0
24903,0.518812,0,0
24904,0.518833,0,0
24905,0.518854,0,0
24906,0.518875,0,0
24907,0.518896,0,0
24908,0.518917,0,0
24909,0.518938,0,0
24910,0.518958,0,0
24911,0.518979,0,0
24912,0.519,0,0
24913,0.519021,0,0
24914,0.519042,0,0
24915,0.519063,0,0
24916,0.519083,0,0
24917,0.519104,0,0
24918,0.519125,0,0
24919,0.519146,0,0
24920,0.519167,0,0
24921,0.519188,0,0
24922,0.519208,0,0
24923,0.519229,0,0
24924,0.51925,0,0
24925,0.519271,0,0
24926,0.519292,0,0
24927,0.519313,0,0
24928,0.519333,0,0
24929,0.519354,0,0
24930,0.519375,0,0
24931,0.519396,0,0
24932,0.519417,0,0
24933,0.519437,0,0
24934,0.519458,0,0
24935,0.519479,0,0
24936,0.5195,0,0
24937,0.519521,0,0
24938,0.519542,0,0
24939,0.519562,0,0
24940,0.519583,0,0
24941,0.519604,0,0
24942,0.519625,0,0
24943,0.519646,0,0
24944,0.519667,0,0
24945,0.519687,0,0
24946,0.519708,0,0
24947,0.519729,0,0
24948,0.51975,0,0
24949,0.519771,0,0
24950,0.519792,0,0
24951,0.519813,0,0
24952,0.519833,0,0
24953,0.519854,0,0
24954,0.519875,0,0
24955,0.519896,0,0
24956,0.519917,0,0
24957,0.519938,0,0
24958,0.519958,0,0
24959,0.519979,0,0
24960,0.52,0,0
24961,0.520021,0,0
24962,0.520042,0,0
24963,0.520063,0,0
24964,0.520083,0,0
24965,0.520104,0,0
24966,0.520125,0,0
24967,0.520146,0,0
24968,0.520167,0,0
24969,0.520187,0,0
24970,0.520208,0,0
24971,0.520229,0,0
24972,0.52025,0,0
24973,0.520271,0,0
24974,0.520292,0,0
24975,0.520312,0,0
24976,0.520333,0,0
24977,0.520354,0,0
24978,0.520375,0,0
24979,0.520396,0,0
24980,0.520417,0,0
24981,0.520437,0,0
24982,0.520458,0,0
24983,0.520479,0,0
24984,0.5205,0,0
24985,0.520521,0,0
24986,0.520542,0,0
24987,0.520563,0,0
24988,0.520583,0,0
24989,0.520604,0,0
24990,0.520625,0,0
24991,0.520646,0,0
24992,0.520667,0,0
24993,0.520688,0,0
24994,0.520708,0,0
24995,0.520729,0,0
24996,0.52075,0,0
24997,0.520771,0,0
24998,0.520792,0,0
24999,0.520813,0,0
25000,0.520833,0,0
25001,0.520854,0,0
25002,0.520875,0,0
25003,0.520896,0,0
25004,0.520917,0,0
25005,0.520938,0,0
25006,0.520958,0,0
25007,0.520979,0,0
25008,0.521,0,0
25009,0.521021,0,0
25010,0.521042,0,0
25011,0.521062,0,0
25012,0.521083,0,0
25013,0.521104,0,0
25014,0.521125,0,0
25015,0.521146,0,0
25016,0.521167,0,0
25017,0.521187,0,0
25018,0.521208,0,0
25019,0.521229,0,0
25020,0.52125,0,0
25021,0.521271,0,0
25022,0.521292,0,0
25023,0.521312,0,0
25024,0.521333,0,0
25025,0.521354,0,0
25026,0.521375,0,0
25027,0.521396,0,0
25028,0.521417,0,0
25029,0.521438,0,0
25030,0.521458,0,0
25031,0.521479,0,0
25032,0.5215,0,0
25033,0.521521,0,0
25034,0.521542,0,0
25035,0.521563,0,0
25036,0.521583,0,0
25037,0.521604,0,0
25038,0.521625,0,0
25039,0.521646,0,0
25040,0.521667,0,0
25041,0.521688,0,0
25042,0.521708,0,0
25043,0.521729,0,0
25044,0.52175,0,0
25045,0.521771,0,0
25046,0.521792,0,0
25047,0.521812,0,0
25048,0.521833,0,0
25049,0.521854,0,0
25050,0.521875,0,0
25051,0.521896,0,0
25052,0.521917,0,0
25053,0.521937,0,0
25054,0.521958,0,0
25055,0.521979,0,0
25056,0.522,0,0
25057,0.522021,0,0
25058,0.522042,0,0
25059,0.522062,0,0
25060,0.522083,0,0
25061,0.522104,0,0
25062,0.522125,0,0
25063,0.522146,0,0
25064,0.522167,0,0
25065,0.522187,0,0
25066,0.522208,0,0
25067,0.522229,0,0
25068,0.52225,0,0
25069,0.522271,0,0
25070,0.522292,0,0
25071,0.522313,0,0
25072,0.522333,0,0
25073,0.522354,0,0
25074,0.522375,0,0
25075,0.522396,0,0
25076,0.522417,0,0
25077,0.522438,0,0
25078,0.522458,0,0
25079,0.522479,0,0
25080,0.5225,0,0
25081,0.522521,0,0
25082,0.522542,0,0
25083,0.522563,0,0
25084,0.522583,0,0
25085,0.522604,0,0
25086,0.522625,0,0
25087,0.522646,0,0
25088,0.522667,0,0
25089,0.522687,0,0
25090,0.522708,0,0
25091,0.522729,0,0
25092,0.52275,0,0
25093,0.522771,0,0
25094,0.522792,0,0
25095,0.522812,0,0
25096,0.522833,0,0
25097,0.522854,0,0
25098,0.522875,0,0
25099,0.522896,0,0
25100,0.522917,0,0
25101,0.522937,0,0
25102,0.522958,0,0
25103,0.522979,0,0
25104,0.523,0,0
25105,0.523021,0,0
25106,0.523042,0,0
25107,0.523063,0,0
25108,0.523083,0,0
25109,0.523104,0,0
25110,0.523125,0,0
25111,0.523146,0,0
25112,0.523167,0,0
25113,0.523188,0,0
25114,0.523208,0,0
25115,0.523229,0,0
25116,0.52325,0,0
25117,0.523271,0,0
25118,0.523292,0,0
25119,0.523313,0,0
25120,0.523333,0,0
25121,0.523354,0,0
25122,0.523375,0,0
25123,0.523396,0,0
25124,0.523417,0,0
25125,0.523438,0,0
25126,0.523458,0,0
25127,0.523479,0,0
25128,0.5235,0,0
25129,0.523521,0,0
25130,0.523542,0,0
25131,0.523562,0,0
25132,0.523583,0,0
25133,0.523604,0,0
25134,0.523625,0,0
25135,0.523646,0,0
25136,0.523667,0,0
25137,0.523687,0,0
25138,0.523708,0,0
25139,0.523729,0,0
25140,0.52375,0,0
25141,0.523771,0,0
25142,0.523792,0,0
25143,0.523812,0,0
25144,0.523833,0,0
25145,0.523854,0,0
25146,0.523875,0,0
25147,0.523896,0,0
25148,0.523917,0,0
25149,0.523938,0,0
25150,0.523958,0,0
25151,0.523979,0,0
25152,0.524,0,0
25153,0.524021,0,0
25154,0.524042,0,0
25155,0.524063,0,0
25156,0.524083,0,0
25157,0.524104,0,0
25158,0.524125,0,0
25159,0.524146,0,0
25160,0.524167,0,0
25161,0.524188,0,0
25162,0.524208,0,0
25163,0.524229,0,0
25164,0.52425,0,0
25165,0.524271,0,0
25166,0.524292,0,0
25167,0.524312,0,0
25168,0.524333,0,0
25169,0.524354,0,0
25170,0.524375,0,0
25171,0.524396,0,0
25172,0.524417,0,0
25173,0.524437,0,0
25174,0.524458,0,0
25175,0.524479,0,0
25176,0.5245,0,0
25177,0.524521,0,0
25178,0.524542,0,0
25179,0.524562,0,0
25180,0.524583,0,0
25181,0.524604,0,0
25182,0.524625,0,0
25183,0.524646,0,0
25184,0.524667,0,0
25185,0.524688,0,0
25186,0.524708,0,0
25187,0.524729,0,0
25188,0.52475,0,0
25189,0.524771,0,0
25190,0.524792,0,0
25191,0.524813,0,0
25192,0.524833,0,0
25193,0.524854,0,0
25194,0.524875,0,0
25195,0.524896,0,0
25196,0.524917,0,0
25197,0.524938,0,0
25198,0.524958,0,0
25199,0.524979,0,0
25200,0.525,0,0
25201,0.525021,0,0
25202,0.525042,0,0
25203,0.525063,0,0
25204,0.525083,0,0
25205,0.525104,0,0
25206,0.525125,0,0
25207,0.525146,0,0
25208,0.525167,0,0
25209,0.525187,0,0
25210,0.525208,0,0
25211,0.525229,0,0
25212,0.52525,0,0
25213,0.525271,0,0
25214,0.525292,0,0
25215,0.525312,0,0
25216,0.525333,0,0
25217,0.525354,0,0
25218,0.525375,0,0
25219,0.525396,0,0
25220,0.525417,0,0
25221,0.525437,0,0
25222,0.525458,0,0
25223,0.525479,0,0
25224,0.5255,0,0
25225,0.525521,0,0
25226,0.525542,0,0
25227,0.525563,0,0
25228,0.525583,0,0
25229,0.525604,0,0
25230,0.525625,0,0
25231,0.525646,0,0
25232,0.525667,0,0
25233,0.525688,0,0
25234,0.525708,0,0
25235,0.525729,0,0
25236,0.52575,0,0
25237,0.525771,0,0
25238,0.525792,0,0
25239,0.525813,0,0
25240,0.525833,0,0
25241,0.525854,0,0
25242,0.525875,0,0
25243,0.525896,0,0
25244,0.525917,0,0
25245,0.525937,0,0
25246,0.525958,0,0
25247,0.525979,0,0
25248,0.526,0,0
25249,0.526021,0,0
25250,0.526042,0,0
25251,0.526062,0,0
25252,0.526083,0,0
25253,0.526104,0,0
25254,0.526125,0,0
25255,0.526146,0,0
25256,0.526167,0,0
25257,0.526187,0,0
25258,0.526208,0,0
25259,0.526229,0,0
25260,0.52625,0,0
25261,0.526271,0,0
25262,0.526292,0,0
25263,0.526312,0,0
25264,0.526333,0,0
25265,0.526354,0,0
25266,0.526375,0,0
25267,0.526396,0,0
25268,0.526417,0,0
25269,0.526438,0,0
25270,0.526458,0,0
25271,0.526479,0,0
25272,0.5265,0,0
25273,0.526521,0,0
25274,0.526542,0,0
25275,0.526563,0,0
25276,0.526583,0,0
25277,0.526604,0,0
25278,0.526625,0,0
25279,0.526646,0,0
25280,0.526667,0,0
25281,0.526688,0,0
25282,0.526708,0,0
25283,0.526729,0,0
25284,0.52675,0,0
25285,0.526771,0,0
25286,0.526792,0,0
25287,0.526812,0,0
25288,0.526833,0,0
25289,0.526854,0,0
25290,0.526875,0,0
25291,0.526896,0,0
25292,0.526917,0,0
25293,0.526937,0,0
25294,0.526958,0,0
25295,0.526979,0,0
25296,0.527,0,0
25297,0.527021,0,0
25298,0.527042,0,0
25299,0.527062,0,0
25300,0.527083,0,0
25301,0.527104,0,0
25302,0.527125,0,0
25303,0.527146,0,0
25304,0.527167,0,0
25305,0.527188,0,0
25306,0.527208,0,0
25307,0.527229,0,0
25308,0.52725,0,0
25309,0.527271,0,0
25310,0.527292,0,0
25311,0.527313,0,0
25312,0.527333,0,0
25313,0.527354,0,0
25314,0.527375,0,0
25315,0.527396,0,0
25316,0.527417,0,0
25317,0.527438,0,0
25318,0.527458,0,0
25319,0.527479,0,0
25320,0.5275,0,0
25321,0.527521,0,0
25322,0.527542,0,0
25323,0.527562,0,0
25324,0.527583,0,0
25325,0.527604,0,0
25326,0.527625,0,0
25327,0.527646,0,0
25328,0.527667,0,0
25329,0.527687,0,0
25330,0.527708,0,0
25331,0.527729,0,0
25332,0.52775,0,0
25333,0.527771,0,0
25334,0.527792,0,0
25335,0.527812,0,0
25336,0.527833,0,0
25337,0.527854,0,0
25338,0.527875,0,0
25339,0.527896,0,0
25340,0.527917,0,0
25341,0.527937,0,0
25342,0.527958,0,0
25343,0.527979,0,0
25344,0.528,0,0
25345,0.528021,0,0
25346,0.528042,0,0
25347,0.528063,0,0
25348,0.528083,0,0
25349,0.528104,0,0
25350,0.528125,0,0
25351,0.528146,0,0
25352,0.528167,0,0
25353,0.528188,0,0
25354,0.528208,0,0
25355,0.528229,0,0
25356,0.52825,0,0
25357,0.528271,0,0
25358,0.528292,0,0
25359,0.528313,0,0
25360,0.528333,0,0
25361,0.528354,0,0
25362,0.528375,0,0
25363,0.528396,0,0
25364,0.528417,0,0
25365,0.528437,0,0
25366,0.528458,0,0
25367,0.528479,0,0
25368,0.5285,0,0
25369,0.528521,0,0
25370,0.528542,0,0
25371,0.528562,0,0
25372,0.528583,0,0
25373,0.528604,0,0
25374,0.528625,0,0
25375,0.528646,0,0
25376,0.528667,0,0
25377,0.528687,0,0
25378,0.528708,0,0
25379,0.528729,0,0
25380,0.52875,0,0
25381,0.528771,0,0
25382,0.528792,0,0
25383,0.528813,0,0
25384,0.528833,0,0
25385,0.528854,0,0
25386,0.528875,0,0
25387,0.528896,0,0
25388,0.528917,0,0
25389,0.528938,0,0
25390,0.528958,0,0
25391,0.528979,0,0
25392,0.529,0,0
25393,0.529021,0,0
25394,0.529042,0,0
25395,0.529063,0,0
25396,0.529083,0,0
25397,0.529104,0,0
25398,0.529125,0,0
25399,0.529146,0,0
25400,0.529167,0,0
25401,0.529188,0,0
25402,0.529208,0,0
25403,0.529229,0,0
25404,0.52925,0,0
25405,0.529271,0,0
25406,0.529292,0,0
25407,0.529312,0,0
25408,0.529333,0,0
25409,0.529354,0,0
25410,0.529375,0,0
25411,0.529396,0,0
25412,0.529417,0,0
25413,0.529437,0,0
25414,0.529458,0,0
25415,0.529479,0,0
25416,0.5295,0,0
25417,0.529521,0,0
25418,0.529542,0,0
25419,0.529562,0,0
25420,0.529583,0,0
25421,0.529604,0,0
25422,0.529625,0,0
25423,0.529646,0,0
25424,0.529667,0,0
25425,0.529688,0,0
25426,0.529708,0,0
25427,0.529729,0,0
25428,0.52975,0,0
25429,0.529771,0,0
25430,0.529792,0,0
25431,0.529813,0,0
25432,0.529833,0,0
25433,0.529854,0,0
25434,0.529875,0,0
25435,0.529896,0,0
25436,0.529917,0,0
25437,0.529938,0,0
25438,0.529958,0,0
25439,0.529979,0,0
25440,0.53,0,0
25441,0.530021,0,0
25442,0.530042,0,0
25443,0.530062,0,0
25444,0.530083,0,0
25445,0.530104,0,0
25446,0.530125,0,0
25447,0.530146,0,0
25448,0.530167,0,0
25449,0.530187,0,0
25450,0.530208,0,0
25451,0.530229,0,0
25452,0.53025,0,0
25453,0.530271,0,0
25454,0.530292,0,0
25455,0.530312,0,0
25456,0.530333,0,0
25457,0.530354,0,0
25458,0.530375,0,0
25459,0.530396,0,0
25460,0.530417,0,0
25461,0.530438,0,0
25462,0.530458,0,0
25463,0.530479,0,0
25464,0.5305,0,0
25465,0.530521,0,0
25466,0.530542,0,0
25467,0.530563,0,0
25468,0.530583,0,0
25469,0.530604,0,0
25470,0.530625,0,0
25471,0.530646,0,0
25472,0.530667,0,0
25473,0.530688,0,0
25474,0.530708,0,0
25475,0.530729,0,0
25476,0.53075,0,0
25477,0.530771,0,0
25478,0.530792,0,0
25479,0.530813,0,0
25480,0.530833,0,0
25481,0.530854,0,0
25482,0.530875,0,0
25483,0.530896,0,0
25484,0.530917,0,0
25485,0.530937,0,0
25486,0.530958,0,0
25487,0.530979,0,0
25488,0.531,0,0
25489,0.531021,0,0
25490,0.531042,0,0
25491,0.531062,0,0
25492,0.531083,0,0
25493,0.531104,0,0
25494,0.531125,0,0
25495,0.531146,0,0
25496,0.531167,0,0
25497,0.531187,0,0
25498,0.531208,0,0
25499,0.531229,0,0
25500,0.53125,0,0
25501,0.531271,0,0
25502,0.531292,0,0
25503,0.531313,0,0
25504,0.531333,0,0
25505,0.531354,0,0
25506,0.531375,0,0
25507,0.531396,0,0
25508,0.531417,0,0
25509,0.531438,0,0
25510,0.531458,0,0
25511,0.531479,0,0
25512,0.5315,0,0
25513,0.531521,0,0
25514,0.531542,0,0
25515,0.531563,0,0
25516,0.531583,0,0
25517,0.531604,0,0
25518,0.531625,0,0
25519,0.531646,0,0
25520,0.531667,0,0
25521,0.531687,0,0
25522,0.531708,0,0
25523,0.531729,0,0
25524,0.53175,0,0
25525,0.531771,0,0
25526,0.531792,0,0
25527,0.531812,0,0
25528,0.531833,0,0
25529,0.531854,0,0
25530,0.531875,0,0
25531,0.531896,0,0
25532,0.531917,0,0
25533,0.531937,0,0
25534,0.531958,0,0
25535,0.531979,0,0
25536,0.532,0,0
25537,0.532021,0,0
25538,0.532042,0,0
25539,0.532062,0,0
25540,0.532083,0,0
25541,0.532104,0,0
25542,0.532125,0,0
25543,0.532146,0,0
25544,0.532167,0,0
25545,0.532188,0,0
25546,0.532208,0,0
25547,0.532229,0,0
25548,0.53225,0,0
25549,0.532271,0,0
25550,0.532292,0,0
25551,0.532313,0,0
25552,0.532333,0,0
25553,0.532354,0,0
25554,0.532375,0,0
25555,0.532396,0,0
25556,0.532417,0,0
25557,0.532438,0,0
25558,0.532458,0,0
25559,0.532479,0,0
25560,0.5325,0,0
25561,0.532521,0,0
25562,0.532542,0,0
25563,0.532562,0,0
25564,0.532583,0,0
25565,0.532604,0,0
25566,0.532625,0,0
25567,0.532646,0,0
25568,0.532667,0,0
25569,0.532687,0,0
25570,0.532708,0,0
25571,0.532729,0,0
25572,0.53275,0,0
25573,0.532771,0,0
25574,0.532792,0,0
25575,0.532812,0,0
25576,0.532833,0,0
25577,0.532854,0,0
25578,0.532875,0,0
25579,0.532896,0,0
25580,0.532917,0,0
25581,0.532938,0,0
25582,0.532958,0,0
25583,0.532979,0,0
25584,0.533,0,0
25585,0.533021,0,0
25586,0.533042,0,0
25587,0.533063,0,0
25588,0.533083,0,0
25589,0.533104,0,0
25590,0.533125,0,0
25591,0.533146,0,0
25592,0.533167,0,0
25593,0.533188,0,0
25594,0.533208,0,0
25595,0.533229,0,0
25596,0.53325,0,0
25597,0.533271,0,0
25598,0.533292,0,0
25599,0.533312,0,0
25600,0.533333,0,0
25601,0.533354,0,0
25602,0.533375,0,0
25603,0.533396,0,0
25604,0.533417,0,0
25605,0.533437,0,0
25606,0.533458,0,0
25607,0.533479,0,0
25608,0.5335,0,0
25609,0.533521,0,0
25610,0.533542,0,0
25611,0.533562,0,0
25612,0.533583,0,0
25613,0.533604,0,0
25614,0.533625,0,0
25615,0.533646,0,0
25616,0.533667,0,0
25617,0.533687,0,0
25618,0.533708,0,0
25619,0.533729,0,0
25620,0.53375,0,0
25621,0.533771,0,0
25622,0.533792,0,0
25623,0.533813,0,0
25624,0.533833,0,0
25625,0.533854,0,0
25626,0.533875,0,0
25627,0.533896,0,0
25628,0.533917,0,0
25629,0.533938,0,0
25630,0.533958,0,0
25631,0.533979,0,0
25632,0.534,0,0
25633,0.534021,0,0
25634,0.534042,0,0
25635,0.534063,0,0
25636,0.534083,0,0
25637,0.534104,0,0
25638,0.534125,0,0
25639,0.534146,0,0
25640,0.534167,0,0
25641,0.534187,0,0
25642,0.534208,0,0
25643,0.534229,0,0
25644,0.53425,0,0
25645,0.534271,0,0
25646,0.534292,0,0
25647,0.534312,0,0
25648,0.534333,0,0
25649,0.534354,0,0
25650,0.534375,0,0
25651,0.534396,0,0
25652,0.534417,0,0
25653,0.534437,0,0
25654,0.534458,0,0
25655,0.534479,0,0
25656,0.5345,0,0
25657,0.534521,0,0
25658,0.534542,0,0
25659,0.534563,0,0
25660,0.534583,0,0
25661,0.534604,0,0
25662,0.534625,0,0
25663,0.534646,0,0
25664,0.534667,0,0
25665,0.534688,0,0
25666,0.534708,0,0
25667,0.534729,0,0
25668,0.53475,0,0
25669,0.534771,0,0
25670,0.534792,0,0
25671,0.534813,0,0
25672,0.534833,0,0
25673,0.534854,0,0
25674,0.534875,0,0
25675,0.534896,0,0
25676,0.534917,0,0
25677,0.534938,0,0
25678,0.534958,0,0
25679,0.534979,0,0
25680,0.535,0,0
25681,0.535021,0,0
25682,0.535042,0,0
25683,0.535062,0,0
25684,0.535083,0,0
25685,0.535104,0,0
25686,0.535125,0,0
25687,0.535146,0,0
25688,0.535167,0,0
25689,0.535187,0,0
25690,0.535208,0,0
25691,0.535229,0,0
25692,0.53525,0,0
25693,0.535271,0,0
25694,0.535292,0,0
25695,0.535312,0,0
25696,0.535333,0,0
25697,0.535354,0,0
25698,0.535375,0,0
25699,0.535396,0,0
25700,0.535417,0,0
25701,0.535438,0,0
25702,0.535458,0,0
25703,0.535479,0,0
25704,0.5355,0,0
25705,0.535521,0,0
25706,0.535542,0,0
25707,0.535563,0,0
25708,0.535583,0,0
25709,0.535604,0,0
25710,0.535625,0,0
25711,0.535646,0,0
25712,0.535667,0,0
25713,0.535688,0,0
25714,0.535708,0,0
25715,0.535729,0,0
25716,0.53575,0,0
25717,0.535771,0,0
25718,0.535792,0,0
25719,0.535812,0,0
25720,0.535833,0,0
25721,0.535854,0,0
25722,0.535875,0,0
25723,0.535896,0,0
25724,0.535917,0,0
25725,0.535937,0,0
25726,0.535958,0,0
25727,0.535979,0,0
25728,0.536,0,0
25729,0.536021,0,0
25730,0.536042,0,0
25731,0.536062,0,0
25732,0.536083,0,0
25733,0.536104,0,0
25734,0.536125,0,0
25735,0.536146,0,0
25736,0.536167,0,0
25737,0.536188,0,0
25738,0.536208,0,0
25739,0.536229,0,0
25740,0.53625,0,0
25741,0.536271,0,0
25742,0.536292,0,0
25743,0.536313,0,0
25744,0.536333,0,0
25745,0.536354,0,0
25746,0.536375,0,0
25747,0.536396,0,0
25748,0.536417,0,0
25749,0.536438,0,0
25750,0.536458,0,0
25751,0.536479,0,0
25752,0.5365,0,0
25753,0.536521,0,0
25754,0.536542,0,0
25755,0.536563,0,0
25756,0.536583,0,0
25757,0.536604,0,0
25758,0.536625,0,0
25759,0.536646,0,0
25760,0.536667,0,0
25761,0.536687,0,0
25762,0.536708,0,0
25763,0.536729,0,0
25764,0.53675,0,0
25765,0.536771,0,0
25766,0.536792,0,0
25767,0.536812,0,0
25768,0.536833,0,0
25769,0.536854,0,0
25770,0.536875,0,0
25771,0.536896,0,0
25772,0.536917,0,0
25773,0.536937,0,0
25774,0.536958,0,0
25775,0.536979,0,0
25776,0.537,0,0
25777,0.537021,0,0
25778,0.537042,0,0
25779,0.537063,0,0
25780,0.537083,0,0
25781,0.537104,0,0
25782,0.537125,0,0
25783,0.537146,0,0
25784,0.537167,0,0
25785,0.537188,0,0
25786,0.537208,0,0
25787,0.537229,0,0
25788,0.53725,0,0
25789,0.537271,0,0
25790,0.537292,0,0
25791,0.537313,0,0
25792,0.537333,0,0
25793,0.537354,0,0
25794,0.537375,0,0
25795,0.537396,0,0
25796,0.537417,0,0
25797,0.537437,0,0
25798,0.537458,0,0
25799,0.537479,0,0
25800,0.5375,0,0
25801,0.537521,0,0
25802,0.537542,0,0
25803,0.537562,0,0
25804,0.537583,0,0
25805,0.537604,0,0
25806,0.537625,0,0
25807,0.537646,0,0
25808,0.537667,0,0
25809,0.537687,0,0
25810,0.537708,0,0
25811,0.537729,0,0
25812,0.53775,0,0
25813,0.537771,0,0
25814,0.537792,0,0
25815,0.537812,0,0
25816,0.537833,0,0
25817,0.537854,0,0
25818,0.537875,0,0
25819,0.537896,0,0
25820,0.537917,0,0
25821,0.537938,0,0
25822,0.537958,0,0
25823,0.537979,0,0
25824,0.538,0,0
25825,0.538021,0,0
25826,0.538042,0,0
25827,0.538063,0,0
25828,0.538083,0,0
25829,0.538104,0,0
25830,0.538125,0,0
25831,0.538146,0,0
25832,0.538167,0,0
25833,0.538188,0,0
25834,0.538208,0,0
25835,0.538229,0,0
25836,0.53825,0,0
25837,0.538271,0,0
25838,0.538292,0,0
25839,0.538312,0,0
25840,0.538333,0,0
25841,0.538354,0,0
25842,0.538375,0,0
25843,0.538396,0,0
25844,0.538417,0,0
25845,0.538437,0,0
25846,0.538458,0,0
25847,0.538479,0,0
25848,0.5385,0,0
25849,0.538521,0,0
25850,0.538542,0,0
25851,0.538562,0,0
25852,0.538583,0,0
25853,0.538604,0,0
25854,0.538625,0,0
25855,0.538646,0,0
25856,0.538667,0,0
25857,0.538688,0,0
25858,0.538708,0,0
25859,0.538729,0,0
25860,0.53875,0,0
25861,0.538771,0,0
25862,0.538792,0,0
25863,0.538813,0,0
25864,0.538833,0,0
25865,0.538854,0,0
25866,0.538875,0,0
25867,0.538896,0,0
25868,0.538917,0,0
25869,0.538938,0,0
25870,0.538958,0,0
25871,0.538979,0,0
25872,0.539,0,0
25873,0.539021,0,0
25874,0.539042,0,0
25875,0.539062,0,0
25876,0.539083,0,0
25877,0.539104,0,0
25878,0.539125,0,0
25879,0.539146,0,0
25880,0.539167,0,0
25881,0.539187,0,0
25882,0.539208,0,0
25883,0.539229,0,0
25884,0.53925,0,0
25885,0.539271,0,0
25886,0.539292,0,0
25887,0.539312,0,0
25888,0.539333,0,0
25889,0.539354,0,0
25890,0.539375,0,0
25891,0.539396,0,0
25892,0.539417,0,0
25893,0.539437,0,0
25894,0.539458,0,0
25895,0.539479,0,0
25896,0.5395,0,0
25897,0.539521,0,0
25898,0.539542,0,0
25899,0.539563,0,0
25900,0.539583,0,0
25901,0.539604,0,0
25902,0.539625,0,0
25903,0.539646,0,0
25904,0.539667,0,0
25905,0.539688,0,0
25906,0.539708,0,0
25907,0.539729,0,0
25908,0.53975,0,0
25909,0.539771,0,0
25910,0.539792,0,0
25911,0.539813,0,0
25912,0.539833,0,0
25913,0.539854,0,0
25914,0.539875,0,0
25915,0.539896,0,0
25916,0.539917,0,0
25917,0.539937,0,0
25918,0.539958,0,0
25919,0.539979,0,0
25920,0.54,0,0
25921,0.540021,0,0
25922,0.540042,0,0
25923,0.540062,0,0
25924,0.540083,0,0
25925,0.540104,0,0
25926,0.540125,0,0
25927,0.540146,0,0
25928,0.540167,0,0
25929,0.540187,0,0
25930,0.540208,0,0
25931,0.540229,0,0
25932,0.54025,0,0
25933,0.540271,0,0
25934,0.540292,0,0
25935,0.540313,0,0
25936,0.540333,0,0
25937,0.540354,0,0
25938,0.540375,0,0
25939,0.540396,0,0
25940,0.540417,0,0
25941,0.540438,0,0
25942,0.540458,0,0
25943,0.540479,0,0
25944,0.5405,0,0
25945,0.540521,0,0
25946,0.540542,0,0
25947,0.540563,0,0
25948,0.540583,0,0
25949,0.540604,0,0
25950,0.540625,0,0
25951,0.540646,0,0
25952,0.540667,0,0
25953,0.540688,0,0
25954,0.540708,0,0
25955,0.540729,0,0
25956,0.54075,0,0
25957,0.540771,0,0
25958,0.540792,0,0
25959,0.540812,0,0
25960,0.540833,0,0
25961,0.540854,0,0
25962,0.540875,0,0
25963,0.540896,0,0
25964,0.540917,0,0
25965,0.540937,0,0
25966,0.540958,0,0
25967,0.540979,0,0
25968,0.541,0,0
25969,0.541021,0,0
25970,0.541042,0,0
25971,0.541062,0,0
25972,0.541083,0,0
25973,0.541104,0,0
25974,0.541125,0,0
25975,0.541146,0,0
25976,0.541167,0,0
25977,0.541188,0,0
25978,0.541208,0,0
25979,0.541229,0,0
25980,0.54125,0,0
25981,0.541271,0,0
25982,0.541292,0,0
25983,0.541313,0,0
25984,0.541333,0,0
25985,0.541354,0,0
25986,0.541375,0,0
25987,0.541396,0,0
25988,0.541417,0,0
25989,0.541438,0,0
25990,0.541458,0,0
25991,0.541479,0,0
25992,0.5415,0,0
25993,0.541521,0,0
25994,0.541542,0,0
25995,0.541562,0,0
25996,0.541583,0,0
25997,0.541604,0,0
25998,0.541625,0,0
25999,0.541646,0,0
26000,0.541667,0,0
26001,0.541687,0,0
26002,0.541708,0,0
26003,0.541729,0,0
26004,0.54175,0,0
26005,0.541771,0,0
26006,0.541792,0,0
26007,0.541812,0,0
26008,0.541833,0,0
26009,0.541854,0,0
26010,0.541875,0,0
26011,0.541896,0,0
26012,0.541917,0,0
26013,0.541937,0,0
26014,0.541958,0,0
26015,0.541979,0,0
26016,0.542,0,0
26017,0.542021,0,0
26018,0.542042,0,0
26019,0.542063,0,0
26020,0.542083,0,0
26021,0.542104,0,0
26022,0.542125,0,0
26023,0.542146,0,0
26024,0.542167,0,0
26025,0.542188,0,0
26026,0.542208,0,0
26027,0.542229,0,0
26028,0.54225,0,0
26029,0.542271,0,0
26030,0.542292,0,0
26031,0.542313,0,0
26032,0.542333,0,0
26033,0.542354,0,0
26034,0.542375,0,0
26035,0.542396,0,0
26036,0.542417,0,0
26037,0.542437,0,0
26038,0.542458,0,0
26039,0.542479,0,0
26040,0.5425,0,0
26041,0.542521,0,0
26042,0.542542,0,0
26043,0.542562,0,0
26044,0.542583,0,0
26045,0.542604,0,0
26046,0.542625,0,0
26047,0.542646,0,0
26048,0.542667,0,0
26049,0.542687,0,0
26050,0.542708,0,0
26051,0.542729,0,0
26052,0.54275,0,0
26053,0.542771,0,0
26054,0.542792,0,0
26055,0.542813,0,0
26056,0.542833,0,0
26057,0.542854,0,0
26058,0.542875,0,0
26059,0.542896,0,0
26060,0.542917,0,0
26061,0.542938,0,0
26062,0.542958,0,0
26063,0.542979,0,0
26064,0.543,0,0
26065,0.543021,0,0
26066,0.543042,0,0
26067,0.543063,0,0
26068,0.543083,0,0
26069,0.543104,0,0
26070,0.543125,0,0
26071,0.543146,0,0
26072,0.543167,0,0
26073,0.543187,0,0
26074,0.543208,0,0
26075,0.543229,0,0
26076,0.54325,0,0
26077,0.543271,0,0
26078,0.543292,0,0
26079,0.543312,0,0
26080,0.543333,0,0
26081,0.543354,0,0
26082,0.543375,0,0
26083,0.543396,0,0
26084,0.543417,0,0
26085,0.543437,0,0
26086,0.543458,0,0
26087,0.543479,0,0
26088,0.5435,0,0
26089,0.543521,0,0
26090,0.543542,0,0
26091,0.543562,0,0
26092,0.543583,0,0
26093,0.543604,0,0
26094,0.543625,0,0
26095,0.543646,0,0
26096,0.543667,0,0
26097,0.543688,0,0
26098,0.543708,0,0
26099,0.543729,0,0
26100,0.54375,0,0
26101,0.543771,0,0
26102,0.543792,0,0
26103,0.543813,0,0
26104,0.543833,0,0
26105,0.543854,0,0
26106,0.543875,0,0
26107,0.543896,0,0
26108,0.543917,0,0
26109,0.543938,0,0
26110,0.543958,0,0
26111,0.543979,0,0
26112,0.544,0,0
26113,0.544021,0,0
26114,0.544042,0,0
26115,0.544062,0,0
26116,0.544083,0,0
26117,0.544104,0,0
26118,0.544125,0,0
26119,0.544146,0,0
26120,0.544167,0,0
26121,0.544187,0,0
26122,0.544208,0,0
26123,0.544229,0,0
26124,0.54425,0,0
26125,0.544271,0,0
26126,0.544292,0,0
26127,0.544312,0,0
26128,0.544333,0,0
26129,0.544354,0,0
26130,0.544375,0,0
26131,0.544396,0,0
26132,0.544417,0,0
26133,0.544438,0,0
26134,0.544458,0,0
26135,0.544479,0,0
26136,0.5445,0,0
26137,0.544521,0,0
26138,0.544542,0,0
26139,0.544563,0,0
26140,0.544583,0,0
26141,0.544604,0,0
26142,0.544625,0,0
26143,0.544646,0,0
26144,0.544667,0,0
26145,0.544688,0,0
26146,0.544708,0,0
26147,0.544729,0,0
26148,0.54475,0,0
26149,0.544771,0,0
26150,0.544792,0,0
26151,0.544813,0,0
26152,0.544833,0,0
26153,0.544854,0,0
26154,0.544875,0,0
26155,0.544896,0,0
26156,0.544917,0,0
26157,0.544937,0,0
26158,0.544958,0,0
26159,0.544979,0,0
26160,0.545,0,0
26161,0.545021,0,0
26162,0.545042,0,0
26163,0.545062,0,0
26164,0.545083,0,0
26165,0.545104,0,0
26166,0.545125,0,0
26167,0.545146,0,0
26168,0.545167,0,0
26169,0.545187,0,0
26170,0.545208,0,0
26171,0.545229,0,0
26172,0.54525,0,0
26173,0.545271,0,0
26174,0.545292,0,0
26175,0.545313,0,0
26176,0.545333,0,0
26177,0.545354,0,0
26178,0.545375,0,0
26179,0.545396,0,0
26180,0.545417,0,0
26181,0.545438,0,0
26182,0.545458,0,0
26183,0.545479,0,0
26184,0.5455,0,0
26185,0.545521,0,0
26186,0.545542,0,0
26187,0.545563,0,0
26188,0.545583,0,0
26189,0.545604,0,0
26190,0.545625,0,0
26191,0.545646,0,0
26192,0.545667,0,0
26193,0.545687,0,0
26194,0.545708,0,0
26195,0.545729,0,0
26196,0.54575,0,0
26197,0.545771,0,0
26198,0.545792,0,0
26199,0.545812,0,0
26200,0.545833,0,0
26201,0.545854,0,0
26202,0.545875,0,0
26203,0.545896,0,0
26204,0.545917,0,0
26205,0.545937,0,0
26206,0.545958,0,0
26207,0.545979,0,0
26208,0.546,0,0
26209,0.546021,0,0
26210,0.546042,0,0
26211,0.546063,0,0
26212,0.546083,0,0
26213,0.546104,0,0
26214,0.546125,0,0
26215,0.546146,0,0
26216,0.546167,0,0
26217,0.546188,0,0
26218,0.546208,0,0
26219,0.546229,0,0
26220,0.54625,0,0
26221,0.546271,0,0
26222,0.546292,0,0
26223,0.546313,0,0
26224,0.546333,0,0
26225,0.546354,0,0
26226,0.546375,0,0
26227,0.546396,0,0
26228,0.546417,0,0
26229,0.546438,0,0
26230,0.546458,0,0
26231,0.546479,0,0
26232,0.5465,0,0
26233,0.546521,0,0
26234,0.546542,0,0
26235,0.546562,0,0
26236,0.546583,0,0
26237,0.546604,0,0
26238,0.546625,0,0
26239,0.546646,0,0
26240,0.546667,0,0
26241,0.546687,0,0
26242,0.546708,0,0
26243,0.546729,0,0
26244,0.54675,0,0
26245,0.546771,0,0
26246,0.546792,0,0
26247,0.546812,0,0
26248,0.546833,0,0
26249,0.546854,0,0
26250,0.546875,0,0
26251,0.546896,0,0
26252,0.546917,0,0
26253,0.546938,0,0
26254,0.546958,0,0
26255,0.546979,0,0
26256,0.547,0,0
26257,0.547021,0,0
26258,0.547042,0,0
26259,0.547063,0,0
26260,0.547083,0,0
26261,0.547104,0,0
26262,0.547125,0,0
26263,0.547146,0,0
26264,0.547167,0,0
26265,0.547188,0,0
26266,0.547208,0,0
26267,0.547229,0,0
26268,0.54725,0,0
26269,0.547271,0,0
26270,0.547292,0,0
26271,0.547312,0,0
26272,0.547333,0,0
26273,0.547354,0,0
26274,0.547375,0,0
26275,0.547396,0,0
26276,0.547417,0,0
26277,0.547437,0,0
26278,0.547458,0,0
26279,0.547479,0,0
26280,0.5475,0,0
26281,0.547521,0,0
26282,0.547542,0,0
26283,0.547562,0,0
26284,0.547583,0,0
26285,0.547604,0,0
26286,0.547625,0,0
26287,0.547646,0,0
26288,0.547667,0,0
26289,0.547687,0,0
26290,0.547708,0,0
26291,0.547729,0,0
26292,0.54775,0,0
26293,0.547771,0,0
26294,0.547792,0,0
26295,0.547813,0,0
26296,0.547833,0,0
26297,0.547854,0,0
26298,0.547875,0,0
26299,0.547896,0,0
26300,0.547917,0,0
26301,0.547938,0,0
26302,0.547958,0,0
26303,0.547979,0,0
26304,0.548,0,0
26305,0.548021,0,0
26306,0.548042,0,0
26307,0.548063,0,0
26308,0.548083,0,0
26309,0.548104,0,0
26310,0.548125,0,0
26311,0.548146,0,0
26312,0.548167,0,0
26313,0.548187,0,0
26314,0.548208,0,0
26315,0.548229,0,0
26316,0.54825,0,0
26317,0.548271,0,0
26318,0.548292,0,0
26319,0.548312,0,0
26320,0.548333,0,0
26321,0.548354,0,0
26322,0.548375,0,0
26323,0.548396,0,0
26324,0.548417,0,0
26325,0.548437,0,0
26326,0.548458,0,0
26327,0.548479,0,0
26328,0.5485,0,0
26329,0.548521,0,0
26330,0.548542,0,0
26331,0.548563,0,0
26332,0.548583,0,0
26333,0.548604,0,0
26334,0.548625,0,0
26335,0.548646,0,0
26336,0.548667,0,0
26337,0.548688,0,0
26338,0.548708,0,0
26339,0.548729,0,0
26340,0.54875,0,0
26341,0.548771,0,0
26342,0.548792,0,0
26343,0.548813,0,0
26344,0.548833,0,0
26345,0.548854,0,0
26346,0.548875,0,0
26347,0.548896,0,0
26348,0.548917,0,0
26349,0.548937,0,0
26350,0.548958,0,0
26351,0.548979,0,0
26352,0.549,0,0
26353,0.549021,0,0
26354,0.549042,0,0
26355,0.549062,0,0
26356,0.549083,0,0
26357,0.549104,0,0
26358,0.549125,0,0
26359,0.549146,0,0
26360,0.549167,0,0
26361,0.549187,0,0
26362,0.549208,0,0
26363,0.549229,0,0
26364,0.54925,0,0
26365,0.549271,0,0
26366,0.549292,0,0
26367,0.549312,0,0
26368,0.549333,0,0
26369,0.549354,0,0
26370,0.549375,0,0
26371,0.549396,0,0
26372,0.549417,0,0
26373,0.549438,0,0
26374,0.549458,0,0
26375,0.549479,0,0
26376,0.5495,0,0
26377,0.549521,0,0
26378,0.549542,0,0
26379,0.549563,0,0
26380,0.549583,0,0
26381,0.549604,0,0
26382,0.549625,0,0
26383,0.549646,0,0
26384,0.549667,0,0
26385,0.549688,0,0
26386,0.549708,0,0
26387,0.549729,0,0
26388,0.54975,0,0
26389,0.549771,0,0
26390,0.549792,0,0
26391,0.549812,0,0
26392,0.549833,0,0
26393,0.549854,0,0
26394,0.549875,0,0
26395,0.549896,0,0
26396,0.549917,0,0
26397,0.549937,0,0
26398,0.549958,0,0
26399,0.549979,0,0
26400,0.55,0,0
26401,0.550021,0,0
26402,0.550042,0,0
26403,0.550062,0,0
26404,0.550083,0,0
26405,0.550104,0,0
26406,0.550125,0,0
26407,0.550146,0,0
26408,0.550167,0,0
26409,0.550188,0,0
26410,0.550208,0,0
26411,0.550229,0,0
26412,0.55025,0,0
26413,0.550271,0,0
26414,0.550292,0,0
26415,0.550313,0,0
26416,0.550333,0,0
26417,0.550354,0,0
26418,0.550375,0,0
26419,0.550396,0,0
26420,0.550417,0,0
26421,0.550438,0,0
26422,0.550458,0,0
26423,0.550479,0,0
26424,0.5505,0,0
26425,0.550521,0,0
26426,0.550542,0,0
26427,0.550563,0,0
26428,0.550583,0,0
26429,0.550604,0,0
26430,0.550625,0,0
26431,0.550646,0,0
26432,0.550667,0,0
26433,0.550687,0,0
26434,0.550708,0,0
26435,0.550729,0,0
26436,0.55075,0,0
26437,0.550771,0,0
26438,0.550792,0,0
26439,0.550812,0,0
26440,0.550833,0,0
26441,0.550854,0,0
26442,0.550875,0,0
26443,0.550896,0,0
26444,0.550917,0,0
26445,0.550937,0,0
26446,0.550958,0,0
26447,0.550979,0,0
26448,0.551,0,0
26449,0.551021,0,0
26450,0.551042,0,0
26451,0.551063,0,0
26452,0.551083,0,0
26453,0.551104,0,0
26454,0.551125,0,0
26455,0.551146,0,0
26456,0.551167,0,0
26457,0.551188,0,0
26458,0.551208,0,0
26459,0.551229,0,0
26460,0.55125,0,0
26461,0.551271,0,0
26462,0.551292,0,0
26463,0.551313,0,0
26464,0.551333,0,0
26465,0.551354,0,0
26466,0.551375,0,0
26467,0.551396,0,0
26468,0.551417,0,0
26469,0.551437,0,0
26470,0.551458,0,0
26471,0.551479,0,0
26472,0.5515,0,0
26473,0.551521,0,0
26474,0.551542,0,0
26475,0.551562,0,0
26476,0.551583,0,0
26477,0.551604,0,0
26478,0.551625,0,0
26479,0.551646,0,0
26480,0.551667,0,0
26481,0.551687,0,0
26482,0.551708,0,0
26483,0.551729,0,0
26484,0.55175,0,0
26485,0.551771,0,0
26486,0.551792,0,0
26487,0.551813,0,0
26488,0.551833,0,0
26489,0.551854,0,0
26490,0.551875,0,0
26491,0.551896,0,0
26492,0.551917,0,0
26493,0.551938,0,0
26494,0.551958,0,0
26495,0.551979,0,0
26496,0.552,0,0
26497,0.552021,0,0
26498,0.552042,0,0
26499,0.552063,0,0
26500,0.552083,0,0
26501,0.552104,0,0
26502,0.552125,0,0
26503,0.552146,0,0
26504,0.552167,0,0
26505,0.552188,0,0
26506,0.552208,0,0
26507,0.552229,0,0
26508,0.55225,0,0
26509,0.552271,0,0
26510,0.552292,0,0
26511,0.552312,0,0
26512,0.552333,0,0
26513,0.552354,0,0
26514,0.552375,0,0
26515,0.552396,0,0
26516,0.552417,0,0
26517,0.552437,0,0
26518,0.552458,0,0
26519,0.552479,0,0
26520,0.5525,0,0
26521,0.552521,0,0
26522,0.552542,0,0
26523,0.552562,0,0
26524,0.552583,0,0
26525,0.552604,0,0
26526,0.552625,0,0
26527,0.552646,0,0
26528,0.552667,0,0
26529,0.552688,0,0
26530,0.552708,0,0
26531,0.552729,0,0
26532,0.55275,0,0
26533,0.552771,0,0
26534,0.552792,0,0
26535,0.552813,0,0
26536,0.552833,0,0
26537,0.552854,0,0
26538,0.552875,0,0
26539,0.552896,0,0
26540,0.552917,0,0
26541,0.552938,0,0
26542,0.552958,0,0
26543,0.552979,0,0
26544,0.553,0,0
26545,0.553021,0,0
26546,0.553042,0,0
26547,0.553062,0,0
26548,0.553083,0,0
26549,0.553104,0,0
26550,0.553125,0,0
26551,0.553146,0,0
26552,0.553167,0,0
26553,0.553187,0,0
26554,0.553208,0,0
26555,0.553229,0,0
26556,0.55325,0,0
26557,0.553271,0,0
26558,0.553292,0,0
26559,0.553312,0,0
26560,0.553333,0,0
26561,0.553354,0,0
26562,0.553375,0,0
26563,0.553396,0,0
26564,0.553417,0,0
26565,0.553437,0,0
26566,0.553458,0,0
26567,0.553479,0,0
26568,0.5535,0,0
26569,0.553521,0,0
26570,0.553542,0,0
26571,0.553563,0,0
26572,0.553583,0,0
26573,0.553604,0,0
26574,0.553625,0,0
26575,0.553646,0,0
26576,0.553667,0,0
26577,0.553688,0,0
26578,0.553708,0,0
26579,0.553729,0,0
26580,0.55375,0,0
26581,0.553771,0,0
26582,0.553792,0,0
26583,0.553813,0,0
26584,0.553833,0,0
26585,0.553854,0,0
26586,0.553875,0,0
26587,0.553896,0,0
26588,0.553917,0,0
26589,0.553937,0,0
26590,0.553958,0,0
26591,0.553979,0,0
26592,0.554,0,0
26593,0.554021,0,0
26594,0.554042,0,0
26595,0.554062,0,0
26596,0.554083,0,0
26597,0.554104,0,0
26598,0.554125,0,0
26599,0.554146,0,0
26600,0.554167,0,0
26601,0.554187,0,0
26602,0.554208,0,0
26603,0.554229,0,0
26604,0.55425,0,0
26605,0.554271,0,0
26606,0.554292,0,0
26607,0.554313,0,0
26608,0.554333,0,0
26609,0.554354,0,0
26610,0.554375,0,0
26611,0.554396,0,0
26612,0.554417,0,0
26613,0.554438,0,0
26614,0.554458,0,0
26615,0.554479,0,0
26616,0.5545,0,0
26617,0.554521,0,0
26618,0.554542,0,0
26619,0.554563,0,0
26620,0.554583,0,0
26621,0.554604,0,0
26622,0.554625,0,0
26623,0.554646,0,0
26624,0.554667,0,0
26625,0.554688,0,0
26626,0.554708,0,0
26627,0.554729,0,0
26628,0.55475,0,0
26629,0.554771,0,0
26630,0.554792,0,0
26631,0.554812,0,0
26632,0.554833,0,0
26633,0.554854,0,0
26634,0.554875,0,0
26635,0.554896,0,0
26636,0.554917,0,0
26637,0.554937,0,0
26638,0.554958,0,0
26639,0.554979,0,0
26640,0.555,0,0
26641,0.555021,0,0
26642,0.555042,0,0
26643,0.555062,0,0
26644,0.555083,0,0
26645,0.555104,0,0
26646,0.555125,0,0
26647,0.555146,0,0
26648,0.555167,0,0
26649,0.555188,0,0
26650,0.555208,0,0
26651,0.555229,0,0
26652,0.55525,0,0
26653,0.555271,0,0
26654,0.555292,0,0
26655,0.555313,0,0
26656,0.555333,0,0
26657,0.555354,0,0
26658,0.555375,0,0
26659,0.555396,0,0
26660,0.555417,0,0
26661,0.555438,0,0
26662,0.555458,0,0
26663,0.555479,0,0
26664,0.5555,0,0
26665,0.555521,0,0
26666,0.555542,0,0
26667,0.555562,0,0
26668,0.555583,0,0
26669,0.555604,0,0
26670,0.555625,0,0
26671,0.555646,0,0
26672,0.555667,0,0
26673,0.555687,0,0
26674,0.555708,0,0
26675,0.555729,0,0
26676,0.55575,0,0
26677,0.555771,0,0
26678,0.555792,0,0
26679,0.555812,0,0
26680,0.555833,0,0
26681,0.555854,0,0
26682,0.555875,0,0
26683,0.555896,0,0
26684,0.555917,0,0
26685,0.555938,0,0
26686,0.555958,0,0
26687,0.555979,0,0
26688,0.556,0,0
26689,0.556021,0,0
26690,0.556042,0,0
26691,0.556063,0,0
26692,0.556083,0,0
26693,0.556104,0,0
26694,0.556125,0,0
26695,0.556146,0,0
26696,0.556167,0,0
26697,0.556188,0,0
26698,0.556208,0,0
26699,0.556229,0,0
26700,0.55625,0,0
26701,0.556271,0,0
26702,0.556292,0,0
26703,0.556313,0,0
26704,0.556333,0,0
26705,0.556354,0,0
26706,0.556375,0,0
26707,0.556396,0,0
26708,0.556417,0,0
26709,0.556437,0,0
26710,0.556458,0,0
26711,0.556479,0,0
26712,0.5565,0,0
26713,0.556521,0,0
26714,0.556542,0,0
26715,0.556562,0,0
26716,0.556583,0,0
26717,0.556604,0,0
26718,0.556625,0,0
26719,0.556646,0,0
26720,0.556667,0,0
26721,0.556687,0,0
26722,0.556708,0,0
26723,0.556729,0,0
26724,0.55675,0,0
26725,0.556771,0,0
26726,0.556792,0,0
26727,0.556813,0,0
26728,0.556833,0,0
26729,0.556854,0,0
26730,0.556875,0,0
26731,0.556896,0,0
26732,0.556917,0,0
26733,0.556938,0,0
26734,0.556958,0,0
26735,0.556979,0,0
26736,0.557,0,0
26737,0.557021,0,0
26738,0.557042,0,0
26739,0.557063,0,0
26740,0.557083,0,0
26741,0.557104,0,0
26742,0.557125,0,0
26743,0.557146,0,0
26744,0.557167,0,0
26745,0.557187,0,0
26746,0.557208,0,0
26747,0.557229,0,0
26748,0.55725,0,0
26749,0.557271,0,0
26750,0.557292,0,0
26751,0.557312,0,0
26752,0.557333,0,0
26753,0.557354,0,0
26754,0.557375,0,0
26755,0.557396,0,0
26756,0.557417,0,0
26757,0.557437,0,0
26758,0.557458,0,0
26759,0.557479,0,0
26760,0.5575,0,0
26761,0.557521,0,0
26762,0.557542,0,0
26763,0.557562,0,0
26764,0.557583,0,0
26765,0.557604,0,0
26766,0.557625,0,0
26767,0.557646,0,0
26768,0.557667,0,0
26769,0.557688,0,0
26770,0.557708,0,0
26771,0.557729,0,0
26772,0.55775,0,0
26773,0.557771,0,0
26774,0.557792,0,0
26775,0.557813,0,0
26776,0.557833,0,0
26777,0.557854,0,0
26778,0.557875,0,0
26779,0.557896,0,0
26780,0.557917,0,0
26781,0.557938,0,0
26782,0.557958,0,0
26783,0.557979,0,0
26784,0.558,0,0
26785,0.558021,0,0
26786,0.558042,0,0
26787,0.558062,0,0
26788,0.558083,0,0
26789,0.558104,0,0
26790,0.558125,0,0
26791,0.558146,0,0
26792,0.558167,0,0
26793,0.558187,0,0
26794,0.558208,0,0
26795,0.558229,0,0
26796,0.55825,0,0
26797,0.558271,0,0
26798,0.558292,0,0
26799,0.558312,0,0
26800,0.558333,0,0
26801,0.558354,0,0
26802,0.558375,0,0
26803,0.558396,0,0
26804,0.558417,0,0
26805,0.558438,0,0
26806,0.558458,0,0
26807,0.558479,0,0
26808,0.5585,0,0
26809,0.558521,0,0
26810,0.558542,0,0
26811,0.558563,0,0
26812,0.558583,0,0
26813,0.558604,0,0
26814,0.558625,0,0
26815,0.558646,0,0
26816,0.558667,0,0
26817,0.558688,0,0
26818,0.558708,0,0
26819,0.558729,0,0
26820,0.55875,0,0
26821,0.558771,0,0
26822,0.558792,0,0
26823,0.558812,0,0
26824,0.558833,0,0
26825,0.558854,0,0
26826,0.558875,0,0
26827,0.558896,0,0
26828,0.558917,0,0
26829,0.558937,0,0
26830,0.558958,0,0
26831,0.558979,0,0
26832,0.559,0,0
26833,0.559021,0,0
26834,0.559042,0,0
26835,0.559062,0,0
26836,0.559083,0,0
26837,0.559104,0,0
26838,0.559125,0,0
26839,0.559146,0,0
26840,0.559167,0,0
26841,0.559187,0,0
26842,0.559208,0,0
26843,0.559229,0,0
26844,0.55925,0,0
26845,0.559271,0,0
26846,0.559292,0,0
26847,0.559313,0,0
26848,0.559333,0,0
26849,0.559354,0,0
26850,0.559375,0,0
26851,0.559396,0,0
26852,0.559417,0,0
26853,0.559438,0,0
26854,0.559458,0,0
26855,0.559479,0,0
26856,0.5595,0,0
26857,0.559521,0,0
26858,0.559542,0,0
26859,0.559563,0,0
26860,0.559583,0,0
26861,0.559604,0,0
26862,0.559625,0,0
26863,0.559646,0,0
26864,0.559667,0,0
26865,0.559687,0,0
26866,0.559708,0,0
26867,0.559729,0,0
26868,0.55975,0,0
26869,0.559771,0,0
26870,0.559792,0,0
26871,0.559812,0,0
26872,0.559833,0,0
26873,0.559854,0,0
26874,0.559875,0,0
26875,0.559896,0,0
26876,0.559917,0,0
26877,0.559937,0,0
26878,0.559958,0,0
26879,0.559979,0,0
26880,0.56,0,0
26881,0.560021,0,0
26882,0.560042,0,0
26883,0.560063,0,0
26884,0.560083,0,0
26885,0.560104,0,0
26886,0.560125,0,0
26887,0.560146,0,0
26888,0.560167,0,0
26889,0.560188,0,0
26890,0.560208,0,0
26891,0.560229,0,0
26892,0.56025,0,0
26893,0.560271,0,0
26894,0.560292,0,0
26895,0.560313,0,0
26896,0.560333,0,0
26897,0.560354,0,0
26898,0.560375,0,0
26899,0.560396,0,0
26900,0.560417,0,0
26901,0.560438,0,0
26902,0.560458,0,0
26903,0.560479,0,0
26904,0.5605,0,0
26905,0.560521,0,0
26906,0.560542,0,0
26907,0.560562,0,0
26908,0.560583,0,0
26909,0.560604,0,0
26910,0.560625,0,0
26911,0.560646,0,0
26912,0.560667,0,0
26913,0.560687,0,0
26914,0.560708,0,0
26915,0.560729,0,0
26916,0.56075,0,0
26917,0.560771,0,0
26918,0.560792,0,0
26919,0.560812,0,0
26920,0.560833,0,0
26921,0.560854,0,0
26922,0.560875,0,0
26923,0.560896,0,0
26924,0.560917,0,0
26925,0.560938,0,0
26926,0.560958,0,0
26927,0.560979,0,0
26928,0.561,0,0
26929,0.561021,0,0
26930,0.561042,0,0
26931,0.561063,0,0
26932,0.561083,0,0
26933,0.561104,0,0
26934,0.561125,0,0
26935,0.561146,0,0
26936,0.561167,0,0
26937,0.561188,0,0
26938,0.561208,0,0
26939,0.561229,0,0
26940,0.56125,0,0
26941,0.561271,0,0
26942,0.561292,0,0
26943,0.561312,0,0
26944,0.561333,0,0
26945,0.561354,0,0
26946,0.561375,0,0
26947,0.561396,0,0
26948,0.561417,0,0
26949,0.561437,0,0
26950,0.561458,0,0
26951,0.561479,0,0
26952,0.5615,0,0
26953,0.561521,0,0
26954,0.561542,0,0
26955,0.561562,0,0
26956,0.561583,0,0
26957,0.561604,0,0
26958,0.561625,0,0
26959,0.561646,0,0
26960,0.561667,0,0
26961,0.561688,0,0
26962,0.561708,0,0
26963,0.561729,0,0
26964,0.56175,0,0
26965,0.561771,0,0
26966,0.561792,0,0
26967,0.561813,0,0
26968,0.561833,0,0
26969,0.561854,0,0
26970,0.561875,0,0
26971,0.561896,0,0
26972,0.561917,0,0
26973,0.561938,0,0
26974,0.561958,0,0
26975,0.561979,0,0
26976,0.562,0,0
26977,0.562021,0,0
26978,0.562042,0,0
26979,0.562063,0,0
26980,0.562083,0,0
26981,0.562104,0,0
26982,0.562125,0,0
26983,0.562146,0,0
26984,0.562167,0,0
26985,0.562187,0,0
26986,0.562208,0,0
26987,0.562229,0,0
26988,0.56225,0,0
26989,0.562271,0,0
26990,0.562292,0,0
26991,0.562312,0,0
26992,0.562333,0,0
26993,0.562354,0,0
26994,0.562375,0,0
26995,0.562396,0,0
26996,0.562417,0,0
26997,0.562437,0,0
26998,0.562458,0,0
26999,0.562479,0,0
27000,0.5625,0,0
27001,0.562521,0,0
27002,0.562542,0,0
27003,0.562563,0,0
27004,0.562583,0,0
27005,0.562604,0,0
27006,0.562625,0,0
27007,0.562646,0,0
27008,0.562667,0,0
27009,0.562688,0,0
27010,0.562708,0,0
27011,0.562729,0,0
27012,0.56275,0,0
27013,0.562771,0,0
27014,0.562792,0,0
27015,0.562813,0,0
27016,0.562833,0,0
27017,0.562854,0,0
27018,0.562875,0,0
27019,0.562896,0,0
27020,0.562917,0,0
27021,0.562937,0,0
27022,0.562958,0,0
27023,0.562979,0,0
27024,0.563,0,0
27025,0.563021,0,0
27026,0.563042,0,0
27027,0.563062,0,0
27028,0.563083,0,0
27029,0.563104,0,0
27030,0.563125,0,0
27031,0.563146,0,0
27032,0.563167,0,0
27033,0.563187,0,0
27034,0.563208,0,0
27035,0.563229,0,0
27036,0.56325,0,0
27037,0.563271,0,0
27038,0.563292,0,0
27039,0.563312,0,0
27040,0.563333,0,0
27041,0.563354,0,0
27042,0.563375,0,0
27043,0.563396,0,0
27044,0.563417,0,0
27045,0.563438,0,0
27046,0.563458,0,0
27047,0.563479,0,0
27048,0.5635,0,0
27049,0.563521,0,0
27050,0.563542,0,0
27051,0.563563,0,0
27052,0.563583,0,0
27053,0.563604,0,0
27054,0.563625,0,0
27055,0.563646,0,0
27056,0.563667,0,0
27057,0.563688,0,0
27058,0.563708,0,0
27059,0.563729,0,0
27060,0.56375,0,0
27061,0.563771,0,0
27062,0.563792,0,0
27063,0.563812,0,0
27064,0.563833,0,0
27065,0.563854,0,0
27066,0.563875,0,0
27067,0.563896,0,0
27068,0.563917,0,0
27069,0.563937,0,0
27070,0.563958,0,0
27071,0.563979,0,0
27072,0.564,0,0
27073,0.564021,0,0
27074,0.564042,0,0
27075,0.564062,0,0
27076,0.564083,0,0
27077,0.564104,0,0
27078,0.564125,0,0
27079,0.564146,0,0
27080,0.564167,0,0
27081,0.564188,0,0
27082,0.564208,0,0
27083,0.564229,0,0
27084,0.56425,0,0
27085,0.564271,0,0
27086,0.564292,0,0
27087,0.564313,0,0
27088,0.564333,0,0
27089,0.564354,0,0
27090,0.564375,0,0
27091,0.564396,0,0
27092,0.564417,0,0
27093,0.564438,0,0
27094,0.564458,0,0
27095,0.564479,0,0
27096,0.5645,0,0
27097,0.564521,0,0
27098,0.564542,0,0
27099,0.564562,0,0
27100,0.564583,0,0
27101,0.564604,0,0
27102,0.564625,0,0
27103,0.564646,0,0
27104,0.564667,0,0
27105,0.564687,0,0
27106,0.564708,0,0
27107,0.564729,0,0
27108,0.56475,0,0
27109,0.564771,0,0
27110,0.564792,0,0
27111,0.564812,0,0
27112,0.564833,0,0
27113,0.564854,0,0
27114,0.564875,0,0
27115,0.564896,0,0
27116,0.564917,0,0
27117,0.564937,0,0
27118,0.564958,0,0
27119,0.564979,0,0
27120,0.565,0,0
27121,0.565021,0,0
27122,0.565042,0,0
27123,0.565063,0,0
27124,0.565083,0,0
27125,0.565104,0,0
27126,0.565125,0,0
27127,0.565146,0,0
27128,0.565167,0,0
27129,0.565188,0,0
27130,0.565208,0,0
27131,0.565229,0,0
27132,0.56525,0,0
27133,0.565271,0,0
27134,0.565292,0,0
27135,0.565313,0,0
27136,0.565333,0,0
27137,0.565354,0,0
27138,0.565375,0,0
27139,0.565396,0,0
27140,0.565417,0,0
27141,0.565437,0,0
27142,0.565458,0,0
27143,0.565479,0,0
27144,0.5655,0,0
27145,0.565521,0,0
27146,0.565542,0,0
27147,0.565562,0,0
27148,0.565583,0,0
27149,0.565604,0,0
27150,0.565625,0,0
27151,0.565646,0,0
27152,0.565667,0,0
27153,0.565687,0,0
27154,0.565708,0,0
27155,0.565729,0,0
27156,0.56575,0,0
27157,0.565771,0,0
27158,0.565792,0,0
27159,0.565813,0,0
27160,0.565833,0,0
27161,0.565854,0,0
27162,0.565875,0,0
27163,0.565896,0,0
27164,0.565917,0,0
27165,0.565938,0,0
27166,0.565958,0,0
27167,0.565979,0,0
27168,0.566,0,0
27169,0.566021,0,0
27170,0.566042,0,0
27171,0.566063,0,0
27172,0.566083,0,0
27173,0.566104,0,0
27174,0.566125,0,0
27175,0.566146,0,0
27176,0.566167,0,0
27177,0.566188,0,0
27178,0.566208,0,0
27179,0.566229,0,0
27180,0.56625,0,0
27181,0.566271,0,0
27182,0.566292,0,0
27183,0.566312,0,0
27184,0.566333,0,0
27185,0.566354,0,0
27186,0.566375,0,0
27187,0.566396,0,0
27188,0.566417,0,0
27189,0.566437,0,0
27190,0.566458,0,0
27191,0.566479,0,0
27192,0.5665,0,0
27193,0.566521,0,0
27194,0.566542,0,0
27195,0.566562,0,0
27196,0.566583,0,0
27197,0.566604,0,0
27198,0.566625,0,0
27199,0.566646,0,0
27200,0.566667,0,0
27201,0.566688,0,0
27202,0.566708,0,0
27203,0.566729,0,0
27204,0.56675,0,0
27205,0.566771,0,0
27206,0.566792,0,0
27207,0.566813,0,0
27208,0.566833,0,0
27209,0.566854,0,0
27210,0.566875,0,0
27211,0.566896,0,0
27212,0.566917,0,0
27213,0.566938,0,0
27214,0.566958,0,0
27215,0.566979,0,0
27216,0.567,0,0
27217,0.567021,0,0
27218,0.567042,0,0
27219,0.567062,0,0
27220,0.567083,0,0
27221,0.567104,0,0
27222,0.567125,0,0
27223,0.567146,0,0
27224,0.567167,0,0
27225,0.567187,0,0
27226,0.567208,0,0
27227,0.567229,0,0
27228,0.56725,0,0
27229,0.567271,0,0
27230,0.567292,0,0
27231,0.567312,0,0
27232,0.567333,0,0
27233,0.567354,0,0
27234,0.567375,0,0
27235,0.567396,0,0
27236,0.567417,0,0
27237,0.567438,0,0
27238,0.567458,0,0
27239,0.567479,0,0
27240,0.5675,0,0
27241,0.567521,0,0
27242,0.567542,0,0
27243,0.567563,0,0
27244,0.567583,0,0
27245,0.567604,0,0
27246,0.567625,0,0
27247,0.567646,0,0
27248,0.567667,0,0
27249,0.567688,0,0
27250,0.567708,0,0
27251,0.567729,0,0
27252,0.56775,0,0
27253,0.567771,0,0
27254,0.567792,0,0
27255,0.567813,0,0
27256,0.567833,0,0
27257,0.567854,0,0
27258,0.567875,0,0
27259,0.567896,0,0
27260,0.567917,0,0
27261,0.567937,0,0
27262,0.567958,0,0
27263,0.567979,0,0
27264,0.568,0,0
27265,0.568021,0,0
27266,0.568042,0,0
27267,0.568062,0,0
27268,0.568083,0,0
27269,0.568104,0,0
27270,0.568125,0,0
27271,0.568146,0,0
27272,0.568167,0,0
27273,0.568187,0,0
27274,0.568208,0,0
27275,0.568229,0,0
27276,0.56825,0,0
27277,0.568271,0,0
27278,0.568292,0,0
27279,0.568313,0,0
27280,0.568333,0,0
27281,0.568354,0,0
27282,0.568375,0,0
27283,0.568396,0,0
27284,0.568417,0,0
27285,0.568438,0,0
27286,0.568458,0,0
27287,0.568479,0,0
27288,0.5685,0,0
27289,0.568521,0,0
27290,0.568542,0,0
27291,0.568563,0,0
27292,0.568583,0,0
27293,0.568604,0,0
27294,0.568625,0,0
27295,0.568646,0,0
27296,0.568667,0,0
27297,0.568687,0,0
27298,0.568708,0,0
27299,0.568729,0,0
27300,0.56875,0,0
27301,0.568771,0,0
27302,0.568792,0,0
27303,0.568812,0,0
27304,0.568833,0,0
27305,0.568854,0,0
27306,0.568875,0,0
27307,0.568896,0,0
27308,0.568917,0,0
27309,0.568937,0,0
27310,0.568958,0,0
27311,0.568979,0,0
27312,0.569,0,0
27313,0.569021,0,0
27314,0.569042,0,0
27315,0.569062,0,0
27316,0.569083,0,0
27317,0.569104,0,0
27318,0.569125,0,0
27319,0.569146,0,0
27320,0.569167,0,0
27321,0.569188,0,0
27322,0.569208,0,0
27323,0.569229,0,0
27324,0.56925,0,0
27325,0.569271,0,0
27326,0.569292,0,0
27327,0.569313,0,0
27328,0.569333,0,0
27329,0.569354,0,0
27330,0.569375,0,0
27331,0.569396,0,0
27332,0.569417,0,0
27333,0.569438,0,0
27334,0.569458,0,0
27335,0.569479,0,0
27336,0.5695,0,0
27337,0.569521,0,0
27338,0.569542,0,0
27339,0.569562,0,0
27340,0.569583,0,0
27341,0.569604,0,0
27342,0.569625,0,0
27343,0.569646,0,0
27344,0.569667,0,0
27345,0.569687,0,0
27346,0.569708,0,0
27347,0.569729,0,0
27348,0.56975,0,0
27349,0.569771,0,0
27350,0.569792,0,0
27351,0.569812,0,0
27352,0.569833,0,0
27353,0.569854,0,0
27354,0.569875,0,0
27355,0.569896,0,0
27356,0.569917,0,0
27357,0.569938,0,0
27358,0.569958,0,0
27359,0.569979,0,0
27360,0.57,0,0
27361,0.570021,0,0
27362,0.570042,0,0
27363,0.570063,0,0
27364,0.570083,0,0
27365,0.570104,0,0
27366,0.570125,0,0
27367,0.570146,0,0
27368,0.570167,0,0
27369,0.570188,0,0
27370,0.570208,0,0
27371,0.570229,0,0
27372,0.57025,0,0
27373,0.570271,0,0
27374,0.570292,0,0
27375,0.570312,0,0
27376,0.570333,0,0
27377,0.570354,0,0
27378,0.570375,0,0
27379,0.570396,0,0
27380,0.570417,0,0
27381,0.570437,0,0
27382,0.570458,0,0
27383,0.570479,0,0
27384,0.5705,0,0
27385,0.570521,0,0
27386,0.570542,0,0
27387,0.570562,0,0
27388,0.570583,0,0
27389,0.570604,0,0
27390,0.570625,0,0
27391,0.570646,0,0
27392,0.570667,0,0
27393,0.570687,0,0
27394,0.570708,0,0
27395,0.570729,0,0
27396,0.57075,0,0
27397,0.570771,0,0
27398,0.570792,0,0
27399,0.570813,0,0
27400,0.570833,0,0
27401,0.570854,0,0
27402,0.570875,0,0
27403,0.570896,0,0
27404,0.570917,0,0
27405,0.570938,0,0
27406,0.570958,0,0
27407,0.570979,0,0
27408,0.571,0,0
27409,0.571021,0,0
27410,0.571042,0,0
27411,0.571063,0,0
27412,0.571083,0,0
27413,0.571104,0,0
27414,0.571125,0,0
27415,0.571146,0,0
27416,0.571167,0,0
27417,0.571187,0,0
27418,0.571208,0,0
27419,0.571229,0,0
27420,0.57125,0,0
27421,0.571271,0,0
27422,0.571292,0,0
27423,0.571312,0,0
27424,0.571333,0,0
27425,0.571354,0,0
27426,0.571375,0,0
27427,0.571396,0,0
27428,0.571417,0,0
27429,0.571437,0,0
27430,0.571458,0,0
27431,0.571479,0,0
27432,0.5715,0,0
27433,0.571521,0,0
27434,0.571542,0,0
27435,0.571563,0,0
27436,0.571583,0,0
27437,0.571604,0,0
27438,0.571625,0,0
27439,0.571646,0,0
27440,0.571667,0,0
27441,0.571688,0,0
27442,0.571708,0,0
27443,0.571729,0,0
27444,0.57175,0,0
27445,0.571771,0,0
27446,0.571792,0,0
27447,0.571813,0,0
27448,0.571833,0,0
27449,0.571854,0,0
27450,0.571875,0,0
27451,0.571896,0,0
27452,0.571917,0,0
27453,0.571938,0,0
27454,0.571958,0,0
27455,0.571979,0,0
27456,0.572,0,0
27457,0.572021,0,0
27458,0.572042,0,0
27459,0.572062,0,0
27460,0.572083,0,0
27461,0.572104,0,0
27462,0.572125,0,0
27463,0.572146,0,0
27464,0.572167,0,0
27465,0.572187,0,0
27466,0.572208,0,0
27467,0.572229,0,0
27468,0.57225,0,0
27469,0.572271,0,0
27470,0.572292,0,0
27471,0.572312,0,0
27472,0.572333,0,0
27473,0.572354,0,0
27474,0.572375,0,0
27475,0.572396,0,0
27476,0.572417,0,0
27477,0.572438,0,0
27478,0.572458,0,0
27479,0.572479,0,0
27480,0.5725,0,0
27481,0.572521,0,0
27482,0.572542,0,0
27483,0.572563,0,0
27484,0.572583,0,0
27485,0.572604,0,0
27486,0.572625,0,0
27487,0.572646,0,0
27488,0.572667,0,0
27489,0.572688,0,0
27490,0.572708,0,0
27491,0.572729,0,0
27492,0.57275,0,0
27493,0.572771,0,0
27494,0.572792,0,0
27495,0.572812,0,0
27496,0.572833,0,0
27497,0.572854,0,0
27498,0.572875,0,0
27499,0.572896,0,0
27500,0.572917,0,0
27501,0.572937,0,0
27502,0.572958,0,0
27503,0.572979,0,0
27504,0.573,0,0
27505,0.573021,0,0
27506,0.573042,0,0
27507,0.573062,0,0
27508,0.573083,0,0
27509,0.573104,0,0
27510,0.573125,0,0
27511,0.573146,0,0
27512,0.573167,0,0
27513,0.573187,0,0
27514,0.573208,0,0
27515,0.573229,0,0
27516,0.57325,0,0
27517,0.573271,0,0
27518,0.573292,0,0
27519,0.573313,0,0
27520,0.573333,0,0
27521,0.573354,0,0
27522,0.573375,0,0
27523,0.573396,0,0
27524,0.573417,0,0
27525,0.573438,0,0
27526,0.573458,0,0
27527,0.573479,0,0
27528,0.5735,0,0
27529,0.573521,0,0
27530,0.573542,0,0
27531,0.573563,0,0
27532,0.573583,0,0
27533,0.573604,0,0
27534,0.573625,0,0
27535,0.573646,0,0
27536,0.573667,0,0
27537,0.573687,0,0
27538,0.573708,0,0
27539,0.573729,0,0
27540,0.57375,0,0
27541,0.573771,0,0
27542,0.573792,0,0
27543,0.573812,0,0
27544,0.573833,0,0
27545,0.573854,0,0
27546,0.573875,0,0
27547,0.573896,0,0
27548,0.573917,0,0
27549,0.573937,0,0
27550,0.573958,0,0
27551,0.573979,0,0
27552,0.574,0,0
27553,0.574021,0,0
27554,0.574042,0,0
27555,0.574063,0,0
27556,0.574083,0,0
27557,0.574104,0,0
27558,0.574125,0,0
27559,0.574146,0,0
27560,0.574167,0,0
27561,0.574188,0,0
27562,0.574208,0,0
27563,0.574229,0,0
27564,0.57425,0,0
27565,0.574271,0,0
27566,0.574292,0,0
27567,0.574313,0,0
27568,0.574333,0,0
27569,0.574354,0,0
27570,0.574375,0,0
27571,0.574396,0,0
27572,0.574417,0,0
27573,0.574437,0,0
27574,0.574458,0,0
27575,0.574479,0,0
27576,0.5745,0,0
27577,0.574521,0,0
27578,0.574542,0,0
27579,0.574562,0,0
27580,0.574583,0,0
27581,0.574604,0,0
27582,0.574625,0,0
27583,0.574646,0,0
27584,0.574667,0,0
27585,0.574687,0,0
27586,0.574708,0,0
27587,0.574729,0,0
27588,0.57475,0,0
27589,0.574771,0,0
27590,0.574792,0,0
27591,0.574812,0,0
27592,0.574833,0,0
27593,0.574854,0,0
27594,0.574875,0,0
27595,0.574896,0,0
27596,0.574917,0,0
27597,0.574938,0,0
27598,0.574958,0,0
27599,0.574979,0,0
27600,0.575,0,0
27601,0.575021,0,0
27602,0.575042,0,0
27603,0.575063,0,0
27604,0.575083,0,0
27605,0.575104,0,0
27606,0.575125,0,0
27607,0.575146,0,0
27608,0.575167,0,0
27609,0.575188,0,0
27610,0.575208,0,0
27611,0.575229,0,0
27612,0.57525,0,0
27613,0.575271,0,0
27614,0.575292,0,0
27615,0.575312,0,0
27616,0.575333,0,0
27617,0.575354,0,0
27618,0.575375,0,0
27619,0.575396,0,0
27620,0.575417,0,0
27621,0.575437,0,0
27622,0.575458,0,0
27623,0.575479,0,0
27624,0.5755,0,0
27625,0.575521,0,0
27626,0.575542,0,0
27627,0.575562,0,0
27628,0.575583,0,0
27629,0.575604,0,0
27630,0.575625,0,0
27631,0.575646,0,0
27632,0.575667,0,0
27633,0.575688,0,0
27634,0.575708,0,0
27635,0.575729,0,0
27636,0.57575,0,0
27637,0.575771,0,0
27638,0.575792,0,0
27639,0.575813,0,0
27640,0.575833,0,0
27641,0.575854,0,0
27642,0.575875,0,0
27643,0.575896,0,0
27644,0.575917,0,0
27645,0.575938,0,0
27646,0.575958,0,0
27647,0.575979,0,0
27648,0.576,0,0
27649,0.576021,0,0
27650,0.576042,0,0
27651,0.576063,0,0
27652,0.576083,0,0
27653,0.576104,0,0
27654,0.576125,0,0
27655,0.576146,0,0
27656,0.576167,0,0
27657,0.576187,0,0
27658,0.576208,0,0
27659,0.576229,0,0
27660,0.57625,0,0
27661,0.576271,0,0
27662,0.576292,0,0
27663,0.576312,0,0
27664,0.576333,0,0
27665,0.576354,0,0
27666,0.576375,0,0
27667,0.576396,0,0
27668,0.576417,0,0
27669,0.576437,0,0
27670,0.576458,0,0
27671,0.576479,0,0
27672,0.5765,0,0
27673,0.576521,0,0
27674,0.576542,0,0
27675,0.576563,0,0
27676,0.576583,0,0
27677,0.576604,0,0
27678,0.576625,0,0
27679,0.576646,0,0
27680,0.576667,0,0
27681,0.576688,0,0
27682,0.576708,0,0
27683,0.576729,0,0
27684,0.57675,0,0
27685,0.576771,0,0
27686,0.576792,0,0
27687,0.576813,0,0
27688,0.576833,0,0
27689,0.576854,0,0
27690,0.576875,0,0
27691,0.576896,0,0
27692,0.576917,0,0
27693,0.576937,0,0
27694,0.576958,0,0
27695,0.576979,0,0
27696,0.577,0,0
27697,0.577021,0,0
27698,0.577042,0,0
27699,0.577062,0,0
27700,0.577083,0,0
27701,0.577104,0,0
27702,0.577125,0,0
27703,0.577146,0,0
27704,0.577167,0,0
27705,0.577187,0,0
27706,0.577208,0,0
27707,0.577229,0,0
27708,0.57725,0,0
27709,0.577271,0,0
27710,0.577292,0,0
27711,0.577313,0,0
27712,0.577333,0,0
27713,0.577354,0,0
27714,0.577375,0,0
27715,0.577396,0,0
27716,0.577417,0,0
27717,0.577438,0,0
27718,0.577458,0,0
27719,0.577479,0,0
27720,0.5775,0,0
27721,0.577521,0,0
27722,0.577542,0,0
27723,0.577563,0,0
27724,0.577583,0,0
27725,0.577604,0,0
27726,0.577625,0,0
27727,0.577646,0,0
27728,0.577667,0,0
27729,0.577688,0,0
27730,0.577708,0,0
27731,0.577729,0,0
27732,0.57775,0,0
27733,0.577771,0,0
27734,0.577792,0,0
27735,0.577812,0,0
27736,0.577833,0,0
27737,0.577854,0,0
27738,0.577875,0,0
27739,0.577896,0,0
27740,0.577917,0,0
27741,0.577937,0,0
27742,0.577958,0,0
27743,0.577979,0,0
27744,0.578,0,0
27745,0.578021,0,0
27746,0.578042,0,0
27747,0.578062,0,0
27748,0.578083,0,0
27749,0.578104,0,0
27750,0.578125,0,0
27751,0.578146,0,0
27752,0.578167,0,0
27753,0.578188,0,0
27754,0.578208,0,0
27755,0.578229,0,0
27756,0.57825,0,0
27757,0.578271,0,0
27758,0.578292,0,0
27759,0.578313,0,0
27760,0.578333,0,0
27761,0.578354,0,0
27762,0.578375,0,0
27763,0.578396,0,0
27764,0.578417,0,0
27765,0.578438,0,0
27766,0.578458,0,0
27767,0.578479,0,0
27768,0.5785,0,0
27769,0.578521,0,0
27770,0.578542,0,0
27771,0.578562,0,0
27772,0.578583,0,0
27773,0.578604,0,0
27774,0.578625,0,0
27775,0.578646,0,0
27776,0.578667,0,0
27777,0.578687,0,0
27778,0.578708,0,0
27779,0.578729,0,0
27780,0.57875,0,0
27781,0.578771,0,0
27782,0.578792,0,0
27783,0.578812,0,0
27784,0.578833,0,0
27785,0.578854,0,0
27786,0.578875,0,0
27787,0.578896,0,0
27788,0.578917,0,0
27789,0.578937,0,0
27790,0.578958,0,0
27791,0.578979,0,0
27792,0.579,0,0
27793,0.579021,0,0
27794,0.579042,0,0
27795,0.579063,0,0
27796,0.579083,0,0
27797,0.579104,0,0
27798,0.579125,0,0
27799,0.579146,0,0
27800,0.579167,0,0
27801,0.579188,0,0
27802,0.579208,0,0
27803,0.579229,0,0
27804,0.57925,0,0
27805,0.579271,0,0
27806,0.579292,0,0
27807,0.579313,0,0
27808,0.579333,0,0
27809,0.579354,0,0
27810,0.579375,0,0
27811,0.579396,0,0
27812,0.579417,0,0
27813,0.579437,0,0
27814,0.579458,0,0
27815,0.579479,0,0
27816,0.5795,0,0
27817,0.579521,0,0
27818,0.579542,0,0
27819,0.579562,0,0
27820,0.579583,0,0
27821,0.579604,0,0
27822,0.579625,0,0
27823,0.579646,0,0
27824,0.579667,0,0
27825,0.579687,0,0
27826,0.579708,0,0
27827,0.579729,0,0
27828,0.57975,0,0
27829,0.579771,0,0
27830,0.579792,0,0
27831,0.579813,0,0
27832,0.579833,0,0
27833,0.579854,0,0
27834,0.579875,0,0
27835,0.579896,0,0
27836,0.579917,0,0
27837,0.579938,0,0
27838,0.579958,0,0
27839,0.579979,0,0
27840,0.58,0,0
27841,0.580021,0,0
27842,0.580042,0,0
27843,0.580063,0,0
27844,0.580083,0,0
27845,0.580104,0,0
27846,0.580125,0,0
27847,0.580146,0,0
27848,0.580167,0,0
27849,0.580187,0,0
27850,0.580208,0,0
27851,0.580229,0,0
27852,0.58025,0,0
27853,0.580271,0,0
27854,0.580292,0,0
27855,0.580312,0,0
27856,0.580333,0,0
27857,0.580354,0,0
27858,0.580375,0,0
27859,0.580396,0,0
27860,0.580417,0,0
27861,0.580437,0,0
27862,0.580458,0,0
27863,0.580479,0,0
27864,0.5805,0,0
27865,0.580521,0,0
27866,0.580542,0,0
27867,0.580562,0,0
27868,0.580583,0,0
27869,0.580604,0,0
27870,0.580625,0,0
27871,0.580646,0,0
27872,0.580667,0,0
27873,0.580688,0,0
27874,0.580708,0,0
27875,0.580729,0,0
27876,0.58075,0,0
27877,0.580771,0,0
27878,0.580792,0,0
27879,0.580813,0,0
27880,0.580833,0,0
27881,0.580854,0,0
27882,0.580875,0,0
27883,0.580896,0,0
27884,0.580917,0,0
27885,0.580938,0,0
27886,0.580958,0,0
27887,0.580979,0,0
27888,0.581,0,0
27889,0.581021,0,0
27890,0.581042,0,0
27891,0.581062,0,0
27892,0.581083,0,0
27893,0.581104,0,0
27894,0.581125,0,0
27895,0.581146,0,0
27896,0.581167,0,0
27897,0.581187,0,0
27898,0.581208,0,0
27899,0.581229,0,0
27900,0.58125,0,0
27901,0.581271,0,0
27902,0.581292,0,0
27903,0.581312,0,0
27904,0.581333,0,0
27905,0.581354,0,0
27906,0.581375,0,0
27907,0.581396,0,0
27908,0.581417,0,0
27909,0.581438,0,0
27910,0.581458,0,0
27911,0.581479,0,0
27912,0.5815,0,0
27913,0.581521,0,0
27914,0.581542,0,0
27915,0.581563,0,0
27916,0.581583,0,0
27917,0.581604,0,0
27918,0.581625,0,0
27919,0.581646,0,0
27920,0.581667,0,0
27921,0.581688,0,0
27922,0.581708,0,0
27923,0.581729,0,0
27924,0.58175,0,0
27925,0.581771,0,0
27926,0.581792,0,0
27927,0.581813,0,0
27928,0.581833,0,0
27929,0.581854,0,0
27930,0.581875,0,0
27931,0.581896,0,0
27932,0.581917,0,0
27933,0.581937,0,0
27934,0.581958,0,0
27935,0.581979,0,0
27936,0.582,0,0
27937,0.582021,0,0
27938,0.582042,0,0
27939,0.582062,0,0
27940,0.582083,0,0
27941,0.582104,0,0
27942,0.582125,0,0
27943,0.582146,0,0
27944,0.582167,0,0
27945,0.582187,0,0
27946,0.582208,0,0
27947,0.582229,0,0
27948,0.58225,0,0
27949,0.582271,0,0
27950,0.582292,0,0
27951,0.582313,0,0
27952,0.582333,0,0
27953,0.582354,0,0
27954,0.582375,0,0
27955,0.582396,0,0
27956,0.582417,0,0
27957,0.582438,0,0
27958,0.582458,0,0
27959,0.582479,0,0
27960,0.5825,0,0
27961,0.582521,0,0
27962,0.582542,0,0
27963,0.582563,0,0
27964,0.582583,0,0
27965,0.582604,0,0
27966,0.582625,0,0
27967,0.582646,0,0
27968,0.582667,0,0
27969,0.582687,0,0
27970,0.582708,0,0
27971,0.582729,0,0
27972,0.58275,0,0
27973,0.582771,0,0
27974,0.582792,0,0
27975,0.582812,0,0
27976,0.582833,0,0
27977,0.582854,0,0
27978,0.582875,0,0
27979,0.582896,0,0
27980,0.582917,0,0
27981,0.582937,0,0
27982,0.582958,0,0
27983,0.582979,0,0
27984,0.583,0,0
27985,0.583021,0,0
27986,0.583042,0,0
27987,0.583063,0,0
27988,0.583083,0,0
27989,0.583104,0,0
27990,0.583125,0,0
27991,0.583146,0,0
27992,0.583167,0,0
27993,0.583188,0,0
27994,0.583208,0,0
27995,0.583229,0,0
27996,0.58325,0,0
27997,0.583271,0,0
27998,0.583292,0,0
27999,0.583313,0,0
28000,0.583333,0,0
28001,0.583354,0,0
28002,0.583375,0,0
28003,0.583396,0,0
28004,0.583417,0,0
28005,0.583438,0,0
28006,0.583458,0,0
28007,0.583479,0,0
28008,0.5835,0,0
28009,0.583521,0,0
28010,0.583542,0,0
28011,0.583562,0,0
28012,0.583583,0,0
28013,0.583604,0,0
28014,0.583625,0,0
28015,0.583646,0,0
28016,0.583667,0,0
28017,0.583687,0,0
28018,0.583708,0,0
28019,0.583729,0,0
28020,0.58375,0,0
28021,0.583771,0,0
28022,0.583792,0,0
28023,0.583812,0,0
28024,0.583833,0,0
28025,0.583854,0,0
28026,0.583875,0,0
28027,0.583896,0,0
28028,0.583917,0,0
28029,0.583938,0,0
28030,0.583958,0,0
28031,0.583979,0,0
28032,0.584,0,0
28033,0.584021,0,0
28034,0.584042,0,0
28035,0.584063,0,0
28036,0.584083,0,0
28037,0.584104,0,0
28038,0.584125,0,0
28039,0.584146,0,0
28040,0.584167,0,0
28041,0.584188,0,0
28042,0.584208,0,0
28043,0.584229,0,0
28044,0.58425,0,0
28045,0.584271,0,0
28046,0.584292,0,0
28047,0.584312,0,0
28048,0.584333,0,0
28049,0.584354,0,0
28050,0.584375,0,0
28051,0.584396,0,0
28052,0.584417,0,0
28053,0.584437,0,0
28054,0.584458,0,0
28055,0.584479,0,0
28056,0.5845,0,0
28057,0.584521,0,0
28058,0.584542,0,0
28059,0.584562,0,0
28060,0.584583,0,0
28061,0.584604,0,0
28062,0.584625,0,0
28063,0.584646,0,0
28064,0.584667,0,0
28065,0.584687,0,0
28066,0.584708,0,0
28067,0.584729,0,0
28068,0.58475,0,0
28069,0.584771,0,0
28070,0.584792,0,0
28071,0.584813,0,0
28072,0.584833,0,0
28073,0.584854,0,0
28074,0.584875,0,0
28075,0.584896,0,0
28076,0.584917,0,0
28077,0.584938,0,0
28078,0.584958,0,0
28079,0.584979,0,0
28080,0.585,0,0
28081,0.585021,0,0
28082,0.585042,0,0
28083,0.585063,0,0
28084,0.585083,0,0
28085,0.585104,0,0
28086,0.585125,0,0
28087,0.585146,0,0
28088,0.585167,0,0
28089,0.585187,0,0
28090,0.585208,0,0
28091,0.585229,0,0
28092,0.58525,0,0
28093,0.585271,0,0
28094,0.585292,0,0
28095,0.585312,0,0
28096,0.585333,0,0
28097,0.585354,0,0
28098,0.585375,0,0
28099,0.585396,0,0
28100,0.585417,0,0
28101,0.585437,0,0
28102,0.585458,0,0
28103,0.585479,0,0
28104,0.5855,0,0
28105,0.585521,0,0
28106,0.585542,0,0
28107,0.585563,0,0
28108,0.585583,0,0
28109,0.585604,0,0
28110,0.585625,0,0
28111,0.585646,0,0
28112,0.585667,0,0
28113,0.585688,0,0
28114,0.585708,0,0
28115,0.585729,0,0
28116,0.58575,0,0
28117,0.585771,0,0
28118,0.585792,0,0
28119,0.585813,0,0
28120,0.585833,0,0
28121,0.585854,0,0
28122,0.585875,0,0
28123,0.585896,0,0
28124,0.585917,0,0
28125,0.585938,0,0
28126,0.585958,0,0
28127,0.585979,0,0
28128,0.586,0,0
28129,0.586021,0,0
28130,0.586042,0,0
28131,0.586062,0,0
28132,0.586083,0,0
28133,0.586104,0,0
28134,0.586125,0,0
28135,0.586146,0,0
28136,0.586167,0,0
28137,0.586187,0,0
28138,0.586208,0,0
28139,0.586229,0,0
28140,0.58625,0,0
28141,0.586271,0,0
28142,0.586292,0,0
28143,0.586312,0,0
28144,0.586333,0,0
28145,0.586354,0,0
28146,0.586375,0,0
28147,0.586396,0,0
28148,0.586417,0,0
28149,0.586438,0,0
28150,0.586458,0,0
28151,0.586479,0,0
28152,0.5865,0,0
28153,0.586521,0,0
28154,0.586542,0,0
28155,0.586563,0,0
28156,0.586583,0,0
28157,0.586604,0,0
28158,0.586625,0,0
28159,0.586646,0,0
28160,0.586667,0,0
28161,0.586688,0,0
28162,0.586708,0,0
28163,0.586729,0,0
28164,0.58675,0,0
28165,0.586771,0,0
28166,0.586792,0,0
28167,0.586812,0,0
28168,0.586833,0,0
28169,0.586854,0,0
28170,0.586875,0,0
28171,0.586896,0,0
28172,0.586917,0,0
28173,0.586937,0,0
28174,0.586958,0,0
28175,0.586979,0,0
28176,0.587,0,0
28177,0.587021,0,0
28178,0.587042,0,0
28179,0.587062,0,0
28180,0.587083,0,0
28181,0.587104,0,0
28182,0.587125,0,0
28183,0.587146,0,0
28184,0.587167,0,0
28185,0.587188,0,0
28186,0.587208,0,0
28187,0.587229,0,0
28188,0.58725,0,0
28189,0.587271,0,0
28190,0.587292,0,0
28191,0.587313,0,0
28192,0.587333,0,0
28193,0.587354,0,0
28194,0.587375,0,0
28195,0.587396,0,0
28196,0.587417,0,0
28197,0.587438,0,0
28198,0.587458,0,0
28199,0.587479,0,0
28200,0.5875,0,0
28201,0.587521,0,0
28202,0.587542,0,0
28203,0.587563,0,0
28204,0.587583,0,0
28205,0.587604,0,0
28206,0.587625,0,0
28207,0.587646,0,0
28208,0.587667,0,0
28209,0.587687,0,0
28210,0.587708,0,0
28211,0.587729,0,0
28212,0.58775,0,0
28213,0.587771,0,0
28214,0.587792,0,0
28215,0.587812,0,0
28216,0.587833,0,0
28217,0.587854,0,0
28218,0.587875,0,0
28219,0.587896,0,0
28220,0.587917,0,0
28221,0.587937,0,0
28222,0.587958,0,0
28223,0.587979,0,0
28224,0.588,0,0
28225,0.588021,0,0
28226,0.588042,0,0
28227,0.588063,0,0
28228,0.588083,0,0
28229,0.588104,0,0
28230,0.588125,0,0
28231,0.588146,0,0
28232,0.588167,0,0
28233,0.588188,0,0
28234,0.588208,0,0
28235,0.588229,0,0
28236,0.58825,0,0
28237,0.588271,0,0
28238,0.588292,0,0
28239,0.588313,0,0
28240,0.588333,0,0
28241,0.588354,0,0
28242,0.588375,0,0
28243,0.588396,0,0
28244,0.588417,0,0
28245,0.588437,0,0
28246,0.588458,0,0
28247,0.588479,0,0
28248,0.5885,0,0
28249,0.588521,0,0
28250,0.588542,0,0
28251,0.588562,0,0
28252,0.588583,0,0
28253,0.588604,0,0
28254,0.588625,0,0
28255,0.588646,0,0
28256,0.588667,0,0
28257,0.588687,0,0
28258,0.588708,0,0
28259,0.588729,0,0
28260,0.58875,0,0
28261,0.588771,0,0
28262,0.588792,0,0
28263,0.588812,0,0
28264,0.588833,0,0
28265,0.588854,0,0
28266,0.588875,0,0
28267,0.588896,0,0
28268,0.588917,0,0
28269,0.588938,0,0
28270,0.588958,0,0
28271,0.588979,0,0
28272,0.589,0,0
28273,0.589021,0,0
28274,0.589042,0,0
28275,0.589063,0,0
28276,0.589083,0,0
28277,0.589104,0,0
28278,0.589125,0,0
28279,0.589146,0,0
28280,0.589167,0,0
28281,0.589188,0,0
28282,0.589208,0,0
28283,0.589229,0,0
28284,0.58925,0,0
28285,0.589271,0,0
28286,0.589292,0,0
28287,0.589312,0,0
28288,0.589333,0,0
28289,0.589354,0,0
28290,0.589375,0,0
28291,0.589396,0,0
28292,0.589417,0,0
28293,0.589437,0,0
28294,0.589458,0,0
28295,0.589479,0,0
28296,0.5895,0,0
28297,0.589521,0,0
28298,0.589542,0,0
28299,0.589562,0,0
28300,0.589583,0,0
28301,0.589604,0,0
28302,0.589625,0,0
28303,0.589646,0,0
28304,0.589667,0,0
28305,0.589688,0,0
28306,0.589708,0,0
28307,0.589729,0,0
28308,0.58975,0,0
28309,0.589771,0,0
28310,0.589792,0,0
28311,0.589813,0,0
28312,0.589833,0,0
28313,0.589854,0,0
28314,0.589875,0,0
28315,0.589896,0,0
28316,0.589917,0,0
28317,0.589938,0,0
28318,0.589958,0,0
28319,0.589979,0,0
28320,0.59,0,0
28321,0.590021,0,0
28322,0.590042,0,0
28323,0.590062,0,0
28324,0.590083,0,0
28325,0.590104,0,0
28326,0.590125,0,0
28327,0.590146,0,0
28328,0.590167,0,0
28329,0.590187,0,0
28330,0.590208,0,0
28331,0.590229,0,0
28332,0.59025,0,0
28333,0.590271,0,0
28334,0.590292,0,0
28335,0.590312,0,0
28336,0.590333,0,0
28337,0.590354,0,0
28338,0.590375,0,0
28339,0.590396,0,0
28340,0.590417,0,0
28341,0.590437,0,0
28342,0.590458,0,0
28343,0.590479,0,0
28344,0.5905,0,0
28345,0.590521,0,0
28346,0.590542,0,0
28347,0.590563,0,0
28348,0.590583,0,0
28349,0.590604,0,0
28350,0.590625,0,0
28351,0.590646,0,0
28352,0.590667,0,0
28353,0.590688,0,0
28354,0.590708,0,0
28355,0.590729,0,0
28356,0.59075,0,0
28357,0.590771,0,0
28358,0.590792,0,0
28359,0.590813,0,0
28360,0.590833,0,0
28361,0.590854,0,0
28362,0.590875,0,0
28363,0.590896,0,0
28364,0.590917,0,0
28365,0.590937,0,0
28366,0.590958,0,0
28367,0.590979,0,0
28368,0.591,0,0
28369,0.591021,0,0
28370,0.591042,0,0
28371,0.591062,0,0
28372,0.591083,0,0
28373,0.591104,0,0
28374,0.591125,0,0
28375,0.591146,0,0
28376,0.591167,0,0
28377,0.591187,0,0
28378,0.591208,0,0
28379,0.591229,0,0
28380,0.59125,0,0
28381,0.591271,0,0
28382,0.591292,0,0
28383,0.591313,0,0
28384,0.591333,0,0
28385,0.591354,0,0
28386,0.591375,0,0
28387,0.591396,0,0
28388,0.591417,0,0
28389,0.591438,0,0
28390,0.591458,0,0
28391,0.591479,0,0
28392,0.5915,0,0
28393,0.591521,0,0
28394,0.591542,0,0
28395,0.591563,0,0
28396,0.591583,0,0
28397,0.591604,0,0
28398,0.591625,0,0
28399,0.591646,0,0
28400,0.591667,0,0
28401,0.591688,0,0
28402,0.591708,0,0
28403,0.591729,0,0
28404,0.59175,0,0
28405,0.591771,0,0
28406,0.591792,0,0
28407,0.591812,0,0
28408,0.591833,0,0
28409,0.591854,0,0
28410,0.591875,0,0
28411,0.591896,0,0
28412,0.591917,0,0
28413,0.591937,0,0
28414,0.591958,0,0
28415,0.591979,0,0
28416,0.592,0,0
28417,0.592021,0,0
28418,0.592042,0,0
28419,0.592062,0,0
28420,0.592083,0,0
28421,0.592104,0,0
28422,0.592125,0,0
28423,0.592146,0,0
28424,0.592167,0,0
28425,0.592188,0,0
28426,0.592208,0,0
28427,0.592229,0,0
28428,0.59225,0,0
28429,0.592271,0,0
28430,0.592292,0,0
28431,0.592313,0,0
28432,0.592333,0,0
28433,0.592354,0,0
28434,0.592375,0,0
28435,0.592396,0,0
28436,0.592417,0,0
28437,0.592438,0,0
28438,0.592458,0,0
28439,0.592479,0,0
28440,0.5925,0,0
28441,0.592521,0,0
28442,0.592542,0,0
28443,0.592562,0,0
28444,0.592583,0,0
28445,0.592604,0,0
28446,0.592625,0,0
28447,0.592646,0,0
28448,0.592667,0,0
28449,0.592687,0,0
28450,0.592708,0,0
28451,0.592729,0,0
28452,0.59275,0,0
28453,0.592771,0,0
28454,0.592792,0,0
28455,0.592812,0,0
28456,0.592833,0,0
28457,0.592854,0,0
28458,0.592875,0,0
28459,0.592896,0,0
28460,0.592917,0,0
28461,0.592938,0,0
28462,0.592958,0,0
28463,0.592979,0,0
28464,0.593,0,0
28465,0.593021,0,0
28466,0.593042,0,0
28467,0.593063,0,0
28468,0.593083,0,0
28469,0.593104,0,0
28470,0.593125,0,0
28471,0.593146,0,0
28472,0.593167,0,0
28473,0.593188,0,0
28474,0.593208,0,0
28475,0.593229,0,0
28476,0.59325,0,0
28477,0.593271,0,0
28478,0.593292,0,0
28479,0.593313,0,0
28480,0.593333,0,0
28481,0.593354,0,0
28482,0.593375,0,0
28483,0.593396,0,0
28484,0.593417,0,0
28485,0.593437,0,0
28486,0.593458,0,0
28487,0.593479,0,0
28488,0.5935,0,0
28489,0.593521,0,0
28490,0.593542,0,0
28491,0.593562,0,0
28492,0.593583,0,0
28493,0.593604,0,0
28494,0.593625,0,0
28495,0.593646,0,0
28496,0.593667,0,0
28497,0.593687,0,0
28498,0.593708,0,0
28499,0.593729,0,0
28500,0.59375,0,0
28501,0.593771,0,0
28502,0.593792,0,0
28503,0.593813,0,0
28504,0.593833,0,0
28505,0.593854,0,0
28506,0.593875,0,0
28507,0.593896,0,0
28508,0.593917,0,0
28509,0.593938,0,0
28510,0.593958,0,0
28511,0.593979,0,0
28512,0.594,0,0
28513,0.594021,0,0
28514,0.594042,0,0
28515,0.594063,0,0
28516,0.594083,0,0
28517,0.594104,0,0
28518,0.594125,0,0
28519,0.594146,0,0
28520,0.594167,0,0
28521,0.594187,0,0
28522,0.594208,0,0
28523,0.594229,0,0
28524,0.59425,0,0
28525,0.594271,0,0
28526,0.594292,0,0
28527,0.594312,0,0
28528,0.594333,0,0
28529,0.594354,0,0
28530,0.594375,0,0
28531,0.594396,0,0
28532,0.594417,0,0
28533,0.594437,0,0
28534,0.594458,0,0
28535,0.594479,0,0
28536,0.5945,0,0
28537,0.594521,0,0
28538,0.594542,0,0
28539,0.594562,0,0
28540,0.594583,0,0
28541,0.594604,0,0
28542,0.594625,0,0
28543,0.594646,0,0
28544,0.594667,0,0
28545,0.594688,0,0
28546,0.594708,0,0
28547,0.594729,0,0
28548,0.59475,0,0
28549,0.594771,0,0
28550,0.594792,0,0
28551,0.594813,0,0
28552,0.594833,0,0
28553,0.594854,0,0
28554,0.594875,0,0
28555,0.594896,0,0
28556,0.594917,0,0
28557,0.594938,0,0
28558,0.594958,0,0
28559,0.594979,0,0
28560,0.595,0,0
28561,0.595021,0,0
28562,0.595042,0,0
28563,0.595062,0,0
28564,0.595083,0,0
28565,0.595104,0,0
28566,0.595125,0,0
28567,0.595146,0,0
28568,0.595167,0,0
28569,0.595187,0,0
28570,0.595208,0,0
28571,0.595229,0,0
28572,0.59525,0,0
28573,0.595271,0,0
28574,0.595292,0,0
28575,0.595312,0,0
28576,0.595333,0,0
28577,0.595354,0,0
28578,0.595375,0,0
28579,0.595396,0,0
28580,0.595417,0,0
28581,0.595438,0,0
28582,0.595458,0,0
28583,0.595479,0,0
28584,0.5955,0,0
28585,0.595521,0,0
28586,0.595542,0,0
28587,0.595563,0,0
28588,0.595583,0,0
28589,0.595604,0,0
28590,0.595625,0,0
28591,0.595646,0,0
28592,0.595667,0,0
28593,0.595688,0,0
28594,0.595708,0,0
28595,0.595729,0,0
28596,0.59575,0,0
28597,0.595771,0,0
28598,0.595792,0,0
28599,0.595812,0,0
28600,0.595833,0,0
28601,0.595854,0,0
28602,0.595875,0,0
28603,0.595896,0,0
28604,0.595917,0,0
28605,0.595937,0,0
28606,0.595958,0,0
28607,0.595979,0,0
28608,0.596,0,0
28609,0.596021,0,0
28610,0.596042,0,0
28611,0.596062,0,0
28612,0.596083,0,0
28613,0.596104,0,0
28614,0.596125,0,0
28615,0.596146,0,0
28616,0.596167,0,0
28617,0.596187,0,0
28618,0.596208,0,0
28619,0.596229,0,0
28620,0.59625,0,0
28621,0.596271,0,0
28622,0.596292,0,0
28623,0.596313,0,0
28624,0.596333,0,0
28625,0.596354,0,0
28626,0.596375,0,0
28627,0.596396,0,0
28628,0.596417,0,0
28629,0.596438,0,0
28630,0.596458,0,0
28631,0.596479,0,0
28632,0.5965,0,0
28633,0.596521,0,0
28634,0.596542,0,0
28635,0.596563,0,0
28636,0.596583,0,0
28637,0.596604,0,0
28638,0.596625,0,0
28639,0.596646,0,0
28640,0.596667,0,0
28641,0.596687,0,0
28642,0.596708,0,0
28643,0.596729,0,0
28644,0.59675,0,0
28645,0.596771,0,0
28646,0.596792,0,0
28647,0.596812,0,0
28648,0.596833,0,0
28649,0.596854,0,0
28650,0.596875,0,0
28651,0.596896,0,0
28652,0.596917,0,0
28653,0.596937,0,0
28654,0.596958,0,0
28655,0.596979,0,0
28656,0.597,0,0
28657,0.597021,0,0
28658,0.597042,0,0
28659,0.597063,0,0
28660,0.597083,0,0
28661,0.597104,0,0
28662,0.597125,0,0
28663,0.597146,0,0
28664,0.597167,0,0
28665,0.597188,0,0
28666,0.597208,0,0
28667,0.597229,0,0
28668,0.59725,0,0
28669,0.597271,0,0
28670,0.597292,0,0
28671,0.597313,0,0
28672,0.597333,0,0
28673,0.597354,0,0
28674,0.597375,0,0
28675,0.597396,0,0
28676,0.597417,0,0
28677,0.597438,0,0
28678,0.597458,0,0
28679,0.597479,0,0
28680,0.5975,0,0
28681,0.597521,0,0
28682,0.597542,0,0
28683,0.597562,0,0
28684,0.597583,0,0
28685,0.597604,0,0
28686,0.597625,0,0
28687,0.597646,0,0
28688,0.597667,0,0
28689,0.597687,0,0
28690,0.597708,0,0
28691,0.597729,0,0
28692,0.59775,0,0
28693,0.597771,0,0
28694,0.597792,0,0
28695,0.597812,0,0
28696,0.597833,0,0
28697,0.597854,0,0
28698,0.597875,0,0
28699,0.597896,0,0
28700,0.597917,0,0
28701,0.597938,0,0
28702,0.597958,0,0
28703,0.597979,0,0
28704,0.598,0,0
28705,0.598021,0,0
28706,0.598042,0,0
28707,0.598063,0,0
28708,0.598083,0,0
28709,0.598104,0,0
28710,0.598125,0,0
28711,0.598146,0,0
28712,0.598167,0,0
28713,0.598188,0,0
28714,0.598208,0,0
28715,0.598229,0,0
28716,0.59825,0,0
28717,0.598271,0,0
28718,0.598292,0,0
28719,0.598312,0,0
28720,0.598333,0,0
28721,0.598354,0,0
28722,0.598375,0,0
28723,0.598396,0,0
28724,0.598417,0,0
28725,0.598437,0,0
28726,0.598458,0,0
28727,0.598479,0,0
28728,0.5985,0,0
28729,0.598521,0,0
28730,0.598542,0,0
28731,0.598562,0,0
28732,0.598583,0,0
28733,0.598604,0,0
28734,0.598625,0,0
28735,0.598646,0,0
28736,0.598667,0,0
28737,0.598688,0,0
28738,0.598708,0,0
28739,0.598729,0,0
28740,0.59875,0,0
28741,0.598771,0,0
28742,0.598792,0,0
28743,0.598813,0,0
28744,0.598833,0,0
28745,0.598854,0,0
28746,0.598875,0,0
28747,0.598896,0,0
28748,0.598917,0,0
28749,0.598938,0,0
28750,0.598958,0,0
28751,0.598979,0,0
28752,0.599,0,0
28753,0.599021,0,0
28754,0.599042,0,0
28755,0.599063,0,0
28756,0.599083,0,0
28757,0.599104,0,0
28758,0.599125,0,0
28759,0.599146,0,0
28760,0.599167,0,0
28761,0.599187,0,0
28762,0.599208,0,0
28763,0.599229,0,0
28764,0.59925,0,0
28765,0.599271,0,0
28766,0.599292,0,0
28767,0.599312,0,0
28768,0.599333,0,0
28769,0.599354,0,0
28770,0.599375,0,0
28771,0.599396,0,0
28772,0.599417,0,0
28773,0.599437,0,0
28774,0.599458,0,0
28775,0.599479,0,0
28776,0.5995,0,0
28777,0.599521,0,0
28778,0.599542,0,0
28779,0.599563,0,0
28780,0.599583,0,0
28781,0.599604,0,0
28782,0.599625,0,0
28783,0.599646,0,0
28784,0.599667,0,0
28785,0.599688,0,0
28786,0.599708,0,0
28787,0.599729,0,0
28788,0.59975,0,0
28789,0.599771,0,0
28790,0.599792,0,0
28791,0.599813,0,0
28792,0.599833,0,0
28793,0.599854,0,0
28794,0.599875,0,0
28795,0.599896,0,0
28796,0.599917,0,0
28797,0.599937,0,0
28798,0.599958,0,0
28799,0.599979,0,0
28800,0.6,0,0
28801,0.600021,0,0
28802,0.600042,0,0
28803,0.600062,0,0
28804,0.600083,0,0
28805,0.600104,0,0
28806,0.600125,0,0
28807,0.600146,0,0
28808,0.600167,0,0
28809,0.600187,0,0
28810,0.600208,0,0
28811,0.600229,0,0
28812,0.60025,0,0
28813,0.600271,0,0
28814,0.600292,0,0
28815,0.600312,0,0
28816,0.600333,0,0
28817,0.600354,0,0
28818,0.600375,0,0
28819,0.600396,0,0
28820,0.600417,0,0
28821,0.600438,0,0
28822,0.600458,0,0
28823,0.600479,0,0
28824,0.6005,0,0
28825,0.600521,0,0
28826,0.600542,0,0
28827,0.600563,0,0
28828,0.600583,0,0
28829,0.600604,0,0
28830,0.600625,0,0
28831,0.600646,0,0
28832,0.600667,0,0
28833,0.600688,0,0
28834,0.600708,0,0
28835,0.600729,0,0
28836,0.60075,0,0
28837,0.600771,0,0
28838,0.600792,0,0
28839,0.600812,0,0
28840,0.600833,0,0
28841,0.600854,0,0
28842,0.600875,0,0
28843,0.600896,0,0
28844,0.600917,0,0
28845,0.600937,0,0
28846,0.600958,0,0
28847,0.600979,0,0
28848,0.601,0,0
28849,0.601021,0,0
28850,0.601042,0,0
28851,0.601062,0,0
28852,0.601083,0,0
28853,0.601104,0,0
28854,0.601125,0,0
28855,0.601146,0,0
28856,0.601167,0,0
28857,0.601188,0,0
28858,0.601208,0,0
28859,0.601229,0,0
28860,0.60125,0,0
28861,0.601271,0,0
28862,0.601292,0,0
28863,0.601313,0,0
28864,0.601333,0,0
28865,0.601354,0,0
28866,0.601375,0,0
28867,0.601396,0,0
28868,0.601417,0,0
28869,0.601438,0,0
28870,0.601458,0,0
28871,0.601479,0,0
28872,0.6015,0,0
28873,0.601521,0,0
28874,0.601542,0,0
28875,0.601562,0,0
28876,0.601583,0,0
28877,0.601604,0,0
28878,0.601625,0,0
28879,0.601646,0,0
28880,0.601667,0,0
28881,0.601687,0,0
28882,0.601708,0,0
28883,0.601729,0,0
28884,0.60175,0,0
28885,0.601771,0,0
28886,0.601792,0,0
28887,0.601812,0,0
28888,0.601833,0,0
28889,0.601854,0,0
28890,0.601875,0,0
28891,0.601896,0,0
28892,0.601917,0,0
28893,0.601937,0,0
28894,0.601958,0,0
28895,0.601979,0,0
28896,0.602,0,0
28897,0.602021,0,0
28898,0.602042,0,0
28899,0.602063,0,0
28900,0.602083,0,0
28901,0.602104,0,0
28902,0.602125,0,0
28903,0.602146,0,0
28904,0.602167,0,0
28905,0.602188,0,0
28906,0.602208,0,0
28907,0.602229,0,0
28908,0.60225,0,0
28909,0.602271,0,0
28910,0.602292,0,0
28911,0.602313,0,0
28912,0.602333,0,0
28913,0.602354,0,0
28914,0.602375,0,0
28915,0.602396,0,0
28916,0.602417,0,0
28917,0.602437,0,0
28918,0.602458,0,0
28919,0.602479,0,0
28920,0.6025,0,0
28921,0.602521,0,0
28922,0.602542,0,0
28923,0.602562,0,0
28924,0.602583,0,0
28925,0.602604,0,0
28926,0.602625,0,0
28927,0.602646,0,0
28928,0.602667,0,0
28929,0.602687,0,0
28930,0.602708,0,0
28931,0.602729,0,0
28932,0.60275,0,0
28933,0.602771,0,0
28934,0.602792,0,0
28935,0.602813,0,0
28936,0.602833,0,0
28937,0.602854,0,0
28938,0.602875,0,0
28939,0.602896,0,0
28940,0.602917,0,0
28941,0.602938,0,0
28942,0.602958,0,0
28943,0.602979,0,0
28944,0.603,0,0
28945,0.603021,0,0
28946,0.603042,0,0
28947,0.603063,0,0
28948,0.603083,0,0
28949,0.603104,0,0
28950,0.603125,0,0
28951,0.603146,0,0
28952,0.603167,0,0
28953,0.603188,0,0
28954,0.603208,0,0
28955,0.603229,0,0
28956,0.60325,0,0
28957,0.603271,0,0
28958,0.603292,0,0
28959,0.603312,0,0
28960,0.603333,0,0
28961,0.603354,0,0
28962,0.603375,0,0
28963,0.603396,0,0
28964,0.603417,0,0
28965,0.603437,0,0
28966,0.603458,0,0
28967,0.603479,0,0
28968,0.6035,0,0
28969,0.603521,0,0
28970,0.603542,0,0
28971,0.603562,0,0
28972,0.603583,0,0
28973,0.603604,0,0
28974,0.603625,0,0
28975,0.603646,0,0
28976,0.603667,0,0
28977,0.603688,0,0
28978,0.603708,0,0
28979,0.603729,0,0
28980,0.60375,0,0
28981,0.603771,0,0
28982,0.603792,0,0
28983,0.603813,0,0
28984,0.603833,0,0
28985,0.603854,0,0
28986,0.603875,0,0
28987,0.603896,0,0
28988,0.603917,0,0
28989,0.603938,0,0
28990,0.603958,0,0
28991,0.603979,0,0
28992,0.604,0,0
28993,0.604021,0,0
28994,0.604042,0,0
28995,0.604062,0,0
28996,0.604083,0,0
28997,0.604104,0,0
28998,0.604125,0,0
28999,0.604146,0,0
29000,0.604167,0,0
29001,0.604187,0,0
29002,0.604208,0,0
29003,0.604229,0,0
29004,0.60425,0,0
29005,0.604271,0,0
29006,0.604292,0,0
29007,0.604312,0,0
29008,0.604333,0,0
29009,0.604354,0,0
29010,0.604375,0,0
29011,0.604396,0,0
29012,0.604417,0,0
29013,0.604437,0,0
29014,0.604458,0,0
29015,0.604479,0,0
29016,0.6045,0,0
29017,0.604521,0,0
29018,0.604542,0,0
29019,0.604563,0,0
29020,0.604583,0,0
29021,0.604604,0,0
29022,0.604625,0,0
29023,0.604646,0,0
29024,0.604667,0,0
29025,0.604688,0,0
29026,0.604708,0,0
29027,0.604729,0,0
29028,0.60475,0,0
29029,0.604771,0,0
29030,0.604792,0,0
29031,0.604813,0,0
29032,0.604833,0,0
29033,0.604854,0,0
29034,0.604875,0,0
29035,0.604896,0,0
29036,0.604917,0,0
29037,0.604937,0,0
29038,0.604958,0,0
29039,0.604979,0,0
29040,0.605,0,0
29041,0.605021,0,0
29042,0.605042,0,0
29043,0.605062,0,0
29044,0.605083,0,0
29045,0.605104,0,0
29046,0.605125,0,0
29047,0.605146,0,0
29048,0.605167,0,0
29049,0.605187,0,0
29050,0.605208,0,0
29051,0.605229,0,0
29052,0.60525,0,0
29053,0.605271,0,0
29054,0.605292,0,0
29055,0.605313,0,0
29056,0.605333,0,0
29057,0.605354,0,0
29058,0.605375,0,0
29059,0.605396,0,0
29060,0.605417,0,0
29061,0.605438,0,0
29062,0.605458,0,0
29063,0.605479,0,0
29064,0.6055,0,0
29065,0.605521,0,0
29066,0.605542,0,0
29067,0.605563,0,0
29068,0.605583,0,0
29069,0.605604,0,0
29070,0.605625,0,0
29071,0.605646,0,0
29072,0.605667,0,0
29073,0.605687,0,0
29074,0.605708,0,0
29075,0.605729,0,0
29076,0.60575,0,0
29077,0.605771,0,0
29078,0.605792,0,0
29079,0.605812,0,0
29080,0.605833,0,0
29081,0.605854,0,0
29082,0.605875,0,0
29083,0.605896,0,0
29084,0.605917,0,0
29085,0.605937,0,0
29086,0.605958,0,0
29087,0.605979,0,0
29088,0.606,0,0
29089,0.606021,0,0
29090,0.606042,0,0
29091,0.606062,0,0
29092,0.606083,0,0
29093,0.606104,0,0
29094,0.606125,0,0
29095,0.606146,0,0
29096,0.606167,0,0
29097,0.606188,0,0
29098,0.606208,0,0
29099,0.606229,0,0
29100,0.60625,0,0
29101,0.606271,0,0
29102,0.606292,0,0
29103,0.606313,0,0
29104,0.606333,0,0
29105,0.606354,0,0
29106,0.606375,0,0
29107,0.606396,0,0
29108,0.606417,0,0
29109,0.606438,0,0
29110,0.606458,0,0
29111,0.606479,0,0
29112,0.6065,0,0
29113,0.606521,0,0
29114,0.606542,0,0
29115,0.606562,0,0
29116,0.606583,0,0
29117,0.606604,0,0
29118,0.606625,0,0
29119,0.606646,0,0
29120,0.606667,0,0
29121,0.606687,0,0
29122,0.606708,0,0
29123,0.606729,0,0
29124,0.60675,0,0
29125,0.606771,0,0
29126,0.606792,0,0
29127,0.606812,0,0
29128,0.606833,0,0
29129,0.606854,0,0
29130,0.606875,0,0
29131,0.606896,0,0
29132,0.606917,0,0
29133,0.606938,0,0
29134,0.606958,0,0
29135,0.606979,0,0
29136,0.607,0,0
29137,0.607021,0,0
29138,0.607042,0,0
29139,0.607063,0,0
29140,0.607083,0,0
29141,0.607104,0,0
29142,0.607125,0,0
29143,0.607146,0,0
29144,0.607167,0,0
29145,0.607188,0,0
29146,0.607208,0,0
29147,0.607229,0,0
29148,0.60725,0,0
29149,0.607271,0,0
29150,0.607292,0,0
29151,0.607313,0,0
29152,0.607333,0,0
29153,0.607354,0,0
29154,0.607375,0,0
29155,0.607396,0,0
29156,0.607417,0,0
29157,0.607437,0,0
29158,0.607458,0,0
29159,0.607479,0,0
29160,0.6075,0,0
29161,0.607521,0,0
29162,0.607542,0,0
29163,0.607562,0,0
29164,0.607583,0,0
29165,0.607604,0,0
29166,0.607625,0,0
29167,0.607646,0,0
29168,0.607667,0,0
29169,0.607687,0,0
29170,0.607708,0,0
29171,0.607729,0,0
29172,0.60775,0,0
29173,0.607771,0,0
29174,0.607792,0,0
29175,0.607813,0,0
29176,0.607833,0,0
29177,0.607854,0,0
29178,0.607875,0,0
29179,0.607896,0,0
29180,0.607917,0,0
29181,0.607938,0,0
29182,0.607958,0,0
29183,0.607979,0,0
29184,0.608,0,0
29185,0.608021,0,0
29186,0.608042,0,0
29187,0.608063,0,0
29188,0.608083,0,0
29189,0.608104,0,0
29190,0.608125,0,0
29191,0.608146,0,0
29192,0.608167,0,0
29193,0.608187,0,0
29194,0.608208,0,0
29195,0.608229,0,0
29196,0.60825,0,0
29197,0.608271,0,0
29198,0.608292,0,0
29199,0.608312,0,0
29200,0.608333,0,0
29201,0.608354,0,0
29202,0.608375,0,0
29203,0.608396,0,0
29204,0.608417,0,0
29205,0.608437,0,0
29206,0.608458,0,0
29207,0.608479,0,0
29208,0.6085,0,0
29209,0.608521,0,0
29210,0.608542,0,0
29211,0.608563,0,0
29212,0.608583,0,0
29213,0.608604,0,0
29214,0.608625,0,0
29215,0.608646,0,0
29216,0.608667,0,0
29217,0.608688,0,0
29218,0.608708,0,0
29219,0.608729,0,0
29220,0.60875,0,0
29221,0.608771,0,0
29222,0.608792,0,0
29223,0.608813,0,0
29224,0.608833,0,0
29225,0.608854,0,0
29226,0.608875,0,0
29227,0.608896,0,0
29228,0.608917,0,0
29229,0.608938,0,0
29230,0.608958,0,0
29231,0.608979,0,0
29232,0.609,0,0
29233,0.609021,0,0
29234,0.609042,0,0
29235,0.609062,0,0
29236,0.609083,0,0
29237,0.609104,0,0
29238,0.609125,0,0
29239,0.609146,0,0
29240,0.609167,0,0
29241,0.609187,0,0
29242,0.609208,0,0
29243,0.609229,0,0
29244,0.60925,0,0
29245,0.609271,0,0
29246,0.609292,0,0
29247,0.609312,0,0
29248,0.609333,0,0
29249,0.609354,0,0
29250,0.609375,0,0
29251,0.609396,0,0
29252,0.609417,0,0
29253,0.609438,0,0
29254,0.609458,0,0
29255,0.609479,0,0
29256,0.6095,0,0
29257,0.609521,0,0
29258,0.609542,0,0
29259,0.609563,0,0
29260,0.609583,0,0
29261,0.609604,0,0
29262,0.609625,0,0
29263,0.609646,0,0
29264,0.609667,0,0
29265,0.609688,0,0
29266,0.609708,0,0
29267,0.609729,0,0
29268,0.60975,0,0
29269,0.609771,0,0
29270,0.609792,0,0
29271,0.609812,0,0
29272,0.609833,0,0
29273,0.609854,0,0
29274,0.609875,0,0
29275,0.609896,0,0
29276,0.609917,0,0
29277,0.609937,0,0
29278,0.609958,0,0
29279,0.609979,0,0
29280,0.61,0,0
29281,0.610021,0,0
29282,0.610042,0,0
29283,0.610062,0,0
29284,0.610083,0,0
29285,0.610104,0,0
29286,0.610125,0,0
29287,0.610146,0,0
29288,0.610167,0,0
29289,0.610187,0,0
29290,0.610208,0,0
29291,0.610229,0,0
29292,0.61025,0,0
29293,0.610271,0,0
29294,0.610292,0,0
29295,0.610313,0,0
29296,0.610333,0,0
29297,0.610354,0,0
29298,0.610375,0,0
29299,0.610396,0,0
29300,0.610417,0,0
29301,0.610438,0,0
29302,0.610458,0,0
29303,0.610479,0,0
29304,0.6105,0,0
29305,0.610521,0,0
29306,0.610542,0,0
29307,0.610563,0,0
29308,0.610583,0,0
29309,0.610604,0,0
29310,0.610625,0,0
29311,0.610646,0,0
29312,0.610667,0,0
29313,0.610687,0,0
29314,0.610708,0,0
29315,0.610729,0,0
29316,0.61075,0,0
29317,0.610771,0,0
29318,0.610792,0,0
29319,0.610812,0,0
29320,0.610833,0,0
29321,0.610854,0,0
29322,0.610875,0,0
29323,0.610896,0,0
29324,0.610917,0,0
29325,0.610937,0,0
29326,0.610958,0,0
29327,0.610979,0,0
29328,0.611,0,0
29329,0.611021,0,0
29330,0.611042,0,0
29331,0.611063,0,0
29332,0.611083,0,0
29333,0.611104,0,0
29334,0.611125,0,0
29335,0.611146,0,0
29336,0.611167,0,0
29337,0.611188,0,0
29338,0.611208,0,0
29339,0.611229,0,0
29340,0.61125,0,0
29341,0.611271,0,0
29342,0.611292,0,0
29343,0.611313,0,0
29344,0.611333,0,0
29345,0.611354,0,0
29346,0.611375,0,0
29347,0.611396,0,0
29348,0.611417,0,0
29349,0.611437,0,0
29350,0.611458,0,0
29351,0.611479,0,0
29352,0.6115,0,0
29353,0.611521,0,0
29354,0.611542,0,0
29355,0.611562,0,0
29356,0.611583,0,0
29357,0.611604,0,0
29358,0.611625,0,0
29359,0.611646,0,0
29360,0.611667,0,0
29361,0.611687,0,0
29362,0.611708,0,0
29363,0.611729,0,0
29364,0.61175,0,0
29365,0.611771,0,0
29366,0.611792,0,0
29367,0.611812,0,0
29368,0.611833,0,0
29369,0.611854,0,0
29370,0.611875,0,0
29371,0.611896,0,0
29372,0.611917,0,0
29373,0.611938,0,0
29374,0.611958,0,0
29375,0.611979,0,0
29376,0.612,0,0
29377,0.612021,0,0
29378,0.612042,0,0
29379,0.612063,0,0
29380,0.612083,0,0
29381,0.612104,0,0
29382,0.612125,0,0
29383,0.612146,0,0
29384,0.612167,0,0
29385,0.612188,0,0
29386,0.612208,0,0
29387,0.612229,0,0
29388,0.61225,0,0
29389,0.612271,0,0
29390,0.612292,0,0
29391,0.612312,0,0
29392,0.612333,0,0
29393,0.612354,0,0
29394,0.612375,0,0
29395,0.612396,0,0
29396,0.612417,0,0
29397,0.612437,0,0
29398,0.612458,0,0
29399,0.612479,0,0
29400,0.6125,0,0
29401,0.612521,0,0
29402,0.612542,0,0
29403,0.612562,0,0
29404,0.612583,0,0
29405,0.612604,0,0
29406,0.612625,0,0
29407,0.612646,0,0
29408,0.612667,0,0
29409,0.612688,0,0
29410,0.612708,0,0
29411,0.612729,0,0
29412,0.61275,0,0
29413,0.612771,0,0
29414,0.612792,0,0
29415,0.612813,0,0
29416,0.612833,0,0
29417,0.612854,0,0
29418,0.612875,0,0
29419,0.612896,0,0
29420,0.612917,0,0
29421,0.612938,0,0
29422,0.612958,0,0
29423,0.612979,0,0
29424,0.613,0,0
29425,0.613021,0,0
29426,0.613042,0,0
29427,0.613063,0,0
29428,0.613083,0,0
29429,0.613104,0,0
29430,0.613125,0,0
29431,0.613146,0,0
29432,0.613167,0,0
29433,0.613187,0,0
29434,0.613208,0,0
29435,0.613229,0,0
29436,0.61325,0,0
29437,0.613271,0,0
29438,0.613292,0,0
29439,0.613312,0,0
29440,0.613333,0,0
29441,0.613354,0,0
29442,0.613375,0,0
29443,0.613396,0,0
29444,0.613417,0,0
29445,0.613437,0,0
29446,0.613458,0,0
29447,0.613479,0,0
29448,0.6135,0,0
29449,0.613521,0,0
29450,0.613542,0,0
29451,0.613563,0,0
29452,0.613583,0,0
29453,0.613604,0,0
29454,0.613625,0,0
29455,0.613646,0,0
29456,0.613667,0,0
29457,0.613688,0,0
29458,0.613708,0,0
29459,0.613729,0,0
29460,0.61375,0,0
29461,0.613771,0,0
29462,0.613792,0,0
29463,0.613813,0,0
29464,0.613833,0,0
29465,0.613854,0,0
29466,0.613875,0,0
29467,0.613896,0,0
29468,0.613917,0,0
29469,0.613937,0,0
29470,0.613958,0,0
29471,0.613979,0,0
29472,0.614,0,0
29473,0.614021,0,0
29474,0.614042,0,0
29475,0.614062,0,0
29476,0.614083,0,0
29477,0.614104,0,0
29478,0.614125,0,0
29479,0.614146,0,0
29480,0.614167,0,0
29481,0.614187,0,0
29482,0.614208,0,0
29483,0.614229,0,0
29484,0.61425,0,0
29485,0.614271,0,0
29486,0.614292,0,0
29487,0.614313,0,0
29488,0.614333,0,0
29489,0.614354,0,0
29490,0.614375,0,0
29491,0.614396,0,0
29492,0.614417,0,0
29493,0.614438,0,0
29494,0.614458,0,0
29495,0.614479,0,0
29496,0.6145,0,0
29497,0.614521,0,0
29498,0.614542,0,0
29499,0.614563,0,0
29500,0.614583,0,0
29501,0.614604,0,0
29502,0.614625,0,0
29503,0.614646,0,0
29504,0.614667,0,0
29505,0.614688,0,0
29506,0.614708,0,0
29507,0.614729,0,0
29508,0.61475,0,0
29509,0.614771,0,0
29510,0.614792,0,0
29511,0.614812,0,0
29512,0.614833,0,0
29513,0.614854,0,0
29514,0.614875,0,0
29515,0.614896,0,0
29516,0.614917,0,0
29517,0.614937,0,0
29518,0.614958,0,0
29519,0.614979,0,0
29520,0.615,0,0
29521,0.615021,0,0
29522,0.615042,0,0
29523,0.615062,0,0
29524,0.615083,0,0
29525,0.615104,0,0
29526,0.615125,0,0
29527,0.615146,0,0
29528,0.615167,0,0
29529,0.615188,0,0
29530,0.615208,0,0
29531,0.615229,0,0
29532,0.61525,0,0
29533,0.615271,0,0
29534,0.615292,0,0
29535,0.615313,0,0
29536,0.615333,0,0
29537,0.615354,0,0
29538,0.615375,0,0
29539,0.615396,0,0
29540,0.615417,0,0
29541,0.615438,0,0
29542,0.615458,0,0
29543,0.615479,0,0
29544,0.6155,0,0
29545,0.615521,0,0
29546,0.615542,0,0
29547,0.615562,0,0
29548,0.615583,0,0
29549,0.615604,0,0
29550,0.615625,0,0
29551,0.615646,0,0
29552,0.615667,0,0
29553,0.615687,0,0
29554,0.615708,0,0
29555,0.615729,0,0
29556,0.61575,0,0
29557,0.615771,0,0
29558,0.615792,0,0
29559,0.615812,0,0
29560,0.615833,0,0
29561,0.615854,0,0
29562,0.615875,0,0
29563,0.615896,0,0
29564,0.615917,0,0
29565,0.615937,0,0
29566,0.615958,0,0
29567,0.615979,0,0
29568,0.616,0,0
29569,0.616021,0,0
29570,0.616042,0,0
29571,0.616063,0,0
29572,0.616083,0,0
29573,0.616104,0,0
29574,0.616125,0,0
29575,0.616146,0,0
29576,0.616167,0,0
29577,0.616188,0,0
29578,0.616208,0,0
29579,0.616229,0,0
29580,0.61625,0,0
29581,0.616271,0,0
29582,0.616292,0,0
29583,0.616313,0,0
29584,0.616333,0,0
29585,0.616354,0,0
29586,0.616375,0,0
29587,0.616396,0,0
29588,0.616417,0,0
29589,0.616437,0,0
29590,0.616458,0,0
29591,0.616479,0,0
29592,0.6165,0,0
29593,0.616521,0,0
29594,0.616542,0,0
29595,0.616562,0,0
29596,0.616583,0,0
29597,0.616604,0,0
29598,0.616625,0,0
29599,0.616646,0,0
29600,0.616667,0,0
29601,0.616687,0,0
29602,0.616708,0,0
29603,0.616729,0,0
29604,0.61675,0,0
29605,0.616771,0,0
29606,0.616792,0,0
29607,0.616813,0,0
29608,0.616833,0,0
29609,0.616854,0,0
29610,0.616875,0,0
29611,0.616896,0,0
29612,0.616917,0,0
29613,0.616938,0,0
29614,0.616958,0,0
29615,0.616979,0,0
29616,0.617,0,0
29617,0.617021,0,0
29618,0.617042,0,0
29619,0.617063,0,0
29620,0.617083,0,0
29621,0.617104,0,0
29622,0.617125,0,0
29623,0.617146,0,0
29624,0.617167,0,0
29625,0.617188,0,0
29626,0.617208,0,0
29627,0.617229,0,0
29628,0.61725,0,0
29629,0.617271,0,0
29630,0.617292,0,0
29631,0.617312,0,0
29632,0.617333,0,0
29633,0.617354,0,0
29634,0.617375,0,0
29635,0.617396,0,0
29636,0.617417,0,0
29637,0.617437,0,0
29638,0.617458,0,0
29639,0.617479,0,0
29640,0.6175,0,0
29641,0.617521,0,0
29642,0.617542,0,0
29643,0.617562,0,0
29644,0.617583,0,0
29645,0.617604,0,0
29646,0.617625,0,0
29647,0.617646,0,0
29648,0.617667,0,0
29649,0.617688,0,0
29650,0.617708,0,0
29651,0.617729,0,0
29652,0.61775,0,0
29653,0.617771,0,0
29654,0.617792,0,0
29655,0.617813,0,0
29656,0.617833,0,0
29657,0.617854,0,0
29658,0.617875,0,0
29659,0.617896,0,0
29660,0.617917,0,0
29661,0.617938,0,0
29662,0.617958,0,0
29663,0.617979,0,0
29664,0.618,0,0
29665,0.618021,0,0
29666,0.618042,0,0
29667,0.618062,0,0
29668,0.618083,0,0
29669,0.618104,0,0
29670,0.618125,0,0
29671,0.618146,0,0
29672,0.618167,0,0
29673,0.618187,0,0
29674,0.618208,0,0
29675,0.618229,0,0
29676,0.61825,0,0
29677,0.618271,0,0
29678,0.618292,0,0
29679,0.618312,0,0
29680,0.618333,0,0
29681,0.618354,0,0
29682,0.618375,0,0
29683,0.618396,0,0
29684,0.618417,0,0
29685,0.618438,0,0
29686,0.618458,0,0
29687,0.618479,0,0
29688,0.6185,0,0
29689,0.618521,0,0
29690,0.618542,0,0
29691,0.618563,0,0
29692,0.618583,0,0
29693,0.618604,0,0
29694,0.618625,0,0
29695,0.618646,0,0
29696,0.618667,0,0
29697,0.618688,0,0
29698,0.618708,0,0
29699,0.618729,0,0
29700,0.61875,0,0
29701,0.618771,0,0
29702,0.618792,0,0
29703,0.618813,0,0
29704,0.618833,0,0
29705,0.618854,0,0
29706,0.618875,0,0
29707,0.618896,0,0
29708,0.618917,0,0
29709,0.618937,0,0
29710,0.618958,0,0
29711,0.618979,0,0
29712,0.619,0,0
29713,0.619021,0,0
29714,0.619042,0,0
29715,0.619062,0,0
29716,0.619083,0,0
29717,0.619104,0,0
29718,0.619125,0,0
29719,0.619146,0,0
29720,0.619167,0,0
29721,0.619187,0,0
29722,0.619208,0,0
29723,0.619229,0,0
29724,0.61925,0,0
29725,0.619271,0,0
29726,0.619292,0,0
29727,0.619313,0,0
29728,0.619333,0,0
29729,0.619354,0,0
29730,0.619375,0,0
29731,0.619396,0,0
29732,0.619417,0,0
29733,0.619438,0,0
29734,0.619458,0,0
29735,0.619479,0,0
29736,0.6195,0,0
29737,0.619521,0,0
29738,0.619542,0,0
29739,0.619563,0,0
29740,0.619583,0,0
29741,0.619604,0,0
29742,0.619625,0,0
29743,0.619646,0,0
29744,0.619667,0,0
29745,0.619687,0,0
29746,0.619708,0,0
29747,0.619729,0,0
29748,0.61975,0,0
29749,0.619771,0,0
29750,0.619792,0,0
29751,0.619812,0,0
29752,0.619833,0,0
29753,0.619854,0,0
29754,0.619875,0,0
29755,0.619896,0,0
29756,0.619917,0,0
29757,0.619937,0,0
29758,0.619958,0,0
29759,0.619979,0,0
29760,0.62,0,0
29761,0.620021,0,0
29762,0.620042,0,0
29763,0.620062,0,0
29764,0.620083,0,0
29765,0.620104,0,0
29766,0.620125,0,0
29767,0.620146,0,0
29768,0.620167,0,0
29769,0.620188,0,0
29770,0.620208,0,0
29771,0.620229,0,0
29772,0.62025,0,0
29773,0.620271,0,0
29774,0.620292,0,0
29775,0.620313,0,0
29776,0.620333,0,0
29777,0.620354,0,0
29778,0.620375,0,0
29779,0.620396,0,0
29780,0.620417,0,0
29781,0.620438,0,0
29782,0.620458,0,0
29783,0.620479,0,0
29784,0.6205,0,0
29785,0.620521,0,0
29786,0.620542,0,0
29787,0.620562,0,0
29788,0.620583,0,0
29789,0.620604,0,0
29790,0.620625,0,0
29791,0.620646,0,0
29792,0.620667,0,0
29793,0.620687,0,0
29794,0.620708,0,0
29795,0.620729,0,0
29796,0.62075,0,0
29797,0.620771,0,0
29798,0.620792,0,0
29799,0.620812,0,0
29800,0.620833,0,0
29801,0.620854,0,0
29802,0.620875,0,0
29803,0.620896,0,0
29804,0.620917,0,0
29805,0.620938,0,0
29806,0.620958,0,0
29807,0.620979,0,0
29808,0.621,0,0
29809,0.621021,0,0
29810,0.621042,0,0
29811,0.621063,0,0
29812,0.621083,0,0
29813,0.621104,0,0
29814,0.621125,0,0
29815,0.621146,0,0
29816,0.621167,0,0
29817,0.621188,0,0
29818,0.621208,0,0
29819,0.621229,0,0
29820,0.62125,0,0
29821,0.621271,0,0
29822,0.621292,0,0
29823,0.621312,0,0
29824,0.621333,0,0
29825,0.621354,0,0
29826,0.621375,0,0
29827,0.621396,0,0
29828,0.621417,0,0
29829,0.621437,0,0
29830,0.621458,0,0
29831,0.621479,0,0
29832,0.6215,0,0
29833,0.621521,0,0
29834,0.621542,0,0
29835,0.621562,0,0
29836,0.621583,0,0
29837,0.621604,0,0
29838,0.621625,0,0
29839,0.621646,0,0
29840,0.621667,0,0
29841,0.621687,0,0
29842,0.621708,0,0
29843,0.621729,0,0
29844,0.62175,0,0
29845,0.621771,0,0
29846,0.621792,0,0
29847,0.621813,0,0
29848,0.621833,0,0
29849,0.621854,0,0
29850,0.621875,0,0
29851,0.621896,0,0
29852,0.621917,0,0
29853,0.621938,0,0
29854,0.621958,0,0
29855,0.621979,0,0
29856,0.622,0,0
29857,0.622021,0,0
29858,0.622042,0,0
29859,0.622063,0,0
29860,0.622083,0,0
29861,0.622104,0,0
29862,0.622125,0,0
29863,0.622146,0,0
29864,0.622167,0,0
29865,0.622187,0,0
29866,0.622208,0,0
29867,0.622229,0,0
29868,0.62225,0,0
29869,0.622271,0,0
29870,0.622292,0,0
29871,0.622312,0,0
29872,0.622333,0,0
29873,0.622354,0,0
29874,0.622375,0,0
29875,0.622396,0,0
29876,0.622417,0,0
29877,0.622437,0,0
29878,0.622458,0,0
29879,0.622479,0,0
29880,0.6225,0,0
29881,0.622521,0,0
29882,0.622542,0,0
29883,0.622563,0,0
29884,0.622583,0,0
29885,0.622604,0,0
29886,0.622625,0,0
29887,0.622646,0,0
29888,0.622667,0,0
29889,0.622688,0,0
29890,0.622708,0,0
29891,0.622729,0,0
29892,0.62275,0,0
29893,0.622771,0,0
29894,0.622792,0,0
29895,0.622813,0,0
29896,0.622833,0,0
29897,0.622854,0,0
29898,0.622875,0,0
29899,0.622896,0,0
29900,0.622917,0,0
29901,0.622938,0,0
29902,0.622958,0,0
29903,0.622979,0,0
29904,0.623,0,0
29905,0.623021,0,0
29906,0.623042,0,0
29907,0.623062,0,0
29908,0.623083,0,0
29909,0.623104,0,0
29910,0.623125,0,0
29911,0.623146,0,0
29912,0.623167,0,0
29913,0.623187,0,0
29914,0.623208,0,0
29915,0.623229,0,0
29916,0.62325,0,0
29917,0.623271,0,0
29918,0.623292,0,0
29919,0.623312,0,0
29920,0.623333,0,0
29921,0.623354,0,0
29922,0.623375,0,0
29923,0.623396,0,0
29924,0.623417,0,0
29925,0.623438,0,0
29926,0.623458,0,0
29927,0.623479,0,0
29928,0.6235,0,0
29929,0.623521,0,0
29930,0.623542,0,0
29931,0.623563,0,0
29932,0.623583,0,0
29933,0.623604,0,0
29934,0.623625,0,0
29935,0.623646,0,0
29936,0.623667,0,0
29937,0.623688,0,0
29938,0.623708,0,0
29939,0.623729,0,0
29940,0.62375,0,0
29941,0.623771,0,0
29942,0.623792,0,0
29943,0.623812,0,0
29944,0.623833,0,0
29945,0.623854,0,0
29946,0.623875,0,0
29947,0.623896,0,0
29948,0.623917,0,0
29949,0.623937,0,0
29950,0.623958,0,0
29951,0.623979,0,0
29952,0.624,0,0
29953,0.624021,0,0
29954,0.624042,0,0
29955,0.624062,0,0
29956,0.624083,0,0
29957,0.624104,0,0
29958,0.624125,0,0
29959,0.624146,0,0
29960,0.624167,0,0
29961,0.624188,0,0
29962,0.624208,0,0
29963,0.624229,0,0
29964,0.62425,0,0
29965,0.624271,0,0
29966,0.624292,0,0
29967,0.624313,0,0
29968,0.624333,0,0
29969,0.624354,0,0
29970,0.624375,0,0
29971,0.624396,0,0
29972,0.624417,0,0
29973,0.624438,0,0
29974,0.624458,0,0
29975,0.624479,0,0
29976,0.6245,0,0
29977,0.624521,0,0
29978,0.624542,0,0
29979,0.624563,0,0
29980,0.624583,0,0
29981,0.624604,0,0
29982,0.624625,0,0
29983,0.624646,0,0
29984,0.624667,0,0
29985,0.624687,0,0
29986,0.624708,0,0
29987,0.624729,0,0
29988,0.62475,0,0
29989,0.624771,0,0
29990,0.624792,0,0
29991,0.624812,0,0
29992,0.624833,0,0
29993,0.624854,0,0
29994,0.624875,0,0
29995,0.624896,0,0
29996,0.624917,0,0
29997,0.624937,0,0
29998,0.624958,0,0
29999,0.624979,0,0
30000,0.625,0,0
30001,0.625021,0,0
30002,0.625042,0,0
30003,0.625063,0,0
30004,0.625083,0,0
30005,0.625104,0,0
30006,0.625125,0,0
30007,0.625146,0,0
30008,0.625167,0,0
30009,0.625188,0,0
30010,0.625208,0,0
30011,0.625229,0,0
30012,0.62525,0,0
30013,0.625271,0,0
30014,0.625292,0,0
30015,0.625313,0,0
30016,0.625333,0,0
30017,0.625354,0,0
30018,0.625375,0,0
30019,0.625396,0,0
30020,0.625417,0,0
30021,0.625437,0,0
30022,0.625458,0,0
30023,0.625479,0,0
30024,0.6255,0,0
30025,0.625521,0,0
30026,0.625542,0,0
30027,0.625562,0,0
30028,0.625583,0,0
30029,0.625604,0,0
30030,0.625625,0,0
30031,0.625646,0,0
30032,0.625667,0,0
30033,0.625687,0,0
30034,0.625708,0,0
30035,0.625729,0,0
30036,0.62575,0,0
30037,0.625771,0,0
30038,0.625792,0,0
30039,0.625812,0,0
30040,0.625833,0,0
30041,0.625854,0,0
30042,0.625875,0,0
30043,0.625896,0,0
30044,0.625917,0,0
30045,0.625938,0,0
30046,0.625958,0,0
30047,0.625979,0,0
30048,0.626,0,0
30049,0.626021,0,0
30050,0.626042,0,0
30051,0.626063,0,0
30052,0.626083,0,0
30053,0.626104,0,0
30054,0.626125,0,0
30055,0.626146,0,0
30056,0.626167,0,0
30057,0.626188,0,0
30058,0.626208,0,0
30059,0.626229,0,0
30060,0.62625,0,0
30061,0.626271,0,0
30062,0.626292,0,0
30063,0.626312,0,0
30064,0.626333,0,0
30065,0.626354,0,0
30066,0.626375,0,0
30067,0.626396,0,0
30068,0.626417,0,0
30069,0.626437,0,0
30070,0.626458,0,0
30071,0.626479,0,0
30072,0.6265,0,0
30073,0.626521,0,0
30074,0.626542,0,0
30075,0.626562,0,0
30076,0.626583,0,0
30077,0.626604,0,0
30078,0.626625,0,0
30079,0.626646,0,0
30080,0.626667,0,0
30081,0.626688,0,0
30082,0.626708,0,0
30083,0.626729,0,0
30084,0.62675,0,0
30085,0.626771,0,0
30086,0.626792,0,0
30087,0.626813,0,0
30088,0.626833,0,0
30089,0.626854,0,0
30090,0.626875,0,0
30091,0.626896,0,0
30092,0.626917,0,0
30093,0.626938,0,0
30094,0.626958,0,0
30095,0.626979,0,0
30096,0.627,0,0
30097,0.627021,0,0
30098,0.627042,0,0
30099,0.627062,0,0
30100,0.627083,0,0
30101,0.627104,0,0
30102,0.627125,0,0
30103,0.627146,0,0
30104,0.627167,0,0
30105,0.627187,0,0
30106,0.627208,0,0
30107,0.627229,0,0
30108,0.62725,0,0
30109,0.627271,0,0
30110,0.627292,0,0
30111,0.627312,0,0
30112,0.627333,0,0
30113,0.627354,0,0
30114,0.627375,0,0
30115,0.627396,0,0
30116,0.627417,0,0
30117,0.627437,0,0
30118,0.627458,0,0
30119,0.627479,0,0
30120,0.6275,0,0
30121,0.627521,0,0
30122,0.627542,0,0
30123,0.627563,0,0
30124,0.627583,0,0
30125,0.627604,0,0
30126,0.627625,0,0
30127,0.627646,0,0
30128,0.627667,0,0
30129,0.627688,0,0
30130,0.627708,0,0
30131,0.627729,0,0
30132,0.62775,0,0
30133,0.627771,0,0
30134,0.627792,0,0
30135,0.627813,0,0
30136,0.627833,0,0
30137,0.627854,0,0
30138,0.627875,0,0
30139,0.627896,0,0
30140,0.627917,0,0
30141,0.627937,0,0
30142,0.627958,0,0
30143,0.627979,0,0
30144,0.628,0,0
30145,0.628021,0,0
30146,0.628042,0,0
30147,0.628062,0,0
30148,0.628083,0,0
30149,0.628104,0,0
30150,0.628125,0,0
30151,0.628146,0,0
30152,0.628167,0,0
30153,0.628187,0,0
30154,0.628208,0,0
30155,0.628229,0,0
30156,0.62825,0,0
30157,0.628271,0,0
30158,0.628292,0,0
30159,0.628313,0,0
30160,0.628333,0,0
30161,0.628354,0,0
30162,0.628375,0,0
30163,0.628396,0,0
30164,0.628417,0,0
30165,0.628438,0,0
30166,0.628458,0,0
30167,0.628479,0,0
30168,0.6285,0,0
30169,0.628521,0,0
30170,0.628542,0,0
30171,0.628563,0,0
30172,0.628583,0,0
30173,0.628604,0,0
30174,0.628625,0,0
30175,0.628646,0,0
30176,0.628667,0,0
30177,0.628688,0,0
30178,0.628708,0,0
30179,0.628729,0,0
30180,0.62875,0,0
30181,0.628771,0,0
30182,0.628792,0,0
30183,0.628812,0,0
30184,0.628833,0,0
30185,0.628854,0,0
30186,0.628875,0,0
30187,0.628896,0,0
30188,0.628917,0,0
30189,0.628937,0,0
30190,0.628958,0,0
30191,0.628979,0,0
30192,0.629,0,0
30193,0.629021,0,0
30194,0.629042,0,0
30195,0.629062,0,0
30196,0.629083,0,0
30197,0.629104,0,0
30198,0.629125,0,0
30199,0.629146,0,0
30200,0.629167,0,0
30201,0.629188,0,0
30202,0.629208,0,0
30203,0.629229,0,0
30204,0.62925,0,0
30205,0.629271,0,0
30206,0.629292,0,0
30207,0.629313,0,0
30208,0.629333,0,0
30209,0.629354,0,0
30210,0.629375,0,0
30211,0.629396,0,0
30212,0.629417,0,0
30213,0.629438,0,0
30214,0.629458,0,0
30215,0.629479,0,0
30216,0.6295,0,0
30217,0.629521,0,0
30218,0.629542,0,0
30219,0.629562,0,0
30220,0.629583,0,0
30221,0.629604,0,0
30222,0.629625,0,0
30223,0.629646,0,0
30224,0.629667,0,0
30225,0.629687,0,0
30226,0.629708,0,0
30227,0.629729,0,0
30228,0.62975,0,0
30229,0.629771,0,0
30230,0.629792,0,0
30231,0.629812,0,0
30232,0.629833,0,0
30233,0.629854,0,0
30234,0.629875,0,0
30235,0.629896,0,0
30236,0.629917,0,0
30237,0.629938,0,0
30238,0.629958,0,0
30239,0.629979,0,0
30240,0.63,0,0
30241,0.630021,0,0
30242,0.630042,0,0
30243,0.630063,0,0
30244,0.630083,0,0
30245,0.630104,0,0
30246,0.630125,0,0
30247,0.630146,0,0
30248,0.630167,0,0
30249,0.630188,0,0
30250,0.630208,0,0
30251,0.630229,0,0
30252,0.63025,0,0
30253,0.630271,0,0
30254,0.630292,0,0
30255,0.630313,0,0
30256,0.630333,0,0
30257,0.630354,0,0
30258,0.630375,0,0
30259,0.630396,0,0
30260,0.630417,0,0
30261,0.630437,0,0
30262,0.630458,0,0
30263,0.630479,0,0
30264,0.6305,0,0
30265,0.630521,0,0
30266,0.630542,0,0
30267,0.630562,0,0
30268,0.630583,0,0
30269,0.630604,0,0
30270,0.630625,0,0
30271,0.630646,0,0
30272,0.630667,0,0
30273,0.630687,0,0
30274,0.630708,0,0
30275,0.630729,0,0
30276,0.63075,0,0
30277,0.630771,0,0
30278,0.630792,0,0
30279,0.630813,0,0
30280,0.630833,0,0
30281,0.630854,0,0
30282,0.630875,0,0
30283,0.630896,0,0
30284,0.630917,0,0
30285,0.630938,0,0
30286,0.630958,0,0
30287,0.630979,0,0
30288,0.631,0,0
30289,0.631021,0,0
30290,0.631042,0,0
30291,0.631063,0,0
30292,0.631083,0,0
30293,0.631104,0,0
30294,0.631125,0,0
30295,0.631146,0,0
30296,0.631167,0,0
30297,0.631187,0,0
30298,0.631208,0,0
30299,0.631229,0,0
30300,0.63125,0,0
30301,0.631271,0,0
30302,0.631292,0,0
30303,0.631312,0,0
30304,0.631333,0,0
30305,0.631354,0,0
30306,0.631375,0,0
30307,0.631396,0,0
30308,0.631417,0,0
30309,0.631437,0,0
30310,0.631458,0,0
30311,0.631479,0,0
30312,0.6315,0,0
30313,0.631521,0,0
30314,0.631542,0,0
30315,0.631562,0,0
30316,0.631583,0,0
30317,0.631604,0,0
30318,0.631625,0,0
30319,0.631646,0,0
30320,0.631667,0,0
30321,0.631688,0,0
30322,0.631708,0,0
30323,0.631729,0,0
30324,0.63175,0,0
30325,0.631771,0,0
30326,0.631792,0,0
30327,0.631813,0,0
30328,0.631833,0,0
30329,0.631854,0,0
30330,0.631875,0,0
30331,0.631896,0,0
30332,0.631917,0,0
30333,0.631938,0,0
30334,0.631958,0,0
30335,0.631979,0,0
30336,0.632,0,0
30337,0.632021,0,0
30338,0.632042,0,0
30339,0.632062,0,0
30340,0.632083,0,0
30341,0.632104,0,0
30342,0.632125,0,0
30343,0.632146,0,0
30344,0.632167,0,0
30345,0.632187,0,0
30346,0.632208,0,0
30347,0.632229,0,0
30348,0.63225,0,0
30349,0.632271,0,0
30350,0.632292,0,0
30351,0.632312,0,0
30352,0.632333,0,0
30353,0.632354,0,0
30354,0.632375,0,0
30355,0.632396,0,0
30356,0.632417,0,0
30357,0.632438,0,0
30358,0.632458,0,0
30359,0.632479,0,0
30360,0.6325,0,0
30361,0.632521,0,0
30362,0.632542,0,0
30363,0.632563,0,0
30364,0.632583,0,0
30365,0.632604,0,0
30366,0.632625,0,0
30367,0.632646,0,0
30368,0.632667,0,0
30369,0.632688,0,0
30370,0.632708,0,0
30371,0.632729,0,0
30372,0.63275,0,0
30373,0.632771,0,0
30374,0.632792,0,0
30375,0.632812,0,0
30376,0.632833,0,0
30377,0.632854,0,0
30378,0.632875,0,0
30379,0.632896,0,0
30380,0.632917,0,0
30381,0.632937,0,0
30382,0.632958,0,0
30383,0.632979,0,0
30384,0.633,0,0
30385,0.633021,0,0
30386,0.633042,0,0
30387,0.633062,0,0
30388,0.633083,0,0
30389,0.633104,0,0
30390,0.633125,0,0
30391,0.633146,0,0
30392,0.633167,0,0
30393,0.633187,0,0
30394,0.633208,0,0
30395,0.633229,0,0
30396,0.63325,0,0
30397,0.633271,0,0
30398,0.633292,0,0
30399,0.633313,0,0
30400,0.633333,0,0
30401,0.633354,0,0
30402,0.633375,0,0
30403,0.633396,0,0
30404,0.633417,0,0
30405,0.633438,0,0
30406,0.633458,0,0
30407,0.633479,0,0
30408,0.6335,0,0
30409,0.633521,0,0
30410,0.633542,0,0
30411,0.633563,0,0
30412,0.633583,0,0
30413,0.633604,0,0
30414,0.633625,0,0
30415,0.633646,0,0
30416,0.633667,0,0
30417,0.633687,0,0
30418,0.633708,0,0
30419,0.633729,0,0
30420,0.63375,0,0
30421,0.633771,0,0
30422,0.633792,0,0
30423,0.633812,0,0
30424,0.633833,0,0
30425,0.633854,0,0
30426,0.633875,0,0
30427,0.633896,0,0
30428,0.633917,0,0
30429,0.633937,0,0
30430,0.633958,0,0
30431,0.633979,0,0
30432,0.634,0,0
30433,0.634021,0,0
30434,0.634042,0,0
30435,0.634063,0,0
30436,0.634083,0,0
30437,0.634104,0,0
30438,0.634125,0,0
30439,0.634146,0,0
30440,0.634167,0,0
30441,0.634188,0,0
30442,0.634208,0,0
30443,0.634229,0,0
30444,0.63425,0,0
30445,0.634271,0,0
30446,0.634292,0,0
30447,0.634313,0,0
30448,0.634333,0,0
30449,0.634354,0,0
30450,0.634375,0,0
30451,0.634396,0,0
30452,0.634417,0,0
30453,0.634438,0,0
30454,0.634458,0,0
30455,0.634479,0,0
30456,0.6345,0,0
30457,0.634521,0,0
30458,0.634542,0,0
30459,0.634562,0,0
30460,0.634583,0,0
30461,0.634604,0,0
30462,0.634625,0,0
30463,0.634646,0,0
30464,0.634667,0,0
30465,0.634687,0,0
30466,0.634708,0,0
30467,0.634729,0,0
30468,0.63475,0,0
30469,0.634771,0,0
30470,0.634792,0,0
30471,0.634812,0,0
30472,0.634833,0,0
30473,0.634854,0,0
30474,0.634875,0,0
30475,0.634896,0,0
30476,0.634917,0,0
30477,0.634938,0,0
30478,0.634958,0,0
30479,0.634979,0,0
30480,0.635,0,0
30481,0.635021,0,0
30482,0.635042,0,0
30483,0.635063,0,0
30484,0.635083,0,0
30485,0.635104,0,0
30486,0.635125,0,0
30487,0.635146,0,0
30488,0.635167,0,0
30489,0.635188,0,0
30490,0.635208,0,0
30491,0.635229,0,0
30492,0.63525,0,0
30493,0.635271,0,0
30494,0.635292,0,0
30495,0.635312,0,0
30496,0.635333,0,0
30497,0.635354,0,0
30498,0.635375,0,0
30499,0.635396,0,0
30500,0.635417,0,0
30501,0.635437,0,0
30502,0.635458,0,0
30503,0.635479,0,0
30504,0.6355,0,0
30505,0.635521,0,0
30506,0.635542,0,0
30507,0.635562,0,0
30508,0.635583,0,0
30509,0.635604,0,0
30510,0.635625,0,0
30511,0.635646,0,0
30512,0.635667,0,0
30513,0.635687,0,0
30514,0.635708,0,0
30515,0.635729,0,0
30516,0.63575,0,0
30517,0.635771,0,0
30518,0.635792,0,0
30519,0.635813,0,0
30520,0.635833,0,0
30521,0.635854,0,0
30522,0.635875,0,0
30523,0.635896,0,0
30524,0.635917,0,0
30525,0.635938,0,0
30526,0.635958,0,0
30527,0.635979,0,0
30528,0.636,0,0
30529,0.636021,0,0
30530,0.636042,0,0
30531,0.636063,0,0
30532,0.636083,0,0
30533,0.636104,0,0
30534,0.636125,0,0
30535,0.636146,0,0
30536,0.636167,0,0
30537,0.636187,0,0
30538,0.636208,0,0
30539,0.636229,0,0
30540,0.63625,0,0
30541,0.636271,0,0
30542,0.636292,0,0
30543,0.636312,0,0
30544,0.636333,0,0
30545,0.636354,0,0
30546,0.636375,0,0
30547,0.636396,0,0
30548,0.636417,0,0
30549,0.636437,0,0
30550,0.636458,0,0
30551,0.636479,0,0
30552,0.6365,0,0
30553,0.636521,0,0
30554,0.636542,0,0
30555,0.636563,0,0
30556,0.636583,0,0
30557,0.636604,0,0
30558,0.636625,0,0
30559,0.636646,0,0
30560,0.636667,0,0
30561,0.636688,0,0
30562,0.636708,0,0
30563,0.636729,0,0
30564,0.63675,0,0
30565,0.636771,0,0
30566,0.636792,0,0
30567,0.636813,0,0
30568,0.636833,0,0
30569,0.636854,0,0
30570,0.636875,0,0
30571,0.636896,0,0
30572,0.636917,0,0
30573,0.636937,0,0
30574,0.636958,0,0
30575,0.636979,0,0
30576,0.637,0,0
30577,0.637021,0,0
30578,0.637042,0,0
30579,0.637062,0,0
30580,0.637083,0,0
30581,0.637104,0,0
30582,0.637125,0,0
30583,0.637146,0,0
30584,0.637167,0,0
30585,0.637187,0,0
30586,0.637208,0,0
30587,0.637229,0,0
30588,0.63725,0,0
30589,0.637271,0,0
30590,0.637292,0,0
30591,0.637312,0,0
30592,0.637333,0,0
30593,0.637354,0,0
30594,0.637375,0,0
30595,0.637396,0,0
30596,0.637417,0,0
30597,0.637438,0,0
30598,0.637458,0,0
30599,0.637479,0,0
30600,0.6375,0,0
30601,0.637521,0,0
30602,0.637542,0,0
30603,0.637563,0,0
30604,0.637583,0,0
30605,0.637604,0,0
30606,0.637625,0,0
30607,0.637646,0,0
30608,0.637667,0,0
30609,0.637688,0,0
30610,0.637708,0,0
30611,0.637729,0,0
30612,0.63775,0,0
30613,0.637771,0,0
30614,0.637792,0,0
30615,0.637812,0,0
30616,0.637833,0,0
30617,0.637854,0,0
30618,0.637875,0,0
30619,0.637896,0,0
30620,0.637917,0,0
30621,0.637937,0,0
30622,0.637958,0,0
30623,0.637979,0,0
30624,0.638,0,0
30625,0.638021,0,0
30626,0.638042,0,0
30627,0.638062,0,0
30628,0.638083,0,0
30629,0.638104,0,0
30630,0.638125,0,0
30631,0.638146,0,0
30632,0.638167,0,0
30633,0.638188,0,0
30634,0.638208,0,0
30635,0.638229,0,0
30636,0.63825,0,0
30637,0.638271,0,0
30638,0.638292,0,0
30639,0.638313,0,0
30640,0.638333,0,0
30641,0.638354,0,0
30642,0.638375,0,0
30643,0.638396,0,0
30644,0.638417,0,0
30645,0.638438,0,0
30646,0.638458,0,0
30647,0.638479,0,0
30648,0.6385,0,0
30649,0.638521,0,0
30650,0.638542,0,0
30651,0.638563,0,0
30652,0.638583,0,0
30653,0.638604,0,0
30654,0.638625,0,0
30655,0.638646,0,0
30656,0.638667,0,0
30657,0.638687,0,0
30658,0.638708,0,0
30659,0.638729,0,0
30660,0.63875,0,0
30661,0.638771,0,0
30662,0.638792,0,0
30663,0.638812,0,0
30664,0.638833,0,0
30665,0.638854,0,0
30666,0.638875,0,0
30667,0.638896,0,0
30668,0.638917,0,0
30669,0.638937,0,0
30670,0.638958,0,0
30671,0.638979,0,0
30672,0.639,0,0
30673,0.639021,0,0
30674,0.639042,0,0
30675,0.639063,0,0
30676,0.639083,0,0
30677,0.639104,0,0
30678,0.639125,0,0
30679,0.639146,0,0
30680,0.639167,0,0
30681,0.639188,0,0
30682,0.639208,0,0
30683,0.639229,0,0
30684,0.63925,0,0
30685,0.639271,0,0
30686,0.639292,0,0
30687,0.639313,0,0
30688,0.639333,0,0
30689,0.639354,0,0
30690,0.639375,0,0
30691,0.639396,0,0
30692,0.639417,0,0
30693,0.639437,0,0
30694,0.639458,0,0
30695,0.639479,0,0
30696,0.6395,0,0
30697,0.639521,0,0
30698,0.639542,0,0
30699,0.639562,0,0
30700,0.639583,0,0
30701,0.639604,0,0
30702,0.639625,0,0
30703,0.639646,0,0
30704,0.639667,0,0
30705,0.639687,0,0
30706,0.639708,0,0
30707,0.639729,0,0
30708,0.63975,0,0
30709,0.639771,0,0
30710,0.639792,0,0
30711,0.639813,0,0
30712,0.639833,0,0
30713,0.639854,0,0
30714,0.639875,0,0
30715,0.639896,0,0
30716,0.639917,0,0
30717,0.639938,0,0
30718,0.639958,0,0
30719,0.639979,0,0
30720,0.64,0,0
30721,0.640021,0,0
30722,0.640042,0,0
30723,0.640063,0,0
30724,0.640083,0,0
30725,0.640104,0,0
30726,0.640125,0,0
30727,0.640146,0,0
30728,0.640167,0,0
30729,0.640188,0,0
30730,0.640208,0,0
30731,0.640229,0,0
30732,0.64025,0,0
30733,0.640271,0,0
30734,0.640292,0,0
30735,0.640312,0,0
30736,0.640333,0,0
30737,0.640354,0,0
30738,0.640375,0,0
30739,0.640396,0,0
30740,0.640417,0,0
30741,0.640437,0,0
30742,0.640458,0,0
30743,0.640479,0,0
30744,0.6405,0,0
30745,0.640521,0,0
30746,0.640542,0,0
30747,0.640562,0,0
30748,0.640583,0,0
30749,0.640604,0,0
30750,0.640625,0,0
30751,0.640646,0,0
30752,0.640667,0,0
30753,0.640688,0,0
30754,0.640708,0,0
30755,0.640729,0,0
30756,0.64075,0,0
30757,0.640771,0,0
30758,0.640792,0,0
30759,0.640813,0,0
30760,0.640833,0,0
30761,0.640854,0,0
30762,0.640875,0,0
30763,0.640896,0,0
30764,0.640917,0,0
30765,0.640938,0,0
30766,0.640958,0,0
30767,0.640979,0,0
30768,0.641,0,0
30769,0.641021,0,0
30770,0.641042,0,0
30771,0.641062,0,0
30772,0.641083,0,0
30773,0.641104,0,0
30774,0.641125,0,0
30775,0.641146,0,0
30776,0.641167,0,0
30777,0.641187,0,0
30778,0.641208,0,0
30779,0.641229,0,0
30780,0.64125,0,0
30781,0.641271,0,0
30782,0.641292,0,0
30783,0.641312,0,0
30784,0.641333,0,0
30785,0.641354,0,0
30786,0.641375,0,0
30787,0.641396,0,0
30788,0.641417,0,0
30789,0.641437,0,0
30790,0.641458,0,0
30791,0.641479,0,0
30792,0.6415,0,0
30793,0.641521,0,0
30794,0.641542,0,0
30795,0.641563,0,0
30796,0.641583,0,0
30797,0.641604,0,0
30798,0.641625,0,0
30799,0.641646,0,0
30800,0.641667,0,0
30801,0.641688,0,0
30802,0.641708,0,0
30803,0.641729,0,0
30804,0.64175,0,0
30805,0.641771,0,0
30806,0.641792,0,0
30807,0.641813,0,0
30808,0.641833,0,0
30809,0.641854,0,0
30810,0.641875,0,0
30811,0.641896,0,0
30812,0.641917,0,0
30813,0.641937,0,0
30814,0.641958,0,0
30815,0.641979,0,0
30816,0.642,0,0
30817,0.642021,0,0
30818,0.642042,0,0
30819,0.642062,0,0
30820,0.642083,0,0
30821,0.642104,0,0
30822,0.642125,0,0
30823,0.642146,0,0
30824,0.642167,0,0
30825,0.642187,0,0
30826,0.642208,0,0
30827,0.642229,0,0
30828,0.64225,0,0
30829,0.642271,0,0
30830,0.642292,0,0
30831,0.642313,0,0
30832,0.642333,0,0
30833,0.642354,0,0
30834,0.642375,0,0
30835,0.642396,0,0
30836,0.642417,0,0
30837,0.642438,0,0
30838,0.642458,0,0
30839,0.642479,0,0
30840,0.6425,0,0
30841,0.642521,0,0
30842,0.642542,0,0
30843,0.642563,0,0
30844,0.642583,0,0
30845,0.642604,0,0
30846,0.642625,0,0
30847,0.642646,0,0
30848,0.642667,0,0
30849,0.642687,0,0
30850,0.642708,0,0
30851,0.642729,0,0
30852,0.64275,0,0
30853,0.642771,0,0
30854,0.642792,0,0
30855,0.642812,0,0
30856,0.642833,0,0
30857,0.642854,0,0
30858,0.642875,0,0
30859,0.642896,0,0
30860,0.642917,0,0
30861,0.642937,0,0
30862,0.642958,0,0
30863,0.642979,0,0
30864,0.643,0,0
30865,0.643021,0,0
30866,0.643042,0,0
30867,0.643062,0,0
30868,0.643083,0,0
30869,0.643104,0,0
30870,0.643125,0,0
30871,0.643146,0,0
30872,0.643167,0,0
30873,0.643188,0,0
30874,0.643208,0,0
30875,0.643229,0,0
30876,0.64325,0,0
30877,0.643271,0,0
30878,0.643292,0,0
30879,0.643313,0,0
30880,0.643333,0,0
30881,0.643354,0,0
30882,0.643375,0,0
30883,0.643396,0,0
30884,0.643417,0,0
30885,0.643438,0,0
30886,0.643458,0,0
30887,0.643479,0,0
30888,0.6435,0,0
30889,0.643521,0,0
30890,0.643542,0,0
30891,0.643562,0,0
30892,0.643583,0,0
30893,0.643604,0,0
30894,0.643625,0,0
30895,0.643646,0,0
30896,0.643667,0,0
30897,0.643687,0,0
30898,0.643708,0,0
30899,0.643729,0,0
30900,0.64375,0,0
30901,0.643771,0,0
30902,0.643792,0,0
30903,0.643812,0,0
30904,0.643833,0,0
30905,0.643854,0,0
30906,0.643875,0,0
30907,0.643896,0,0
30908,0.643917,0,0
30909,0.643938,0,0
30910,0.643958,0,0
30911,0.643979,0,0
30912,0.644,0,0
30913,0.644021,0,0
30914,0.644042,0,0
30915,0.644063,0,0
30916,0.644083,0,0
30917,0.644104,0,0
30918,0.644125,0,0
30919,0.644146,0,0
30920,0.644167,0,0
30921,0.644188,0,0
30922,0.644208,0,0
30923,0.644229,0,0
30924,0.64425,0,0
30925,0.644271,0,0
30926,0.644292,0,0
30927,0.644313,0,0
30928,0.644333,0,0
30929,0.644354,0,0
30930,0.644375,0,0
30931,0.644396,0,0
30932,0.644417,0,0
30933,0.644437,0,0
30934,0.644458,0,0
30935,0.644479,0,0
30936,0.6445,0,0
30937,0.644521,0,0
30938,0.644542,0,0
30939,0.644562,0,0
30940,0.644583,0,0
30941,0.644604,0,0
30942,0.644625,0,0
30943,0.644646,0,0
30944,0.644667,0,0
30945,0.644687,0,0
30946,0.644708,0,0
30947,0.644729,0,0
30948,0.64475,0,0
30949,0.644771,0,0
30950,0.644792,0,0
30951,0.644813,0,0
30952,0.644833,0,0
30953,0.644854,0,0
30954,0.644875,0,0
30955,0.644896,0,0
30956,0.644917,0,0
30957,0.644938,0,0
30958,0.644958,0,0
30959,0.644979,0,0
30960,0.645,0,0
30961,0.645021,0,0
30962,0.645042,0,0
30963,0.645063,0,0
30964,0.645083,0,0
30965,0.645104,0,0
30966,0.645125,0,0
30967,0.645146,0,0
30968,0.645167,0,0
30969,0.645187,0,0
30970,0.645208,0,0
30971,0.645229,0,0
30972,0.64525,0,0
30973,0.645271,0,0
30974,0.645292,0,0
30975,0.645312,0,0
30976,0.645333,0,0
30977,0.645354,0,0
30978,0.645375,0,0
30979,0.645396,0,0
30980,0.645417,0,0
30981,0.645437,0,0
30982,0.645458,0,0
30983,0.645479,0,0
30984,0.6455,0,0
30985,0.645521,0,0
30986,0.645542,0,0
30987,0.645563,0,0
30988,0.645583,0,0
30989,0.645604,0,0
30990,0.645625,0,0
30991,0.645646,0,0
30992,0.645667,0,0
30993,0.645688,0,0
30994,0.645708,0,0
30995,0.645729,0,0
30996,0.64575,0,0
30997,0.645771,0,0
30998,0.645792,0,0
30999,0.645813,0,0
31000,0.645833,0,0
31001,0.645854,0,0
31002,0.645875,0,0
31003,0.645896,0,0
31004,0.645917,0,0
31005,0.645938,0,0
31006,0.645958,0,0
31007,0.645979,0,0
31008,0.646,0,0
31009,0.646021,0,0
31010,0.646042,0,0
31011,0.646062,0,0
31012,0.646083,0,0
31013,0.646104,0,0
31014,0.646125,0,0
31015,0.646146,0,0
31016,0.646167,0,0
31017,0.646187,0,0
31018,0.646208,0,0
31019,0.646229,0,0
31020,0.64625,0,0
31021,0.646271,0,0
31022,0.646292,0,0
31023,0.646312,0,0
31024,0.646333,0,0
31025,0.646354,0,0
31026,0.646375,0,0
31027,0.646396,0,0
31028,0.646417,0,0
31029,0.646438,0,0
31030,0.646458,0,0
31031,0.646479,0,0
31032,0.6465,0,0
31033,0.646521,0,0
31034,0.646542,0,0
31035,0.646563,0,0
31036,0.646583,0,0
31037,0.646604,0,0
31038,0.646625,0,0
31039,0.646646,0,0
31040,0.646667,0,0
31041,0.646688,0,0
31042,0.646708,0,0
31043,0.646729,0,0
31044,0.64675,0,0
31045,0.646771,0,0
31046,0.646792,0,0
31047,0.646812,0,0
31048,0.646833,0,0
31049,0.646854,0,0
31050,0.646875,0,0
31051,0.646896,0,0
31052,0.646917,0,0
31053,0.646937,0,0
31054,0.646958,0,0
31055,0.646979,0,0
31056,0.647,0,0
31057,0.647021,0,0
31058,0.647042,0,0
31059,0.647062,0,0
31060,0.647083,0,0
31061,0.647104,0,0
31062,0.647125,0,0
31063,0.647146,0,0
31064,0.647167,0,0
31065,0.647187,0,0
31066,0.647208,0,0
31067,0.647229,0,0
31068,0.64725,0,0
31069,0.647271,0,0
31070,0.647292,0,0
31071,0.647313,0,0
31072,0.647333,0,0
31073,0.647354,0,0
31074,0.647375,0,0
31075,0.647396,0,0
31076,0.647417,0,0
31077,0.647438,0,0
31078,0.647458,0,0
31079,0.647479,0,0
31080,0.6475,0,0
31081,0.647521,0,0
31082,0.647542,0,0
31083,0.647563,0,0
31084,0.647583,0,0
31085,0.647604,0,0
31086,0.647625,0,0
31087,0.647646,0,0
31088,0.647667,0,0
31089,0.647687,0,0
31090,0.647708,0,0
31091,0.647729,0,0
31092,0.64775,0,0
31093,0.647771,0,0
31094,0.647792,0,0
31095,0.647812,0,0
31096,0.647833,0,0
31097,0.647854,0,0
31098,0.647875,0,0
31099,0.647896,0,0
31100,0.647917,0,0
31101,0.647937,0,0
31102,0.647958,0,0
31103,0.647979,0,0
31104,0.648,0,0
31105,0.648021,0,0
31106,0.648042,0,0
31107,0.648063,0,0
31108,0.648083,0,0
31109,0.648104,0,0
31110,0.648125,0,0
31111,0.648146,0,0
31112,0.648167,0,0
31113,0.648188,0,0
31114,0.648208,0,0
31115,0.648229,0,0
31116,0.64825,0,0
31117,0.648271,0,0
31118,0.648292,0,0
31119,0.648313,0,0
31120,0.648333,0,0
31121,0.648354,0,0
31122,0.648375,0,0
31123,0.648396,0,0
31124,0.648417,0,0
31125,0.648438,0,0
31126,0.648458,0,0
31127,0.648479,0,0
31128,0.6485,0,0
31129,0.648521,0,0
31130,0.648542,0,0
31131,0.648562,0,0
31132,0.648583,0,0
31133,0.648604,0,0
31134,0.648625,0,0
31135,0.648646,0,0
31136,0.648667,0,0
31137,0.648687,0,0
31138,0.648708,0,0
31139,0.648729,0,0
31140,0.64875,0,0
31141,0.648771,0,0
31142,0.648792,0,0
31143,0.648812,0,0
31144,0.648833,0,0
31145,0.648854,0,0
31146,0.648875,0,0
31147,0.648896,0,0
31148,0.648917,0,0
31149,0.648938,0,0
31150,0.648958,0,0
31151,0.648979,0,0
31152,0.649,0,0
31153,0.649021,0,0
31154,0.649042,0,0
31155,0.649063,0,0
31156,0.649083,0,0
31157,0.649104,0,0
31158,0.649125,0,0
31159,0.649146,0,0
31160,0.649167,0,0
31161,0.649188,0,0
31162,0.649208,0,0
31163,0.649229,0,0
31164,0.64925,0,0
31165,0.649271,0,0
31166,0.649292,0,0
31167,0.649312,0,0
31168,0.649333,0,0
31169,0.649354,0,0
31170,0.649375,0,0
31171,0.649396,0,0
31172,0.649417,0,0
31173,0.649437,0,0
31174,0.649458,0,0
31175,0.649479,0,0
31176,0.6495,0,0
31177,0.649521,0,0
31178,0.649542,0,0
31179,0.649562,0,0
31180,0.649583,0,0
31181,0.649604,0,0
31182,0.649625,0,0
31183,0.649646,0,0
31184,0.649667,0,0
31185,0.649688,0,0
31186,0.649708,0,0
31187,0.649729,0,0
31188,0.64975,0,0
31189,0.649771,0,0
31190,0.649792,0,0
31191,0.649813,0,0
31192,0.649833,0,0
31193,0.649854,0,0
31194,0.649875,0,0
31195,0.649896,0,0
31196,0.649917,0,0
31197,0.649938,0,0
31198,0.649958,0,0
31199,0.649979,0,0
31200,0.65,0,0
31201,0.650021,0,0
31202,0.650042,0,0
31203,0.650063,0,0
31204,0.650083,0,0
31205,0.650104,0,0
31206,0.650125,0,0
31207,0.650146,0,0
31208,0.650167,0,0
31209,0.650187,0,0
31210,0.650208,0,0
31211,0.650229,0,0
31212,0.65025,0,0
31213,0.650271,0,0
31214,0.650292,0,0
31215,0.650312,0,0
31216,0.650333,0,0
31217,0.650354,0,0
31218,0.650375,0,0
31219,0.650396,0,0
31220,0.650417,0,0
31221,0.650437,0,0
31222,0.650458,0,0
31223,0.650479,0,0
31224,0.6505,0,0
31225,0.650521,0,0
31226,0.650542,0,0
31227,0.650563,0,0
31228,0.650583,0,0
31229,0.650604,0,0
31230,0.650625,0,0
31231,0.650646,0,0
31232,0.650667,0,0
31233,0.650688,0,0
31234,0.650708,0,0
31235,0.650729,0,0
31236,0.65075,0,0
31237,0.650771,0,0
31238,0.650792,0,0
31239,0.650813,0,0
31240,0.650833,0,0
31241,0.650854,0,0
31242,0.650875,0,0
31243,0.650896,0,0
31244,0.650917,0,0
31245,0.650937,0,0
31246,0.650958,0,0
31247,0.650979,0,0
31248,0.651,0,0
31249,0.651021,0,0
31250,0.651042,0,0
31251,0.651062,0,0
31252,0.651083,0,0
31253,0.651104,0,0
31254,0.651125,0,0
31255,0.651146,0,0
31256,0.651167,0,0
31257,0.651187,0,0
31258,0.651208,0,0
31259,0.651229,0,0
31260,0.65125,0,0
31261,0.651271,0,0
31262,0.651292,0,0
31263,0.651312,0,0
31264,0.651333,0,0
31265,0.651354,0,0
31266,0.651375,0,0
31267,0.651396,0,0
31268,0.651417,0,0
31269,0.651438,0,0
31270,0.651458,0,0
31271,0.651479,0,0
31272,0.6515,0,0
31273,0.651521,0,0
31274,0.651542,0,0
31275,0.651563,0,0
31276,0.651583,0,0
31277,0.651604,0,0
31278,0.651625,0,0
31279,0.651646,0,0
31280,0.651667,0,0
31281,0.651688,0,0
31282,0.651708,0,0
31283,0.651729,0,0
31284,0.65175,0,0
31285,0.651771,0,0
31286,0.651792,0,0
31287,0.651812,0,0
31288,0.651833,0,0
31289,0.651854,0,0
31290,0.651875,0,0
31291,0.651896,0,0
31292,0.651917,0,0
31293,0.651937,0,0
31294,0.651958,0,0
31295,0.651979,0,0
31296,0.652,0,0
31297,0.652021,0,0
31298,0.652042,0,0
31299,0.652062,0,0
31300,0.652083,0,0
31301,0.652104,0,0
31302,0.652125,0,0
31303,0.652146,0,0
31304,0.652167,0,0
31305,0.652188,0,0
31306,0.652208,0,0
31307,0.652229,0,0
31308,0.65225,0,0
31309,0.652271,0,0
31310,0.652292,0,0
31311,0.652313,0,0
31312,0.652333,0,0
31313,0.652354,0,0
31314,0.652375,0,0
31315,0.652396,0,0
31316,0.652417,0,0
31317,0.652438,0,0
31318,0.652458,0,0
31319,0.652479,0,0
31320,0.6525,0,0
31321,0.652521,0,0
31322,0.652542,0,0
31323,0.652562,0,0
31324,0.652583,0,0
31325,0.652604,0,0
31326,0.652625,0,0
31327,0.652646,0,0
31328,0.652667,0,0
31329,0.652687,0,0
31330,0.652708,0,0
31331,0.652729,0,0
31332,0.65275,0,0
31333,0.652771,0,0
31334,0.652792,0,0
31335,0.652812,0,0
31336,0.652833,0,0
31337,0.652854,0,0
31338,0.652875,0,0
31339,0.652896,0,0
31340,0.652917,0,0
31341,0.652937,0,0
31342,0.652958,0,0
31343,0.652979,0,0
31344,0.653,0,0
31345,0.653021,0,0
31346,0.653042,0,0
31347,0.653063,0,0
31348,0.653083,0,0
31349,0.653104,0,0
31350,0.653125,0,0
31351,0.653146,0,0
31352,0.653167,0,0
31353,0.653188,0,0
31354,0.653208,0,0
31355,0.653229,0,0
31356,0.65325,0,0
31357,0.653271,0,0
31358,0.653292,0,0
31359,0.653313,0,0
31360,0.653333,0,0
31361,0.653354,0,0
31362,0.653375,0,0
31363,0.653396,0,0
31364,0.653417,0,0
31365,0.653437,0,0
31366,0.653458,0,0
31367,0.653479,0,0
31368,0.6535,0,0
31369,0.653521,0,0
31370,0.653542,0,0
31371,0.653562,0,0
31372,0.653583,0,0
31373,0.653604,0,0
31374,0.653625,0,0
31375,0.653646,0,0
31376,0.653667,0,0
31377,0.653687,0,0
31378,0.653708,0,0
31379,0.653729,0,0
31380,0.65375,0,0
31381,0.653771,0,0
31382,0.653792,0,0
31383,0.653813,0,0
31384,0.653833,0,0
31385,0.653854,0,0
31386,0.653875,0,0
31387,0.653896,0,0
31388,0.653917,0,0
31389,0.653938,0,0
31390,0.653958,0,0
31391,0.653979,0,0
31392,0.654,0,0
31393,0.654021,0,0
31394,0.654042,0,0
31395,0.654063,0,0
31396,0.654083,0,0
31397,0.654104,0,0
31398,0.654125,0,0
31399,0.654146,0,0
31400,0.654167,0,0
31401,0.654188,0,0
31402,0.654208,0,0
31403,0.654229,0,0
31404,0.65425,0,0
31405,0.654271,0,0
31406,0.654292,0,0
31407,0.654312,0,0
31408,0.654333,0,0
31409,0.654354,0,0
31410,0.654375,0,0
31411,0.654396,0,0
31412,0.654417,0,0
31413,0.654437,0,0
31414,0.654458,0,0
31415,0.654479,0,0
31416,0.6545,0,0
31417,0.654521,0,0
31418,0.654542,0,0
31419,0.654562,0,0
31420,0.654583,0,0
31421,0.654604,0,0
31422,0.654625,0,0
31423,0.654646,0,0
31424,0.654667,0,0
31425,0.654688,0,0
31426,0.654708,0,0
31427,0.654729,0,0
31428,0.65475,0,0
31429,0.654771,0,0
31430,0.654792,0,0
31431,0.654813,0,0
31432,0.654833,0,0
31433,0.654854,0,0
31434,0.654875,0,0
31435,0.654896,0,0
31436,0.654917,0,0
31437,0.654938,0,0
31438,0.654958,0,0
31439,0.654979,0,0
31440,0.655,0,0
31441,0.655021,0,0
31442,0.655042,0,0
31443,0.655062,0,0
31444,0.655083,0,0
31445,0.655104,0,0
31446,0.655125,0,0
31447,0.655146,0,0
31448,0.655167,0,0
31449,0.655187,0,0
31450,0.655208,0,0
31451,0.655229,0,0
31452,0.65525,0,0
31453,0.655271,0,0
31454,0.655292,0,0
31455,0.655312,0,0
31456,0.655333,0,0
31457,0.655354,0,0
31458,0.655375,0,0
31459,0.655396,0,0
31460,0.655417,0,0
31461,0.655438,0,0
31462,0.655458,0,0
31463,0.655479,0,0
31464,0.6555,0,0
31465,0.655521,0,0
31466,0.655542,0,0
31467,0.655563,0,0
31468,0.655583,0,0
31469,0.655604,0,0
31470,0.655625,0,0
31471,0.655646,0,0
31472,0.655667,0,0
31473,0.655688,0,0
31474,0.655708,0,0
31475,0.655729,0,0
31476,0.65575,0,0
31477,0.655771,0,0
31478,0.655792,0,0
31479,0.655813,0,0
31480,0.655833,0,0
31481,0.655854,0,0
31482,0.655875,0,0
31483,0.655896,0,0
31484,0.655917,0,0
31485,0.655937,0,0
31486,0.655958,0,0
31487,0.655979,0,0
31488,0.656,0,0
31489,0.656021,0,0
31490,0.656042,0,0
31491,0.656062,0,0
31492,0.656083,0,0
31493,0.656104,0,0
31494,0.656125,0,0
31495,0.656146,0,0
31496,0.656167,0,0
31497,0.656187,0,0
31498,0.656208,0,0
31499,0.656229,0,0
31500,0.65625,0,0
31501,0.656271,0,0
31502,0.656292,0,0
31503,0.656313,0,0
31504,0.656333,0,0
31505,0.656354,0,0
31506,0.656375,0,0
31507,0.656396,0,0
31508,0.656417,0,0
31509,0.656438,0,0
31510,0.656458,0,0
31511,0.656479,0,0
31512,0.6565,0,0
31513,0.656521,0,0
31514,0.656542,0,0
31515,0.656563,0,0
31516,0.656583,0,0
31517,0.656604,0,0
31518,0.656625,0,0
31519,0.656646,0,0
31520,0.656667,0,0
31521,0.656687,0,0
31522,0.656708,0,0
31523,0.656729,0,0
31524,0.65675,0,0
31525,0.656771,0,0
31526,0.656792,0,0
31527,0.656812,0,0
31528,0.656833,0,0
31529,0.656854,0,0
31530,0.656875,0,0
31531,0.656896,0,0
31532,0.656917,0,0
31533,0.656937,0,0
31534,0.656958,0,0
31535,0.656979,0,0
31536,0.657,0,0
31537,0.657021,0,0
31538,0.657042,0,0
31539,0.657062,0,0
31540,0.657083,0,0
31541,0.657104,0,0
31542,0.657125,0,0
31543,0.657146,0,0
31544,0.657167,0,0
31545,0.657188,0,0
31546,0.657208,0,0
31547,0.657229,0,0
31548,0.65725,0,0
31549,0.657271,0,0
31550,0.657292,0,0
31551,0.657313,0,0
31552,0.657333,0,0
31553,0.657354,0,0
31554,0.657375,0,0
31555,0.657396,0,0
31556,0.657417,0,0
31557,0.657438,0,0
31558,0.657458,0,0
31559,0.657479,0,0
31560,0.6575,0,0
31561,0.657521,0,0
31562,0.657542,0,0
31563,0.657562,0,0
31564,0.657583,0,0
31565,0.657604,0,0
31566,0.657625,0,0
31567,0.657646,0,0
31568,0.657667,0,0
31569,0.657687,0,0
31570,0.657708,0,0
31571,0.657729,0,0
31572,0.65775,0,0
31573,0.657771,0,0
31574,0.657792,0,0
31575,0.657812,0,0
31576,0.657833,0,0
31577,0.657854,0,0
31578,0.657875,0,0
31579,0.657896,0,0
31580,0.657917,0,0
31581,0.657938,0,0
31582,0.657958,0,0
31583,0.657979,0,0
31584,0.658,0,0
31585,0.658021,0,0
31586,0.658042,0,0
31587,0.658063,0,0
31588,0.658083,0,0
31589,0.658104,0,0
31590,0.658125,0,0
31591,0.658146,0,0
31592,0.658167,0,0
31593,0.658188,0,0
31594,0.658208,0,0
31595,0.658229,0,0
31596,0.65825,0,0
31597,0.658271,0,0
31598,0.658292,0,0
31599,0.658312,0,0
31600,0.658333,0,0
31601,0.658354,0,0
31602,0.658375,0,0
31603,0.658396,0,0
31604,0.658417,0,0
31605,0.658437,0,0
31606,0.658458,0,0
31607,0.658479,0,0
31608,0.6585,0,0
31609,0.658521,0,0
31610,0.658542,0,0
31611,0.658562,0,0
31612,0.658583,0,0
31613,0.658604,0,0
31614,0.658625,0,0
31615,0.658646,0,0
31616,0.658667,0,0
31617,0.658687,0,0
31618,0.658708,0,0
31619,0.658729,0,0
31620,0.65875,0,0
31621,0.658771,0,0
31622,0.658792,0,0
31623,0.658813,0,0
31624,0.658833,0,0
31625,0.658854,0,0
31626,0.658875,0,0
31627,0.658896,0,0
31628,0.658917,0,0
31629,0.658938,0,0
31630,0.658958,0,0
31631,0.658979,0,0
31632,0.659,0,0
31633,0.659021,0,0
31634,0.659042,0,0
31635,0.659063,0,0
31636,0.659083,0,0
31637,0.659104,0,0
31638,0.659125,0,0
31639,0.659146,0,0
31640,0.659167,0,0
31641,0.659187,0,0
31642,0.659208,0,0
31643,0.659229,0,0
31644,0.65925,0,0
31645,0.659271,0,0
31646,0.659292,0,0
31647,0.659312,0,0
31648,0.659333,0,0
31649,0.659354,0,0
31650,0.659375,0,0
31651,0.659396,0,0
31652,0.659417,0,0
31653,0.659437,0,0
31654,0.659458,0,0
31655,0.659479,0,0
31656,0.6595,0,0
31657,0.659521,0,0
31658,0.659542,0,0
31659,0.659563,0,0
31660,0.659583,0,0
31661,0.659604,0,0
31662,0.659625,0,0
31663,0.659646,0,0
31664,0.659667,0,0
31665,0.659688,0,0
31666,0.659708,0,0
31667,0.659729,0,0
31668,0.65975,0,0
31669,0.659771,0,0
31670,0.659792,0,0
31671,0.659813,0,0
31672,0.659833,0,0
31673,0.659854,0,0
31674,0.659875,0,0
31675,0.659896,0,0
31676,0.659917,0,0
31677,0.659938,0,0
31678,0.659958,0,0
31679,0.659979,0,0
31680,0.66,0,0
31681,0.660021,0,0
31682,0.660042,0,0
31683,0.660062,0,0
31684,0.660083,0,0
31685,0.660104,0,0
31686,0.660125,0,0
31687,0.660146,0,0
31688,0.660167,0,0
31689,0.660187,0,0
31690,0.660208,0,0
31691,0.660229,0,0
31692,0.66025,0,0
31693,0.660271,0,0
31694,0.660292,0,0
31695,0.660312,0,0
31696,0.660333,0,0
31697,0.660354,0,0
31698,0.660375,0,0
31699,0.660396,0,0
31700,0.660417,0,0
31701,0.660438,0,0
31702,0.660458,0,0
31703,0.660479,0,0
31704,0.6605,0,0
31705,0.660521,0,0
31706,0.660542,0,0
31707,0.660563,0,0
31708,0.660583,0,0
31709,0.660604,0,0
31710,0.660625,0,0
31711,0.660646,0,0
31712,0.660667,0,0
31713,0.660688,0,0
31714,0.660708,0,0
31715,0.660729,0,0
31716,0.66075,0,0
31717,0.660771,0,0
31718,0.660792,0,0
31719,0.660812,0,0
31720,0.660833,0,0
31721,0.660854,0,0
31722,0.660875,0,0
31723,0.660896,0,0
31724,0.660917,0,0
31725,0.660937,0,0
31726,0.660958,0,0
31727,0.660979,0,0
31728,0.661,0,0
31729,0.661021,0,0
31730,0.661042,0,0
31731,0.661062,0,0
31732,0.661083,0,0
31733,0.661104,0,0
31734,0.661125,0,0
31735,0.661146,0,0
31736,0.661167,0,0
31737,0.661188,0,0
31738,0.661208,0,0
31739,0.661229,0,0
31740,0.66125,0,0
31741,0.661271,0,0
31742,0.661292,0,0
31743,0.661313,0,0
31744,0.661333,0,0
31745,0.661354,0,0
31746,0.661375,0,0
31747,0.661396,0,0
31748,0.661417,0,0
31749,0.661438,0,0
31750,0.661458,0,0
31751,0.661479,0,0
31752,0.6615,0,0
31753,0.661521,0,0
31754,0.661542,0,0
31755,0.661563,0,0
31756,0.661583,0,0
31757,0.661604,0,0
31758,0.661625,0,0
31759,0.661646,0,0
31760,0.661667,0,0
31761,0.661687,0,0
31762,0.661708,0,0
31763,0.661729,0,0
31764,0.66175,0,0
31765,0.661771,0,0
31766,0.661792,0,0
31767,0.661812,0,0
31768,0.661833,0,0
31769,0.661854,0,0
31770,0.661875,0,0
31771,0.661896,0,0
31772,0.661917,0,0
31773,0.661937,0,0
31774,0.661958,0,0
31775,0.661979,0,0
31776,0.662,0,0
31777,0.662021,0,0
31778,0.662042,0,0
31779,0.662063,0,0
31780,0.662083,0,0
31781,0.662104,0,0
31782,0.662125,0,0
31783,0.662146,0,0
31784,0.662167,0,0
31785,0.662188,0,0
31786,0.662208,0,0
31787,0.662229,0,0
31788,0.66225,0,0
31789,0.662271,0,0
31790,0.662292,0,0
31791,0.662313,0,0
31792,0.662333,0,0
31793,0.662354,0,0
31794,0.662375,0,0
31795,0.662396,0,0
31796,0.662417,0,0
31797,0.662437,0,0
31798,0.662458,0,0
31799,0.662479,0,0
31800,0.6625,0,0
31801,0.662521,0,0
31802,0.662542,0,0
31803,0.662562,0,0
31804,0.662583,0,0
31805,0.662604,0,0
31806,0.662625,0,0
31807,0.662646,0,0
31808,0.662667,0,0
31809,0.662687,0,0
31810,0.662708,0,0
31811,0.662729,0,0
31812,0.66275,0,0
31813,0.662771,0,0
31814,0.662792,0,0
31815,0.662812,0,0
31816,0.662833,0,0
31817,0.662854,0,0
31818,0.662875,0,0
31819,0.662896,0,0
31820,0.662917,0,0
31821,0.662938,0,0
31822,0.662958,0,0
31823,0.662979,0,0
31824,0.663,0,0
31825,0.663021,0,0
31826,0.663042,0,0
31827,0.663063,0,0
31828,0.663083,0,0
31829,0.663104,0,0
31830,0.663125,0,0
31831,0.663146,0,0
31832,0.663167,0,0
31833,0.663188,0,0
31834,0.663208,0,0
31835,0.663229,0,0
31836,0.66325,0,0
31837,0.663271,0,0
31838,0.663292,0,0
31839,0.663312,0,0
31840,0.663333,0,0
31841,0.663354,0,0
31842,0.663375,0,0
31843,0.663396,0,0
31844,0.663417,0,0
31845,0.663437,0,0
31846,0.663458,0,0
31847,0.663479,0,0
31848,0.6635,0,0
31849,0.663521,0,0
31850,0.663542,0,0
31851,0.663562,0,0
31852,0.663583,0,0
31853,0.663604,0,0
31854,0.663625,0,0
31855,0.663646,0,0
31856,0.663667,0,0
31857,0.663688,0,0
31858,0.663708,0,0
31859,0.663729,0,0
31860,0.66375,0,0
31861,0.663771,0,0
31862,0.663792,0,0
31863,0.663813,0,0
31864,0.663833,0,0
31865,0.663854,0,0
31866,0.663875,0,0
31867,0.663896,0,0
31868,0.663917,0,0
31869,0.663938,0,0
31870,0.663958,0,0
31871,0.663979,0,0
31872,0.664,0,0
31873,0.664021,0,0
31874,0.664042,0,0
31875,0.664062,0,0
31876,0.664083,0,0
31877,0.664104,0,0
31878,0.664125,0,0
31879,0.664146,0,0
31880,0.664167,0,0
31881,0.664187,0,0
31882,0.664208,0,0
31883,0.664229,0,0
31884,0.66425,0,0
31885,0.664271,0,0
31886,0.664292,0,0
31887,0.664312,0,0
31888,0.664333,0,0
31889,0.664354,0,0
31890,0.664375,0,0
31891,0.664396,0,0
31892,0.664417,0,0
31893,0.664437,0,0
31894,0.664458,0,0
31895,0.664479,0,0
31896,0.6645,0,0
31897,0.664521,0,0
31898,0.664542,0,0
31899,0.664563,0,0
31900,0.664583,0,0
31901,0.664604,0,0
31902,0.664625,0,0
31903,0.664646,0,0
31904,0.664667,0,0
31905,0.664688,0,0
31906,0.664708,0,0
31907,0.664729,0,0
31908,0.66475,0,0
31909,0.664771,0,0
31910,0.664792,0,0
31911,0.664813,0,0
31912,0.664833,0,0
31913,0.664854,0,0
31914,0.664875,0,0
31915,0.664896,0,0
31916,0.664917,0,0
31917,0.664937,0,0
31918,0.664958,0,0
31919,0.664979,0,0
31920,0.665,0,0
31921,0.665021,0,0
31922,0.665042,0,0
31923,0.665062,0,0
31924,0.665083,0,0
31925,0.665104,0,0
31926,0.665125,0,0
31927,0.665146,0,0
31928,0.665167,0,0
31929,0.665187,0,0
31930,0.665208,0,0
31931,0.665229,0,0
31932,0.66525,0,0
31933,0.665271,0,0
31934,0.665292,0,0
31935,0.665313,0,0
31936,0.665333,0,0
31937,0.665354,0,0
31938,0.665375,0,0
31939,0.665396,0,0
31940,0.665417,0,0
31941,0.665438,0,0
31942,0.665458,0,0
31943,0.665479,0,0
31944,0.6655,0,0
31945,0.665521,0,0
31946,0.665542,0,0
31947,0.665563,0,0
31948,0.665583,0,0
31949,0.665604,0,0
31950,0.665625,0,0
31951,0.665646,0,0
31952,0.665667,0,0
31953,0.665688,0,0
31954,0.665708,0,0
31955,0.665729,0,0
31956,0.66575,0,0
31957,0.665771,0,0
31958,0.665792,0,0
31959,0.665812,0,0
31960,0.665833,0,0
31961,0.665854,0,0
31962,0.665875,0,0
31963,0.665896,0,0
31964,0.665917,0,0
31965,0.665937,0,0
31966,0.665958,0,0
31967,0.665979,0,0
31968,0.666,0,0
31969,0.666021,0,0
31970,0.666042,0,0
31971,0.666062,0,0
31972,0.666083,0,0
31973,0.666104,0,0
31974,0.666125,0,0
31975,0.666146,0,0
31976,0.666167,0,0
31977,0.666188,0,0
31978,0.666208,0,0
31979,0.666229,0,0
31980,0.66625,0,0
31981,0.666271,0,0
31982,0.666292,0,0
31983,0.666313,0,0
31984,0.666333,0,0
31985,0.666354,0,0
31986,0.666375,0,0
31987,0.666396,0,0
31988,0.666417,0,0
31989,0.666438,0,0
31990,0.666458,0,0
31991,0.666479,0,0
31992,0.6665,0,0
31993,0.666521,0,0
31994,0.666542,0,0
31995,0.666562,0,0
31996,0.666583,0,0
31997,0.666604,0,0
31998,0.666625,0,0
31999,0.666646,0,0
32000,0.666667,0,0
32001,0.666687,0,0
32002,0.666708,0,0
32003,0.666729,0,0
32004,0.66675,0,0
32005,0.666771,0,0
32006,0.666792,0,0
32007,0.666812,0,0
32008,0.666833,0,0
32009,0.666854,0,0
32010,0.666875,0,0
32011,0.666896,0,0
32012,0.666917,0,0
32013,0.666937,0,0
32014,0.666958,0,0
32015,0.666979,0,0
32016,0.667,0,0
32017,0.667021,0,0
32018,0.667042,0,0
32019,0.667063,0,0
32020,0.667083,0,0
32021,0.667104,0,0
32022,0.667125,0,0
32023,0.667146,0,0
32024,0.667167,0,0
32025,0.667188,0,0
32026,0.667208,0,0
32027,0.667229,0,0
32028,0.66725,0,0
32029,0.667271,0,0
32030,0.667292,0,0
32031,0.667313,0,0
32032,0.667333,0,0
32033,0.667354,0,0
32034,0.667375,0,0
32035,0.667396,0,0
32036,0.667417,0,0
32037,0.667437,0,0
32038,0.667458,0,0
32039,0.667479,0,0
32040,0.6675,0,0
32041,0.667521,0,0
32042,0.667542,0,0
32043,0.667562,0,0
32044,0.667583,0,0
32045,0.667604,0,0
32046,0.667625,0,0
32047,0.667646,0,0
32048,0.667667,0,0
32049,0.667687,0,0
32050,0.667708,0,0
32051,0.667729,0,0
32052,0.66775,0,0
32053,0.667771,0,0
32054,0.667792,0,0
32055,0.667813,0,0
32056,0.667833,0,0
32057,0.667854,0,0
32058,0.667875,0,0
32059,0.667896,0,0
32060,0.667917,0,0
32061,0.667938,0,0
32062,0.667958,0,0
32063,0.667979,0,0
32064,0.668,0,0
32065,0.668021,0,0
32066,0.668042,0,0
32067,0.668063,0,0
32068,0.668083,0,0
32069,0.668104,0,0
32070,0.668125,0,0
32071,0.668146,0,0
32072,0.668167,0,0
32073,0.668187,0,0
32074,0.668208,0,0
32075,0.668229,0,0
32076,0.66825,0,0
32077,0.668271,0,0
32078,0.668292,0,0
32079,0.668312,0,0
32080,0.668333,0,0
32081,0.668354,0,0
32082,0.668375,0,0
32083,0.668396,0,0
32084,0.668417,0,0
32085,0.668437,0,0
32086,0.668458,0,0
32087,0.668479,0,0
32088,0.6685,0,0
32089,0.668521,0,0
32090,0.668542,0,0
32091,0.668562,0,0
32092,0.668583,0,0
32093,0.668604,0,0
32094,0.668625,0,0
32095,0.668646,0,0
32096,0.668667,0,0
32097,0.668688,0,0
32098,0.668708,0,0
32099,0.668729,0,0
32100,0.66875,0,0
32101,0.668771,0,0
32102,0.668792,0,0
32103,0.668813,0,0
32104,0.668833,0,0
32105,0.668854,0,0
32106,0.668875,0,0
32107,0.668896,0,0
32108,0.668917,0,0
32109,0.668938,0,0
32110,0.668958,0,0
32111,0.668979,0,0
32112,0.669,0,0
32113,0.669021,0,0
32114,0.669042,0,0
32115,0.669062,0,0
32116,0.669083,0,0
32117,0.669104,0,0
32118,0.669125,0,0
32119,0.669146,0,0
32120,0.669167,0,0
32121,0.669187,0,0
32122,0.669208,0,0
32123,0.669229,0,0
32124,0.66925,0,0
32125,0.669271,0,0
32126,0.669292,0,0
32127,0.669312,0,0
32128,0.669333,0,0
32129,0.669354,0,0
32130,0.669375,0,0
32131,0.669396,0,0
32132,0.669417,0,0
32133,0.669438,0,0
32134,0.669458,0,0
32135,0.669479,0,0
32136,0.6695,0,0
32137,0.669521,0,0
32138,0.669542,0,0
32139,0.669563,0,0
32140,0.669583,0,0
32141,0.669604,0,0
32142,0.669625,0,0
32143,0.669646,0,0
32144,0.669667,0,0
32145,0.669688,0,0
32146,0.669708,0,0
32147,0.669729,0,0
32148,0.66975,0,0
32149,0.669771,0,0
32150,0.669792,0,0
32151,0.669813,0,0
32152,0.669833,0,0
32153,0.669854,0,0
32154,0.669875,0,0
32155,0.669896,0,0
32156,0.669917,0,0
32157,0.669937,0,0
32158,0.669958,0,0
32159,0.669979,0,0
32160,0.67,0,0
32161,0.670021,0,0
32162,0.670042,0,0
32163,0.670062,0,0
32164,0.670083,0,0
32165,0.670104,0,0
32166,0.670125,0,0
32167,0.670146,0,0
32168,0.670167,0,0
32169,0.670187,0,0
32170,0.670208,0,0
32171,0.670229,0,0
32172,0.67025,0,0
32173,0.670271,0,0
32174,0.670292,0,0
32175,0.670313,0,0
32176,0.670333,0,0
32177,0.670354,0,0
32178,0.670375,0,0
32179,0.670396,0,0
32180,0.670417,0,0
32181,0.670438,0,0
32182,0.670458,0,0
32183,0.670479,0,0
32184,0.6705,0,0
32185,0.670521,0,0
32186,0.670542,0,0
32187,0.670563,0,0
32188,0.670583,0,0
32189,0.670604,0,0
32190,0.670625,0,0
32191,0.670646,0,0
32192,0.670667,0,0
32193,0.670687,0,0
32194,0.670708,0,0
32195,0.670729,0,0
32196,0.67075,0,0
32197,0.670771,0,0
32198,0.670792,0,0
32199,0.670812,0,0
32200,0.670833,0,0
32201,0.670854,0,0
32202,0.670875,0,0
32203,0.670896,0,0
32204,0.670917,0,0
32205,0.670937,0,0
32206,0.670958,0,0
32207,0.670979,0,0
32208,0.671,0,0
32209,0.671021,0,0
32210,0.671042,0,0
32211,0.671063,0,0
32212,0.671083,0,0
32213,0.671104,0,0
32214,0.671125,0,0
32215,0.671146,0,0
32216,0.671167,0,0
32217,0.671188,0,0
32218,0.671208,0,0
32219,0.671229,0,0
32220,0.67125,0,0
32221,0.671271,0,0
32222,0.671292,0,0
32223,0.671313,0,0
32224,0.671333,0,0
32225,0.671354,0,0
32226,0.671375,0,0
32227,0.671396,0,0
32228,0.671417,0,0
32229,0.671438,0,0
32230,0.671458,0,0
32231,0.671479,0,0
32232,0.6715,0,0
32233,0.671521,0,0
32234,0.671542,0,0
32235,0.671562,0,0
32236,0.671583,0,0
32237,0.671604,0,0
32238,0.671625,0,0
32239,0.671646,0,0
32240,0.671667,0,0
32241,0.671687,0,0
32242,0.671708,0,0
32243,0.671729,0,0
32244,0.67175,0,0
32245,0.671771,0,0
32246,0.671792,0,0
32247,0.671812,0,0
32248,0.671833,0,0
32249,0.671854,0,0
32250,0.671875,0,0
32251,0.671896,0,0
32252,0.671917,0,0
32253,0.671938,0,0
32254,0.671958,0,0
32255,0.671979,0,0
32256,0.672,0,0
32257,0.672021,0,0
32258,0.672042,0,0
32259,0.672063,0,0
32260,0.672083,0,0
32261,0.672104,0,0
32262,0.672125,0,0
32263,0.672146,0,0
32264,0.672167,0,0
32265,0.672188,0,0
32266,0.672208,0,0
32267,0.672229,0,0
32268,0.67225,0,0
32269,0.672271,0,0
32270,0.672292,0,0
32271,0.672312,0,0
32272,0.672333,0,0
32273,0.672354,0,0
32274,0.672375,0,0
32275,0.672396,0,0
32276,0.672417,0,0
32277,0.672437,0,0
32278,0.672458,0,0
32279,0.672479,0,0
32280,0.6725,0,0
32281,0.672521,0,0
32282,0.672542,0,0
32283,0.672562,0,0
32284,0.672583,0,0
32285,0.672604,0,0
32286,0.672625,0,0
32287,0.672646,0,0
32288,0.672667,0,0
32289,0.672687,0,0
32290,0.672708,0,0
32291,0.672729,0,0
32292,0.67275,0,0
32293,0.672771,0,0
32294,0.672792,0,0
32295,0.672813,0,0
32296,0.672833,0,0
32297,0.672854,0,0
32298,0.672875,0,0
32299,0.672896,0,0
32300,0.672917,0,0
32301,0.672938,0,0
32302,0.672958,0,0
32303,0.672979,0,0
32304,0.673,0,0
32305,0.673021,0,0
32306,0.673042,0,0
32307,0.673063,0,0
32308,0.673083,0,0
32309,0.673104,0,0
32310,0.673125,0,0
32311,0.673146,0,0
32312,0.673167,0,0
32313,0.673187,0,0
32314,0.673208,0,0
32315,0.673229,0,0
32316,0.67325,0,0
32317,0.673271,0,0
32318,0.673292,0,0
32319,0.673312,0,0
32320,0.673333,0,0
32321,0.673354,0,0
32322,0.673375,0,0
32323,0.673396,0,0
32324,0.673417,0,0
32325,0.673437,0,0
32326,0.673458,0,0
32327,0.673479,0,0
32328,0.6735,0,0
32329,0.673521,0,0
32330,0.673542,0,0
32331,0.673563,0,0
32332,0.673583,0,0
32333,0.673604,0,0
32334,0.673625,0,0
32335,0.673646,0,0
32336,0.673667,0,0
32337,0.673688,0,0
32338,0.673708,0,0
32339,0.673729,0,0
32340,0.67375,0,0
32341,0.673771,0,0
32342,0.673792,0,0
32343,0.673813,0,0
32344,0.673833,0,0
32345,0.673854,0,0
32346,0.673875,0,0
32347,0.673896,0,0
32348,0.673917,0,0
32349,0.673937,0,0
32350,0.673958,0,0
32351,0.673979,0,0
32352,0.674,0,0
32353,0.674021,0,0
32354,0.674042,0,0
32355,0.674062,0,0
32356,0.674083,0,0
32357,0.674104,0,0
32358,0.674125,0,0
32359,0.674146,0,0
32360,0.674167,0,0
32361,0.674187,0,0
32362,0.674208,0,0
32363,0.674229,0,0
32364,0.67425,0,0
32365,0.674271,0,0
32366,0.674292,0,0
32367,0.674312,0,0
32368,0.674333,0,0
32369,0.674354,0,0
32370,0.674375,0,0
32371,0.674396,0,0
32372,0.674417,0,0
32373,0.674438,0,0
32374,0.674458,0,0
32375,0.674479,0,0
32376,0.6745,0,0
32377,0.674521,0,0
32378,0.674542,0,0
32379,0.674563,0,0
32380,0.674583,0,0
32381,0.674604,0,0
32382,0.674625,0,0
32383,0.674646,0,0
32384,0.674667,0,0
32385,0.674688,0,0
32386,0.674708,0,0
32387,0.674729,0,0
32388,0.67475,0,0
32389,0.674771,0,0
32390,0.674792,0,0
32391,0.674812,0,0
32392,0.674833,0,0
32393,0.674854,0,0
32394,0.674875,0,0
32395,0.674896,0,0
32396,0.674917,0,0
32397,0.674937,0,0
32398,0.674958,0,0
32399,0.674979,0,0
32400,0.675,0,0
32401,0.675021,0,0
32402,0.675042,0,0
32403,0.675062,0,0
32404,0.675083,0,0
32405,0.675104,0,0
32406,0.675125,0,0
32407,0.675146,0,0
32408,0.675167,0,0
32409,0.675188,0,0
32410,0.675208,0,0
32411,0.675229,0,0
32412,0.67525,0,0
32413,0.675271,0,0
32414,0.675292,0,0
32415,0.675313,0,0
32416,0.675333,0,0
32417,0.675354,0,0
32418,0.675375,0,0
32419,0.675396,0,0
32420,0.675417,0,0
32421,0.675438,0,0
32422,0.675458,0,0
32423,0.675479,0,0
32424,0.6755,0,0
32425,0.675521,0,0
32426,0.675542,0,0
32427,0.675563,0,0
32428,0.675583,0,0
32429,0.675604,0,0
32430,0.675625,0,0
32431,0.675646,0,0
32432,0.675667,0,0
32433,0.675687,0,0
32434,0.675708,0,0
32435,0.675729,0,0
32436,0.67575,0,0
32437,0.675771,0,0
32438,0.675792,0,0
32439,0.675812,0,0
32440,0.675833,0,0
32441,0.675854,0,0
32442,0.675875,0,0
32443,0.675896,0,0
32444,0.675917,0,0
32445,0.675937,0,0
32446,0.675958,0,0
32447,0.675979,0,0
32448,0.676,0,0
32449,0.676021,0,0
32450,0.676042,0,0
32451,0.676063,0,0
32452,0.676083,0,0
32453,0.676104,0,0
32454,0.676125,0,0
32455,0.676146,0,0
32456,0.676167,0,0
32457,0.676188,0,0
32458,0.676208,0,0
32459,0.676229,0,0
32460,0.67625,0,0
32461,0.676271,0,0
32462,0.676292,0,0
32463,0.676313,0,0
32464,0.676333,0,0
32465,0.676354,0,0
32466,0.676375,0,0
32467,0.676396,0,0
32468,0.676417,0,0
32469,0.676437,0,0
32470,0.676458,0,0
32471,0.676479,0,0
32472,0.6765,0,0
32473,0.676521,0,0
32474,0.676542,0,0
32475,0.676562,0,0
32476,0.676583,0,0
32477,0.676604,0,0
32478,0.676625,0,0
32479,0.676646,0,0
32480,0.676667,0,0
32481,0.676687,0,0
32482,0.676708,0,0
32483,0.676729,0,0
32484,0.67675,0,0
32485,0.676771,0,0
32486,0.676792,0,0
32487,0.676813,0,0
32488,0.676833,0,0
32489,0.676854,0,0
32490,0.676875,0,0
32491,0.676896,0,0
32492,0.676917,0,0
32493,0.676938,0,0
32494,0.676958,0,0
32495,0.676979,0,0
32496,0.677,0,0
32497,0.677021,0,0
32498,0.677042,0,0
32499,0.677063,0,0
32500,0.677083,0,0
32501,0.677104,0,0
32502,0.677125,0,0
32503,0.677146,0,0
32504,0.677167,0,0
32505,0.677188,0,0
32506,0.677208,0,0
32507,0.677229,0,0
32508,0.67725,0,0
32509,0.677271,0,0
32510,0.677292,0,0
32511,0.677312,0,0
32512,0.677333,0,0
32513,0.677354,0,0
32514,0.677375,0,0
32515,0.677396,0,0
32516,0.677417,0,0
32517,0.677437,0,0
32518,0.677458,0,0
32519,0.677479,0,0
32520,0.6775,0,0
32521,0.677521,0,0
32522,0.677542,0,0
32523,0.677562,0,0
32524,0.677583,0,0
32525,0.677604,0,0
32526,0.677625,0,0
32527,0.677646,0,0
32528,0.677667,0,0
32529,0.677688,0,0
32530,0.677708,0,0
32531,0.677729,0,0
32532,0.67775,0,0
32533,0.677771,0,0
32534,0.677792,0,0
32535,0.677813,0,0
32536,0.677833,0,0
32537,0.677854,0,0
32538,0.677875,0,0
32539,0.677896,0,0
32540,0.677917,0,0
32541,0.677938,0,0
32542,0.677958,0,0
32543,0.677979,0,0
32544,0.678,0,0
32545,0.678021,0,0
32546,0.678042,0,0
32547,0.678062,0,0
32548,0.678083,0,0
32549,0.678104,0,0
32550,0.678125,0,0
32551,0.678146,0,0
32552,0.678167,0,0
32553,0.678187,0,0
32554,0.678208,0,0
32555,0.678229,0,0
32556,0.67825,0,0
32557,0.678271,0,0
32558,0.678292,0,0
32559,0.678312,0,0
32560,0.678333,0,0
32561,0.678354,0,0
32562,0.678375,0,0
32563,0.678396,0,0
32564,0.678417,0,0
32565,0.678437,0,0
32566,0.678458,0,0
32567,0.678479,0,0
32568,0.6785,0,0
32569,0.678521,0,0
32570,0.678542,0,0
32571,0.678563,0,0
32572,0.678583,0,0
32573,0.678604,0,0
32574,0.678625,0,0
32575,0.678646,0,0
32576,0.678667,0,0
32577,0.678688,0,0
32578,0.678708,0,0
32579,0.678729,0,0
32580,0.67875,0,0
32581,0.678771,0,0
32582,0.678792,0,0
32583,0.678813,0,0
32584,0.678833,0,0
32585,0.678854,0,0
32586,0.678875,0,0
32587,0.678896,0,0
32588,0.678917,0,0
32589,0.678937,0,0
32590,0.678958,0,0
32591,0.678979,0,0
32592,0.679,0,0
32593,0.679021,0,0
32594,0.679042,0,0
32595,0.679062,0,0
32596,0.679083,0,0
32597,0.679104,0,0
32598,0.679125,0,0
32599,0.679146,0,0
32600,0.679167,0,0
32601,0.679187,0,0
32602,0.679208,0,0
32603,0.679229,0,0
32604,0.67925,0,0
32605,0.679271,0,0
32606,0.679292,0,0
32607,0.679313,0,0
32608,0.679333,0,0
32609,0.679354,0,0
32610,0.679375,0,0
32611,0.679396,0,0
32612,0.679417,0,0
32613,0.679438,0,0
32614,0.679458,0,0
32615,0.679479,0,0
32616,0.6795,0,0
32617,0.679521,0,0
32618,0.679542,0,0
32619,0.679563,0,0
32620,0.679583,0,0
32621,0.679604,0,0
32622,0.679625,0,0
32623,0.679646,0,0
32624,0.679667,0,0
32625,0.679688,0,0
32626,0.679708,0,0
32627,0.679729,0,0
32628,0.67975,0,0
32629,0.679771,0,0
32630,0.679792,0,0
32631,0.679812,0,0
32632,0.679833,0,0
32633,0.679854,0,0
32634,0.679875,0,0
32635,0.679896,0,0
32636,0.679917,0,0
32637,0.679937,0,0
32638,0.679958,0,0
32639,0.679979,0,0
32640,0.68,0,0
32641,0.680021,0,0
32642,0.680042,0,0
32643,0.680062,0,0
32644,0.680083,0,0
32645,0.680104,0,0
32646,0.680125,0,0
32647,0.680146,0,0
32648,0.680167,0,0
32649,0.680188,0,0
32650,0.680208,0,0
32651,0.680229,0,0
32652,0.68025,0,0
32653,0.680271,0,0
32654,0.680292,0,0
32655,0.680313,0,0
32656,0.680333,0,0
32657,0.680354,0,0
32658,0.680375,0,0
32659,0.680396,0,0
32660,0.680417,0,0
32661,0.680438,0,0
32662,0.680458,0,0
32663,0.680479,0,0
32664,0.6805,0,0
32665,0.680521,0,0
32666,0.680542,0,0
32667,0.680562,0,0
32668,0.680583,0,0
32669,0.680604,0,0
32670,0.680625,0,0
32671,0.680646,0,0
32672,0.680667,0,0
32673,0.680687,0,0
32674,0.680708,0,0
32675,0.680729,0,0
32676,0.68075,0,0
32677,0.680771,0,0
32678,0.680792,0,0
32679,0.680812,0,0
32680,0.680833,0,0
32681,0.680854,0,0
32682,0.680875,0,0
32683,0.680896,0,0
32684,0.680917,0,0
32685,0.680938,0,0
32686,0.680958,0,0
32687,0.680979,0,0
32688,0.681,0,0
32689,0.681021,0,0
32690,0.681042,0,0
32691,0.681063,0,0
32692,0.681083,0,0
32693,0.681104,0,0
32694,0.681125,0,0
32695,0.681146,0,0
32696,0.681167,0,0
32697,0.681188,0,0
32698,0.681208,0,0
32699,0.681229,0,0
32700,0.68125,0,0
32701,0.681271,0,0
32702,0.681292,0,0
32703,0.681313,0,0
32704,0.681333,0,0
32705,0.681354,0,0
32706,0.681375,0,0
32707,0.681396,0,0
32708,0.681417,0,0
32709,0.681437,0,0
32710,0.681458,0,0
32711,0.681479,0,0
32712,0.6815,0,0
32713,0.681521,0,0
32714,0.681542,0,0
32715,0.681562,0,0
32716,0.681583,0,0
32717,0.681604,0,0
32718,0.681625,0,0
32719,0.681646,0,0
32720,0.681667,0,0
32721,0.681687,0,0
32722,0.681708,0,0
32723,0.681729,0,0
32724,0.68175,0,0
32725,0.681771,0,0
32726,0.681792,0,0
32727,0.681813,0,0
32728,0.681833,0,0
32729,0.681854,0,0
32730,0.681875,0,0
32731,0.681896,0,0
32732,0.681917,0,0
32733,0.681938,0,0
32734,0.681958,0,0
32735,0.681979,0,0
32736,0.682,0,0
32737,0.682021,0,0
32738,0.682042,0,0
32739,0.682063,0,0
32740,0.682083,0,0
32741,0.682104,0,0
32742,0.682125,0,0
32743,0.682146,0,0
32744,0.682167,0,0
32745,0.682187,0,0
32746,0.682208,0,0
32747,0.682229,0,0
32748,0.68225,0,0
32749,0.682271,0,0
32750,0.682292,0,0
32751,0.682312,0,0
32752,0.682333,0,0
32753,0.682354,0,0
32754,0.682375,0,0
32755,0.682396,0,0
32756,0.682417,0,0
32757,0.682437,0,0
32758,0.682458,0,0
32759,0.682479,0,0
32760,0.6825,0,0
32761,0.682521,0,0
32762,0.682542,0,0
32763,0.682562,0,0
32764,0.682583,0,0
32765,0.682604,0,0
32766,0.682625,0,0
32767,0.682646,0,0
32768,0.682667,0,0
32769,0.682688,0,0
32770,0.682708,0,0
32771,0.682729,0,0
32772,0.68275,0,0
32773,0.682771,0,0
32774,0.682792,0,0
32775,0.682813,0,0
32776,0.682833,0,0
32777,0.682854,0,0
32778,0.682875,0,0
32779,0.682896,0,0
32780,0.682917,0,0
32781,0.682938,0,0
32782,0.682958,0,0
32783,0.682979,0,0
32784,0.683,0,0
32785,0.683021,0,0
32786,0.683042,0,0
32787,0.683062,0,0
32788,0.683083,0,0
32789,0.683104,0,0
32790,0.683125,0,0
32791,0.683146,0,0
32792,0.683167,0,0
32793,0.683187,0,0
32794,0.683208,0,0
32795,0.683229,0,0
32796,0.68325,0,0
32797,0.683271,0,0
32798,0.683292,0,0
32799,0.683312,0,0
32800,0.683333,0,0
32801,0.683354,0,0
32802,0.683375,0,0
32803,0.683396,0,0
32804,0.683417,0,0
32805,0.683438,0,0
32806,0.683458,0,0
32807,0.683479,0,0
32808,0.6835,0,0
32809,0.683521,0,0
32810,0.683542,0,0
32811,0.683563,0,0
32812,0.683583,0,0
32813,0.683604,0,0
32814,0.683625,0,0
32815,0.683646,0,0
32816,0.683667,0,0
32817,0.683688,0,0
32818,0.683708,0,0
32819,0.683729,0,0
32820,0.68375,0,0
32821,0.683771,0,0
32822,0.683792,0,0
32823,0.683812,0,0
32824,0.683833,0,0
32825,0.683854,0,0
32826,0.683875,0,0
32827,0.683896,0,0
32828,0.683917,0,0
32829,0.683937,0,0
32830,0.683958,0,0
32831,0.683979,0,0
32832,0.684,0,0
32833,0.684021,0,0
32834,0.684042,0,0
32835,0.684062,0,0
32836,0.684083,0,0
32837,0.684104,0,0
32838,0.684125,0,0
32839,0.684146,0,0
32840,0.684167,0,0
32841,0.684187,0,0
32842,0.684208,0,0
32843,0.684229,0,0
32844,0.68425,0,0
32845,0.684271,0,0
32846,0.684292,0,0
32847,0.684313,0,0
32848,0.684333,0,0
32849,0.684354,0,0
32850,0.684375,0,0
32851,0.684396,0,0
32852,0.684417,0,0
32853,0.684438,0,0
32854,0.684458,0,0
32855,0.684479,0,0
32856,0.6845,0,0
32857,0.684521,0,0
32858,0.684542,0,0
32859,0.684563,0,0
32860,0.684583,0,0
32861,0.684604,0,0
32862,0.684625,0,0
32863,0.684646,0,0
32864,0.684667,0,0
32865,0.684687,0,0
32866,0.684708,0,0
32867,0.684729,0,0
32868,0.68475,0,0
32869,0.684771,0,0
32870,0.684792,0,0
32871,0.684812,0,0
32872,0.684833,0,0
32873,0.684854,0,0
32874,0.684875,0,0
32875,0.684896,0,0
32876,0.684917,0,0
32877,0.684937,0,0
32878,0.684958,0,0
32879,0.684979,0,0
32880,0.685,0,0
32881,0.685021,0,0
32882,0.685042,0,0
32883,0.685063,0,0
32884,0.685083,0,0
32885,0.685104,0,0
32886,0.685125,0,0
32887,0.685146,0,0
32888,0.685167,0,0
32889,0.685188,0,0
32890,0.685208,0,0
32891,0.685229,0,0
32892,0.68525,0,0
32893,0.685271,0,0
32894,0.685292,0,0
32895,0.685313,0,0
32896,0.685333,0,0
32897,0.685354,0,0
32898,0.685375,0,0
32899,0.685396,0,0
32900,0.685417,0,0
32901,0.685438,0,0
32902,0.685458,0,0
32903,0.685479,0,0
32904,0.6855,0,0
32905,0.685521,0,0
32906,0.685542,0,0
32907,0.685562,0,0
32908,0.685583,0,0
32909,0.685604,0,0
32910,0.685625,0,0
32911,0.685646,0,0
32912,0.685667,0,0
32913,0.685687,0,0
32914,0.685708,0,0
32915,0.685729,0,0
32916,0.68575,0,0
32917,0.685771,0,0
32918,0.685792,0,0
32919,0.685812,0,0
32920,0.685833,0,0
32921,0.685854,0,0
32922,0.685875,0,0
32923,0.685896,0,0
32924,0.685917,0,0
32925,0.685938,0,0
32926,0.685958,0,0
32927,0.685979,0,0
32928,0.686,0,0
32929,0.686021,0,0
32930,0.686042,0,0
32931,0.686063,0,0
32932,0.686083,0,0
32933,0.686104,0,0
32934,0.686125,0,0
32935,0.686146,0,0
32936,0.686167,0,0
32937,0.686188,0,0
32938,0.686208,0,0
32939,0.686229,0,0
32940,0.68625,0,0
32941,0.686271,0,0
32942,0.686292,0,0
32943,0.686312,0,0
32944,0.686333,0,0
32945,0.686354,0,0
32946,0.686375,0,0
32947,0.686396,0,0
32948,0.686417,0,0
32949,0.686437,0,0
32950,0.686458,0,0
32951,0.686479,0,0
32952,0.6865,0,0
32953,0.686521,0,0
32954,0.686542,0,0
32955,0.686562,0,0
32956,0.686583,0,0
32957,0.686604,0,0
32958,0.686625,0,0
32959,0.686646,0,0
32960,0.686667,0,0
32961,0.686688,0,0
32962,0.686708,0,0
32963,0.686729,0,0
32964,0.68675,0,0
32965,0.686771,0,0
32966,0.686792,0,0
32967,0.686813,0,0
32968,0.686833,0,0
32969,0.686854,0,0
32970,0.686875,0,0
32971,0.686896,0,0
32972,0.686917,0,0
32973,0.686938,0,0
32974,0.686958,0,0
32975,0.686979,0,0
32976,0.687,0,0
32977,0.687021,0,0
32978,0.687042,0,0
32979,0.687063,0,0
32980,0.687083,0,0
32981,0.687104,0,0
32982,0.687125,0,0
32983,0.687146,0,0
32984,0.687167,0,0
32985,0.687187,0,0
32986,0.687208,0,0
32987,0.687229,0,0
32988,0.68725,0,0
32989,0.687271,0,0
32990,0.687292,0,0
32991,0.687312,0,0
32992,0.687333,0,0
32993,0.687354,0,0
32994,0.687375,0,0
32995,0.687396,0,0
32996,0.687417,0,0
32997,0.687437,0,0
32998,0.687458,0,0
32999,0.687479,0,0
33000,0.6875,0,0
33001,0.687521,0,0
33002,0.687542,0,0
33003,0.687563,0,0
33004,0.687583,0,0
33005,0.687604,0,0
33006,0.687625,0,0
33007,0.687646,0,0
33008,0.687667,0,0
33009,0.687688,0,0
33010,0.687708,0,0
33011,0.687729,0,0
33012,0.68775,0,0
33013,0.687771,0,0
33014,0.687792,0,0
33015,0.687813,0,0
33016,0.687833,0,0
33017,0.687854,0,0
33018,0.687875,0,0
33019,0.687896,0,0
33020,0.687917,0,0
33021,0.687937,0,0
33022,0.687958,0,0
33023,0.687979,0,0
33024,0.688,0,0
33025,0.688021,0,0
33026,0.688042,0,0
33027,0.688062,0,0
33028,0.688083,0,0
33029,0.688104,0,0
33030,0.688125,0,0
33031,0.688146,0,0
33032,0.688167,0,0
33033,0.688187,0,0
33034,0.688208,0,0
33035,0.688229,0,0
33036,0.68825,0,0
33037,0.688271,0,0
33038,0.688292,0,0
33039,0.688312,0,0
33040,0.688333,0,0
33041,0.688354,0,0
33042,0.688375,0,0
33043,0.688396,0,0
33044,0.688417,0,0
33045,0.688438,0,0
33046,0.688458,0,0
33047,0.688479,0,0
33048,0.6885,0,0
33049,0.688521,0,0
33050,0.688542,0,0
33051,0.688563,0,0
33052,0.688583,0,0
33053,0.688604,0,0
33054,0.688625,0,0
33055,0.688646,0,0
33056,0.688667,0,0
33057,0.688688,0,0
33058,0.688708,0,0
33059,0.688729,0,0
33060,0.68875,0,0
33061,0.688771,0,0
33062,0.688792,0,0
33063,0.688812,0,0
33064,0.688833,0,0
33065,0.688854,0,0
33066,0.688875,0,0
33067,0.688896,0,0
33068,0.688917,0,0
33069,0.688937,0,0
33070,0.688958,0,0
33071,0.688979,0,0
33072,0.689,0,0
33073,0.689021,0,0
33074,0.689042,0,0
33075,0.689062,0,0
33076,0.689083,0,0
33077,0.689104,0,0
33078,0.689125,0,0
33079,0.689146,0,0
33080,0.689167,0,0
33081,0.689188,0,0
33082,0.689208,0,0
33083,0.689229,0,0
33084,0.68925,0,0
33085,0.689271,0,0
33086,0.689292,0,0
33087,0.689313,0,0
33088,0.689333,0,0
33089,0.689354,0,0
33090,0.689375,0,0
33091,0.689396,0,0
33092,0.689417,0,0
33093,0.689438,0,0
33094,0.689458,0,0
33095,0.689479,0,0
33096,0.6895,0,0
33097,0.689521,0,0
33098,0.689542,0,0
33099,0.689562,0,0
33100,0.689583,0,0
33101,0.689604,0,0
33102,0.689625,0,0
33103,0.689646,0,0
33104,0.689667,0,0
33105,0.689687,0,0
33106,0.689708,0,0
33107,0.689729,0,0
33108,0.68975,0,0
33109,0.689771,0,0
33110,0.689792,0,0
33111,0.689812,0,0
33112,0.689833,0,0
33113,0.689854,0,0
33114,0.689875,0,0
33115,0.689896,0,0
33116,0.689917,0,0
33117,0.689937,0,0
33118,0.689958,0,0
33119,0.689979,0,0
33120,0.69,0,0
33121,0.690021,0,0
33122,0.690042,0,0
33123,0.690063,0,0
33124,0.690083,0,0
33125,0.690104,0,0
33126,0.690125,0,0
33127,0.690146,0,0
33128,0.690167,0,0
33129,0.690188,0,0
33130,0.690208,0,0
33131,0.690229,0,0
33132,0.69025,0,0
33133,0.690271,0,0
33134,0.690292,0,0
33135,0.690313,0,0
33136,0.690333,0,0
33137,0.690354,0,0
33138,0.690375,0,0
33139,0.690396,0,0
33140,0.690417,0,0
33141,0.690437,0,0
33142,0.690458,0,0
33143,0.690479,0,0
33144,0.6905,0,0
33145,0.690521,0,0
33146,0.690542,0,0
33147,0.690562,0,0
33148,0.690583,0,0
33149,0.690604,0,0
33150,0.690625,0,0
33151,0.690646,0,0
33152,0.690667,0,0
33153,0.690687,0,0
33154,0.690708,0,0
33155,0.690729,0,0
33156,0.69075,0,0
33157,0.690771,0,0
33158,0.690792,0,0
33159,0.690813,0,0
33160,0.690833,0,0
33161,0.690854,0,0
33162,0.690875,0,0
33163,0.690896,0,0
33164,0.690917,0,0
33165,0.690938,0,0
33166,0.690958,0,0
33167,0.690979,0,0
33168,0.691,0,0
33169,0.691021,0,0
33170,0.691042,0,0
33171,0.691063,0,0
33172,0.691083,0,0
33173,0.691104,0,0
33174,0.691125,0,0
33175,0.691146,0,0
33176,0.691167,0,0
33177,0.691188,0,0
33178,0.691208,0,0
33179,0.691229,0,0
33180,0.69125,0,0
33181,0.691271,0,0
33182,0.691292,0,0
33183,0.691312,0,0
33184,0.691333,0,0
33185,0.691354,0,0
33186,0.691375,0,0
33187,0.691396,0,0
33188,0.691417,0,0
33189,0.691437,0,0
33190,0.691458,0,0
33191,0.691479,0,0
33192,0.6915,0,0
33193,0.691521,0,0
33194,0.691542,0,0
33195,0.691562,0,0
33196,0.691583,0,0
33197,0.691604,0,0
33198,0.691625,0,0
33199,0.691646,0,0
33200,0.691667,0,0
33201,0.691688,0,0
33202,0.691708,0,0
33203,0.691729,0,0
33204,0.69175,0,0
33205,0.691771,0,0
33206,0.691792,0,0
33207,0.691813,0,0
33208,0.691833,0,0
33209,0.691854,0,0
33210,0.691875,0,0
33211,0.691896,0,0
33212,0.691917,0,0
33213,0.691938,0,0
33214,0.691958,0,0
33215,0.691979,0,0
33216,0.692,0,0
33217,0.692021,0,0
33218,0.692042,0,0
33219,0.692062,0,0
33220,0.692083,0,0
33221,0.692104,0,0
33222,0.692125,0,0
33223,0.692146,0,0
33224,0.692167,0,0
33225,0.692187,0,0
33226,0.692208,0,0
33227,0.692229,0,0
33228,0.69225,0,0
33229,0.692271,0,0
33230,0.692292,0,0
33231,0.692312,0,0
33232,0.692333,0,0
33233,0.692354,0,0
33234,0.692375,0,0
33235,0.692396,0,0
33236,0.692417,0,0
33237,0.692438,0,0
33238,0.692458,0,0
33239,0.692479,0,0
33240,0.6925,0,0
33241,0.692521,0,0
33242,0.692542,0,0
33243,0.692563,0,0
33244,0.692583,0,0
33245,0.692604,0,0
33246,0.692625,0,0
33247,0.692646,0,0
33248,0.692667,0,0
33249,0.692688,0,0
33250,0.692708,0,0
33251,0.692729,0,0
33252,0.69275,0,0
33253,0.692771,0,0
33254,0.692792,0,0
33255,0.692813,0,0
33256,0.692833,0,0
33257,0.692854,0,0
33258,0.692875,0,0
33259,0.692896,0,0
33260,0.692917,0,0
33261,0.692937,0,0
33262,0.692958,0,0
33263,0.692979,0,0
33264,0.693,0,0
33265,0.693021,0,0
33266,0.693042,0,0
33267,0.693062,0,0
33268,0.693083,0,0
33269,0.693104,0,0
33270,0.693125,0,0
33271,0.693146,0,0
33272,0.693167,0,0
33273,0.693187,0,0
33274,0.693208,0,0
33275,0.693229,0,0
33276,0.69325,0,0
33277,0.693271,0,0
33278,0.693292,0,0
33279,0.693313,0,0
33280,0.693333,0,0
33281,0.693354,0,0
33282,0.693375,0,0
33283,0.693396,0,0
33284,0.693417,0,0
33285,0.693438,0,0
33286,0.693458,0,0
33287,0.693479,0,0
33288,0.6935,0,0
33289,0.693521,0,0
33290,0.693542,0,0
33291,0.693563,0,0
33292,0.693583,0,0
33293,0.693604,0,0
33294,0.693625,0,0
33295,0.693646,0,0
33296,0.693667,0,0
33297,0.693687,0,0
33298,0.693708,0,0
33299,0.693729,0,0
33300,0.69375,0,0
33301,0.693771,0,0
33302,0.693792,0,0
33303,0.693812,0,0
33304,0.693833,0,0
33305,0.693854,0,0
33306,0.693875,0,0
33307,0.693896,0,0
33308,0.693917,0,0
33309,0.693937,0,0
33310,0.693958,0,0
33311,0.693979,0,0
33312,0.694,0,0
33313,0.694021,0,0
33314,0.694042,0,0
33315,0.694062,0,0
33316,0.694083,0,0
33317,0.694104,0,0
33318,0.694125,0,0
33319,0.694146,0,0
33320,0.694167,0,0
33321,0.694188,0,0
33322,0.694208,0,0
33323,0.694229,0,0
33324,0.69425,0,0
33325,0.694271,0,0
33326,0.694292,0,0
33327,0.694313,0,0
33328,0.694333,0,0
33329,0.694354,0,0
33330,0.694375,0,0
33331,0.694396,0,0
33332,0.694417,0,0
33333,0.694438,0,0
33334,0.694458,0,0
33335,0.694479,0,0
33336,0.6945,0,0
33337,0.694521,0,0
33338,0.694542,0,0
33339,0.694562,0,0
33340,0.694583,0,0
33341,0.694604,0,0
33342,0.694625,0,0
33343,0.694646,0,0
33344,0.694667,0,0
33345,0.694687,0,0
33346,0.694708,0,0
33347,0.694729,0,0
33348,0.69475,0,0
33349,0.694771,0,0
33350,0.694792,0,0
33351,0.694812,0,0
33352,0.694833,0,0
33353,0.694854,0,0
33354,0.694875,0,0
33355,0.694896,0,0
33356,0.694917,0,0
33357,0.694938,0,0
33358,0.694958,0,0
33359,0.694979,0,0
33360,0.695,0,0
33361,0.695021,0,0
33362,0.695042,0,0
33363,0.695063,0,0
33364,0.695083,0,0
33365,0.695104,0,0
33366,0.695125,0,0
33367,0.695146,0,0
33368,0.695167,0,0
33369,0.695188,0,0
33370,0.695208,0,0
33371,0.695229,0,0
33372,0.69525,0,0
33373,0.695271,0,0
33374,0.695292,0,0
33375,0.695312,0,0
33376,0.695333,0,0
33377,0.695354,0,0
33378,0.695375,0,0
33379,0.695396,0,0
33380,0.695417,0,0
33381,0.695437,0,0
33382,0.695458,0,0
33383,0.695479,0,0
33384,0.6955,0,0
33385,0.695521,0,0
33386,0.695542,0,0
33387,0.695562,0,0
33388,0.695583,0,0
33389,0.695604,0,0
33390,0.695625,0,0
33391,0.695646,0,0
33392,0.695667,0,0
33393,0.695687,0,0
33394,0.695708,0,0
33395,0.695729,0,0
33396,0.69575,0,0
33397,0.695771,0,0
33398,0.695792,0,0
33399,0.695813,0,0
33400,0.695833,0,0
33401,0.695854,0,0
33402,0.695875,0,0
33403,0.695896,0,0
33404,0.695917,0,0
33405,0.695938,0,0
33406,0.695958,0,0
33407,0.695979,0,0
33408,0.696,0,0
33409,0.696021,0,0
33410,0.696042,0,0
33411,0.696063,0,0
33412,0.696083,0,0
33413,0.696104,0,0
33414,0.696125,0,0
33415,0.696146,0,0
33416,0.696167,0,0
33417,0.696187,0,0
33418,0.696208,0,0
33419,0.696229,0,0
33420,0.69625,0,0
33421,0.696271,0,0
33422,0.696292,0,0
33423,0.696312,0,0
33424,0.696333,0,0
33425,0.696354,0,0
33426,0.696375,0,0
33427,0.696396,0,0
33428,0.696417,0,0
33429,0.696437,0,0
33430,0.696458,0,0
33431,0.696479,0,0
33432,0.6965,0,0
33433,0.696521,0,0
33434,0.696542,0,0
33435,0.696563,0,0
33436,0.696583,0,0
33437,0.696604,0,0
33438,0.696625,0,0
33439,0.696646,0,0
33440,0.696667,0,0
33441,0.696688,0,0
33442,0.696708,0,0
33443,0.696729,0,0
33444,0.69675,0,0
33445,0.696771,0,0
33446,0.696792,0,0
33447,0.696813,0,0
33448,0.696833,0,0
33449,0.696854,0,0
33450,0.696875,0,0
33451,0.696896,0,0
33452,0.696917,0,0
33453,0.696938,0,0
33454,0.696958,0,0
33455,0.696979,0,0
33456,0.697,0,0
33457,0.697021,0,0
33458,0.697042,0,0
33459,0.697062,0,0
33460,0.697083,0,0
33461,0.697104,0,0
33462,0.697125,0,0
33463,0.697146,0,0
33464,0.697167,0,0
33465,0.697187,0,0
33466,0.697208,0,0
33467,0.697229,0,0
33468,0.69725,0,0
33469,0.697271,0,0
33470,0.697292,0,0
33471,0.697312,0,0
33472,0.697333,0,0
33473,0.697354,0,0
33474,0.697375,0,0
33475,0.697396,0,0
33476,0.697417,0,0
33477,0.697438,0,0
33478,0.697458,0,0
33479,0.697479,0,0
33480,0.6975,0,0
33481,0.697521,0,0
33482,0.697542,0,0
33483,0.697563,0,0
33484,0.697583,0,0
33485,0.697604,0,0
33486,0.697625,0,0
33487,0.697646,0,0
33488,0.697667,0,0
33489,0.697688,0,0
33490,0.697708,0,0
33491,0.697729,0,0
33492,0.69775,0,0
33493,0.697771,0,0
33494,0.697792,0,0
33495,0.697812,0,0
33496,0.697833,0,0
33497,0.697854,0,0
33498,0.697875,0,0
33499,0.697896,0,0
33500,0.697917,0,0
33501,0.697937,0,0
33502,0.697958,0,0
33503,0.697979,0,0
33504,0.698,0,0
33505,0.698021,0,0
33506,0.698042,0,0
33507,0.698062,0,0
33508,0.698083,0,0
33509,0.698104,0,0
33510,0.698125,0,0
33511,0.698146,0,0
33512,0.698167,0,0
33513,0.698187,0,0
33514,0.698208,0,0
33515,0.698229,0,0
33516,0.69825,0,0
33517,0.698271,0,0
33518,0.698292,0,0
33519,0.698313,0,0
33520,0.698333,0,0
33521,0.698354,0,0
33522,0.698375,0,0
33523,0.698396,0,0
33524,0.698417,0,0
33525,0.698438,0,0
33526,0.698458,0,0
33527,0.698479,0,0
33528,0.6985,0,0
33529,0.698521,0,0
33530,0.698542,0,0
33531,0.698563,0,0
33532,0.698583,0,0
33533,0.698604,0,0
33534,0.698625,0,0
33535,0.698646,0,0
33536,0.698667,0,0
33537,0.698687,0,0
33538,0.698708,0,0
33539,0.698729,0,0
33540,0.69875,0,0
33541,0.698771,0,0
33542,0.698792,0,0
33543,0.698812,0,0
33544,0.698833,0,0
33545,0.698854,0,0
33546,0.698875,0,0
33547,0.698896,0,0
33548,0.698917,0,0
33549,0.698937,0,0
33550,0.698958,0,0
33551,0.698979,0,0
33552,0.699,0,0
33553,0.699021,0,0
33554,0.699042,0,0
33555,0.699063,0,0
33556,0.699083,0,0
33557,0.699104,0,0
33558,0.699125,0,0
33559,0.699146,0,0
33560,0.699167,0,0
33561,0.699188,0,0
33562,0.699208,0,0
33563,0.699229,0,0
33564,0.69925,0,0
33565,0.699271,0,0
33566,0.699292,0,0
33567,0.699313,0,0
33568,0.699333,0,0
33569,0.699354,0,0
33570,0.699375,0,0
33571,0.699396,0,0
33572,0.699417,0,0
33573,0.699437,0,0
33574,0.699458,0,0
33575,0.699479,0,0
33576,0.6995,0,0
33577,0.699521,0,0
33578,0.699542,0,0
33579,0.699562,0,0
33580,0.699583,0,0
33581,0.699604,0,0
33582,0.699625,0,0
33583,0.699646,0,0
33584,0.699667,0,0
33585,0.699687,0,0
33586,0.699708,0,0
33587,0.699729,0,0
33588,0.69975,0,0
33589,0.699771,0,0
33590,0.699792,0,0
33591,0.699812,0,0
33592,0.699833,0,0
33593,0.699854,0,0
33594,0.699875,0,0
33595,0.699896,0,0
33596,0.699917,0,0
33597,0.699938,0,0
33598,0.699958,0,0
33599,0.699979,0,0
33600,0.7,0,0
33601,0.700021,0,0
33602,0.700042,0,0
33603,0.700063,0,0
33604,0.700083,0,0
33605,0.700104,0,0
33606,0.700125,0,0
33607,0.700146,0,0
33608,0.700167,0,0
33609,0.700188,0,0
33610,0.700208,0,0
33611,0.700229,0,0
33612,0.70025,0,0
33613,0.700271,0,0
33614,0.700292,0,0
33615,0.700312,0,0
33616,0.700333,0,0
33617,0.700354,0,0
33618,0.700375,0,0
33619,0.700396,0,0
33620,0.700417,0,0
33621,0.700437,0,0
33622,0.700458,0,0
33623,0.700479,0,0
33624,0.7005,0,0
33625,0.700521,0,0
33626,0.700542,0,0
33627,0.700562,0,0
33628,0.700583,0,0
33629,0.700604,0,0
33630,0.700625,0,0
33631,0.700646,0,0
33632,0.700667,0,0
33633,0.700688,0,0
33634,0.700708,0,0
33635,0.700729,0,0
33636,0.70075,0,0
33637,0.700771,0,0
33638,0.700792,0,0
33639,0.700813,0,0
33640,0.700833,0,0
33641,0.700854,0,0
33642,0.700875,0,0
33643,0.700896,0,0
33644,0.700917,0,0
33645,0.700938,0,0
33646,0.700958,0,0
33647,0.700979,0,0
33648,0.701,0,0
33649,0.701021,0,0
33650,0.701042,0,0
33651,0.701063,0,0
33652,0.701083,0,0
33653,0.701104,0,0
33654,0.701125,0,0
33655,0.701146,0,0
33656,0.701167,0,0
33657,0.701187,0,0
33658,0.701208,0,0
33659,0.701229,0,0
33660,0.70125,0,0
33661,0.701271,0,0
33662,0.701292,0,0
33663,0.701312,0,0
33664,0.701333,0,0
33665,0.701354,0,0
33666,0.701375,0,0
33667,0.701396,0,0
33668,0.701417,0,0
33669,0.701437,0,0
33670,0.701458,0,0
33671,0.701479,0,0
33672,0.7015,0,0
33673,0.701521,0,0
33674,0.701542,0,0
33675,0.701563,0,0
33676,0.701583,0,0
33677,0.701604,0,0
33678,0.701625,0,0
33679,0.701646,0,0
33680,0.701667,0,0
33681,0.701688,0,0
33682,0.701708,0,0
33683,0.701729,0,0
33684,0.70175,0,0
33685,0.701771,0,0
33686,0.701792,0,0
33687,0.701813,0,0
33688,0.701833,0,0
33689,0.701854,0,0
33690,0.701875,0,0
33691,0.701896,0,0
33692,0.701917,0,0
33693,0.701937,0,0
33694,0.701958,0,0
33695,0.701979,0,0
33696,0.702,0,0
33697,0.702021,0,0
33698,0.702042,0,0
33699,0.702062,0,0
33700,0.702083,0,0
33701,0.702104,0,0
33702,0.702125,0,0
33703,0.702146,0,0
33704,0.702167,0,0
33705,0.702187,0,0
33706,0.702208,0,0
33707,0.702229,0,0
33708,0.70225,0,0
33709,0.702271,0,0
33710,0.702292,0,0
33711,0.702313,0,0
33712,0.702333,0,0
33713,0.702354,0,0
33714,0.702375,0,0
33715,0.702396,0,0
33716,0.702417,0,0
33717,0.702438,0,0
33718,0.702458,0,0
33719,0.702479,0,0
33720,0.7025,0,0
33721,0.702521,0,0
33722,0.702542,0,0
33723,0.702563,0,0
33724,0.702583,0,0
33725,0.702604,0,0
33726,0.702625,0,0
33727,0.702646,0,0
33728,0.702667,0,0
33729,0.702688,0,0
33730,0.702708,0,0
33731,0.702729,0,0
33732,0.70275,0,0
33733,0.702771,0,0
33734,0.702792,0,0
33735,0.702812,0,0
33736,0.702833,0,0
33737,0.702854,0,0
33738,0.702875,0,0
33739,0.702896,0,0
33740,0.702917,0,0
33741,0.702937,0,0
33742,0.702958,0,0
33743,0.702979,0,0
33744,0.703,0,0
33745,0.703021,0,0
33746,0.703042,0,0
33747,0.703062,0,0
33748,0.703083,0,0
33749,0.703104,0,0
33750,0.703125,0,0
33751,0.703146,0,0
33752,0.703167,0,0
33753,0.703188,0,0
33754,0.703208,0,0
33755,0.703229,0,0
33756,0.70325,0,0
33757,0.703271,0,0
33758,0.703292,0,0
33759,0.703313,0,0
33760,0.703333,0,0
33761,0.703354,0,0
33762,0.703375,0,0
33763,0.703396,0,0
33764,0.703417,0,0
33765,0.703438,0,0
33766,0.703458,0,0
33767,0.703479,0,0
33768,0.7035,0,0
33769,0.703521,0,0
33770,0.703542,0,0
33771,0.703562,0,0
33772,0.703583,0,0
33773,0.703604,0,0
33774,0.703625,0,0
33775,0.703646,0,0
33776,0.703667,0,0
33777,0.703687,0,0
33778,0.703708,0,0
33779,0.703729,0,0
33780,0.70375,0,0
33781,0.703771,0,0
33782,0.703792,0,0
33783,0.703812,0,0
33784,0.703833,0,0
33785,0.703854,0,0
33786,0.703875,0,0
33787,0.703896,0,0
33788,0.703917,0,0
33789,0.703937,0,0
33790,0.703958,0,0
33791,0.703979,0,0
33792,0.704,0,0
33793,0.704021,0,0
33794,0.704042,0,0
33795,0.704063,0,0
33796,0.704083,0,0
33797,0.704104,0,0
33798,0.704125,0,0
33799,0.704146,0,0
33800,0.704167,0,0
33801,0.704188,0,0
33802,0.704208,0,0
33803,0.704229,0,0
33804,0.70425,0,0
33805,0.704271,0,0
33806,0.704292,0,0
33807,0.704313,0,0
33808,0.704333,0,0
33809,0.704354,0,0
33810,0.704375,0,0
33811,0.704396,0,0
33812,0.704417,0,0
33813,0.704437,0,0
33814,0.704458,0,0
33815,0.704479,0,0
33816,0.7045,0,0
33817,0.704521,0,0
33818,0.704542,0,0
33819,0.704562,0,0
33820,0.704583,0,0
33821,0.704604,0,0
33822,0.704625,0,0
33823,0.704646,0,0
33824,0.704667,0,0
33825,0.704687,0,0
33826,0.704708,0,0
33827,0.704729,0,0
33828,0.70475,0,0
33829,0.704771,0,0
33830,0.704792,0,0
33831,0.704813,0,0
33832,0.704833,0,0
33833,0.704854,0,0
33834,0.704875,0,0
33835,0.704896,0,0
33836,0.704917,0,0
33837,0.704938,0,0
33838,0.704958,0,0
33839,0.704979,0,0
33840,0.705,0,0
33841,0.705021,0,0
33842,0.705042,0,0
33843,0.705063,0,0
33844,0.705083,0,0
33845,0.705104,0,0
33846,0.705125,0,0
33847,0.705146,0,0
33848,0.705167,0,0
33849,0.705187,0,0
33850,0.705208,0,0
33851,0.705229,0,0
33852,0.70525,0,0
33853,0.705271,0,0
33854,0.705292,0,0
33855,0.705312,0,0
33856,0.705333,0,0
33857,0.705354,0,0
33858,0.705375,0,0
33859,0.705396,0,0
33860,0.705417,0,0
33861,0.705437,0,0
33862,0.705458,0,0
33863,0.705479,0,0
33864,0.7055,0,0
33865,0.705521,0,0
33866,0.705542,0,0
33867,0.705562,0,0
33868,0.705583,0,0
33869,0.705604,0,0
33870,0.705625,0,0
33871,0.705646,0,0
33872,0.705667,0,0
33873,0.705688,0,0
33874,0.705708,0,0
33875,0.705729,0,0
33876,0.70575,0,0
33877,0.705771,0,0
33878,0.705792,0,0
33879,0.705813,0,0
33880,0.705833,0,0
33881,0.705854,0,0
33882,0.705875,0,0
33883,0.705896,0,0
33884,0.705917,0,0
33885,0.705938,0,0
33886,0.705958,0,0
33887,0.705979,0,0
33888,0.706,0,0
33889,0.706021,0,0
33890,0.706042,0,0
33891,0.706062,0,0
33892,0.706083,0,0
33893,0.706104,0,0
33894,0.706125,0,0
33895,0.706146,0,0
33896,0.706167,0,0
33897,0.706187,0,0
33898,0.706208,0,0
33899,0.706229,0,0
33900,0.70625,0,0
33901,0.706271,0,0
33902,0.706292,0,0
33903,0.706312,0,0
33904,0.706333,0,0
33905,0.706354,0,0
33906,0.706375,0,0
33907,0.706396,0,0
33908,0.706417,0,0
33909,0.706438,0,0
33910,0.706458,0,0
33911,0.706479,0,0
33912,0.7065,0,0
33913,0.706521,0,0
33914,0.706542,0,0
33915,0.706563,0,0
33916,0.706583,0,0
33917,0.706604,0,0
33918,0.706625,0,0
33919,0.706646,0,0
33920,0.706667,0,0
33921,0.706688,0,0
33922,0.706708,0,0
33923,0.706729,0,0
33924,0.70675,0,0
33925,0.706771,0,0
33926,0.706792,0,0
33927,0.706813,0,0
33928,0.706833,0,0
33929,0.706854,0,0
33930,0.706875,0,0
33931,0.706896,0,0
33932,0.706917,0,0
33933,0.706937,0,0
33934,0.706958,0,0
33935,0.706979,0,0
33936,0.707,0,0
33937,0.707021,0,0
33938,0.707042,0,0
33939,0.707062,0,0
33940,0.707083,0,0
33941,0.707104,0,0
33942,0.707125,0,0
33943,0.707146,0,0
33944,0.707167,0,0
33945,0.707187,0,0
33946,0.707208,0,0
33947,0.707229,0,0
33948,0.70725,0,0
33949,0.707271,0,0
33950,0.707292,0,0
33951,0.707313,0,0
33952,0.707333,0,0
33953,0.707354,0,0
33954,0.707375,0,0
33955,0.707396,0,0
33956,0.707417,0,0
33957,0.707438,0,0
33958,0.707458,0,0
33959,0.707479,0,0
33960,0.7075,0,0
33961,0.707521,0,0
33962,0.707542,0,0
33963,0.707563,0,0
33964,0.707583,0,0
33965,0.707604,0,0
33966,0.707625,0,0
33967,0.707646,0,0
33968,0.707667,0,0
33969,0.707687,0,0
33970,0.707708,0,0
33971,0.707729,0,0
33972,0.70775,0,0
33973,0.707771,0,0
33974,0.707792,0,0
33975,0.707812,0,0
33976,0.707833,0,0
33977,0.707854,0,0
33978,0.707875,0,0
33979,0.707896,0,0
33980,0.707917,0,0
33981,0.707937,0,0
33982,0.707958,0,0
33983,0.707979,0,0
33984,0.708,0,0
33985,0.708021,0,0
33986,0.708042,0,0
33987,0.708063,0,0
33988,0.708083,0,0
33989,0.708104,0,0
33990,0.708125,0,0
33991,0.708146,0,0
33992,0.708167,0,0
33993,0.708188,0,0
33994,0.708208,0,0
33995,0.708229,0,0
33996,0.70825,0,0
33997,0.708271,0,0
33998,0.708292,0,0
33999,0.708313,0,0
34000,0.708333,0,0
34001,0.708354,0,0
34002,0.708375,0,0
34003,0.708396,0,0
34004,0.708417,0,0
34005,0.708438,0,0
34006,0.708458,0,0
34007,0.708479,0,0
34008,0.7085,0,0
34009,0.708521,0,0
34010,0.708542,0,0
34011,0.708562,0,0
34012,0.708583,0,0
34013,0.708604,0,0
34014,0.708625,0,0
34015,0.708646,0,0
34016,0.708667,0,0
34017,0.708687,0,0
34018,0.708708,0,0
34019,0.708729,0,0
34020,0.70875,0,0
34021,0.708771,0,0
34022,0.708792,0,0
34023,0.708812,0,0
34024,0.708833,0,0
34025,0.708854,0,0
34026,0.708875,0,0
34027,0.708896,0,0
34028,0.708917,0,0
34029,0.708938,0,0
34030,0.708958,0,0
34031,0.708979,0,0
34032,0.709,0,0
34033,0.709021,0,0
34034,0.709042,0,0
34035,0.709063,0,0
34036,0.709083,0,0
34037,0.709104,0,0
34038,0.709125,0,0
34039,0.709146,0,0
34040,0.709167,0,0
34041,0.709188,0,0
34042,0.709208,0,0
34043,0.709229,0,0
34044,0.70925,0,0
34045,0.709271,0,0
34046,0.709292,0,0
34047,0.709312,0,0
34048,0.709333,0,0
34049,0.709354,0,0
34050,0.709375,0,0
34051,0.709396,0,0
34052,0.709417,0,0
34053,0.709437,0,0
34054,0.709458,0,0
34055,0.709479,0,0
34056,0.7095,0,0
34057,0.709521,0,0
34058,0.709542,0,0
34059,0.709562,0,0
34060,0.709583,0,0
34061,0.709604,0,0
34062,0.709625,0,0
34063,0.709646,0,0
34064,0.709667,0,0
34065,0.709687,0,0
34066,0.709708,0,0
34067,0.709729,0,0
34068,0.70975,0,0
34069,0.709771,0,0
34070,0.709792,0,0
34071,0.709813,0,0
34072,0.709833,0,0
34073,0.709854,0,0
34074,0.709875,0,0
34075,0.709896,0,0
34076,0.709917,0,0
34077,0.709938,0,0
34078,0.709958,0,0
34079,0.709979,0,0
34080,0.71,0,0
34081,0.710021,0,0
34082,0.710042,0,0
34083,0.710063,0,0
34084,0.710083,0,0
34085,0.710104,0,0
34086,0.710125,0,0
34087,0.710146,0,0
34088,0.710167,0,0
34089,0.710187,0,0
34090,0.710208,0,0
34091,0.710229,0,0
34092,0.71025,0,0
34093,0.710271,0,0
34094,0.710292,0,0
34095,0.710312,0,0
34096,0.710333,0,0
34097,0.710354,0,0
34098,0.710375,0,0
34099,0.710396,0,0
34100,0.710417,0,0
34101,0.710437,0,0
34102,0.710458,0,0
34103,0.710479,0,0
34104,0.7105,0,0
34105,0.710521,0,0
34106,0.710542,0,0
34107,0.710563,0,0
34108,0.710583,0,0
34109,0.710604,0,0
34110,0.710625,0,0
34111,0.710646,0,0
34112,0.710667,0,0
34113,0.710688,0,0
34114,0.710708,0,0
34115,0.710729,0,0
34116,0.71075,0,0
34117,0.710771,0,0
34118,0.710792,0,0
34119,0.710813,0,0
34120,0.710833,0,0
34121,0.710854,0,0
34122,0.710875,0,0
34123,0.710896,0,0
34124,0.710917,0,0
34125,0.710938,0,0
34126,0.710958,0,0
34127,0.710979,0,0
34128,0.711,0,0
34129,0.711021,0,0
34130,0.711042,0,0
34131,0.711062,0,0
34132,0.711083,0,0
34133,0.711104,0,0
34134,0.711125,0,0
34135,0.711146,0,0
34136,0.711167,0,0
34137,0.711187,0,0
34138,0.711208,0,0
34139,0.711229,0,0
34140,0.71125,0,0
34141,0.711271,0,0
34142,0.711292,0,0
34143,0.711312,0,0
34144,0.711333,0,0
34145,0.711354,0,0
34146,0.711375,0,0
34147,0.711396,0,0
34148,0.711417,0,0
34149,0.711438,0,0
34150,0.711458,0,0
34151,0.711479,0,0
34152,0.7115,0,0
34153,0.711521,0,0
34154,0.711542,0,0
34155,0.711563,0,0
34156,0.711583,0,0
34157,0.711604,0,0
34158,0.711625,0,0
34159,0.711646,0,0
34160,0.711667,0,0
34161,0.711688,0,0
34162,0.711708,0,0
34163,0.711729,0,0
34164,0.71175,0,0
34165,0.711771,0,0
34166,0.711792,0,0
34167,0.711812,0,0
34168,0.711833,0,0
34169,0.711854,0,0
34170,0.711875,0,0
34171,0.711896,0,0
34172,0.711917,0,0
34173,0.711937,0,0
34174,0.711958,0,0
34175,0.711979,0,0
34176,0.712,0,0
34177,0.712021,0,0
34178,0.712042,0,0
34179,0.712062,0,0
34180,0.712083,0,0
34181,0.712104,0,0
34182,0.712125,0,0
34183,0.712146,0,0
34184,0.712167,0,0
34185,0.712188,0,0
34186,0.712208,0,0
34187,0.712229,0,0
34188,0.71225,0,0
34189,0.712271,0,0
34190,0.712292,0,0
34191,0.712313,0,0
34192,0.712333,0,0
34193,0.712354,0,0
34194,0.712375,0,0
34195,0.712396,0,0
34196,0.712417,0,0
34197,0.712438,0,0
34198,0.712458,0,0
34199,0.712479,0,0
34200,0.7125,0,0
34201,0.712521,0,0
34202,0.712542,0,0
34203,0.712563,0,0
34204,0.712583,0,0
34205,0.712604,0,0
34206,0.712625,0,0
34207,0.712646,0,0
34208,0.712667,0,0
34209,0.712687,0,0
34210,0.712708,0,0
34211,0.712729,0,0
34212,0.71275,0,0
34213,0.712771,0,0
34214,0.712792,0,0
34215,0.712812,0,0
34216,0.712833,0,0
34217,0.712854,0,0
34218,0.712875,0,0
34219,0.712896,0,0
34220,0.712917,0,0
34221,0.712937,0,0
34222,0.712958,0,0
34223,0.712979,0,0
34224,0.713,0,0
34225,0.713021,0,0
34226,0.713042,0,0
34227,0.713063,0,0
34228,0.713083,0,0
34229,0.713104,0,0
34230,0.713125,0,0
34231,0.713146,0,0
34232,0.713167,0,0
34233,0.713188,0,0
34234,0.713208,0,0
34235,0.713229,0,0
34236,0.71325,0,0
34237,0.713271,0,0
34238,0.713292,0,0
34239,0.713313,0,0
34240,0.713333,0,0
34241,0.713354,0,0
34242,0.713375,0,0
34243,0.713396,0,0
34244,0.713417,0,0
34245,0.713437,0,0
34246,0.713458,0,0
34247,0.713479,0,0
34248,0.7135,0,0
34249,0.713521,0,0
34250,0.713542,0,0
34251,0.713562,0,0
34252,0.713583,0,0
34253,0.713604,0,0
34254,0.713625,0,0
34255,0.713646,0,0
34256,0.713667,0,0
34257,0.713687,0,0
34258,0.713708,0,0
34259,0.713729,0,0
34260,0.71375,0,0
34261,0.713771,0,0
34262,0.713792,0,0
34263,0.713812,0,0
34264,0.713833,0,0
34265,0.713854,0,0
34266,0.713875,0,0
34267,0.713896,0,0
34268,0.713917,0,0
34269,0.713938,0,0
34270,0.713958,0,0
34271,0.713979,0,0
34272,0.714,0,0
34273,0.714021,0,0
34274,0.714042,0,0
34275,0.714063,0,0
34276,0.714083,0,0
34277,0.714104,0,0
34278,0.714125,0,0
34279,0.714146,0,0
34280,0.714167,0,0
34281,0.714188,0,0
34282,0.714208,0,0
34283,0.714229,0,0
34284,0.71425,0,0
34285,0.714271,0,0
34286,0.714292,0,0
34287,0.714312,0,0
34288,0.714333,0,0
34289,0.714354,0,0
34290,0.714375,0,0
34291,0.714396,0,0
34292,0.714417,0,0
34293,0.714437,0,0
34294,0.714458,0,0
34295,0.714479,0,0
34296,0.7145,0,0
34297,0.714521,0,0
34298,0.714542,0,0
34299,0.714562,0,0
34300,0.714583,0,0
34301,0.714604,0,0
34302,0.714625,0,0
34303,0.714646,0,0
34304,0.714667,0,0
34305,0.714688,0,0
34306,0.714708,0,0
34307,0.714729,0,0
34308,0.71475,0,0
34309,0.714771,0,0
34310,0.714792,0,0
34311,0.714813,0,0
34312,0.714833,0,0
34313,0.714854,0,0
34314,0.714875,0,0
34315,0.714896,0,0
34316,0.714917,0,0
34317,0.714938,0,0
34318,0.714958,0,0
34319,0.714979,0,0
34320,0.715,0,0
34321,0.715021,0,0
34322,0.715042,0,0
34323,0.715062,0,0
34324,0.715083,0,0
34325,0.715104,0,0
34326,0.715125,0,0
34327,0.715146,0,0
34328,0.715167,0,0
34329,0.715187,0,0
34330,0.715208,0,0
34331,0.715229,0,0
34332,0.71525,0,0
34333,0.715271,0,0
34334,0.715292,0,0
34335,0.715312,0,0
34336,0.715333,0,0
34337,0.715354,0,0
34338,0.715375,0,0
34339,0.715396,0,0
34340,0.715417,0,0
34341,0.715437,0,0
34342,0.715458,0,0
34343,0.715479,0,0
34344,0.7155,0,0
34345,0.715521,0,0
34346,0.715542,0,0
34347,0.715563,0,0
34348,0.715583,0,0
34349,0.715604,0,0
34350,0.715625,0,0
34351,0.715646,0,0
34352,0.715667,0,0
34353,0.715688,0,0
34354,0.715708,0,0
34355,0.715729,0,0
34356,0.71575,0,0
34357,0.715771,0,0
34358,0.715792,0,0
34359,0.715813,0,0
34360,0.715833,0,0
34361,0.715854,0,0
34362,0.715875,0,0
34363,0.715896,0,0
34364,0.715917,0,0
34365,0.715937,0,0
34366,0.715958,0,0
34367,0.715979,0,0
34368,0.716,0,0
34369,0.716021,0,0
34370,0.716042,0,0
34371,0.716062,0,0
34372,0.716083,0,0
34373,0.716104,0,0
34374,0.716125,0,0
34375,0.716146,0,0
34376,0.716167,0,0
34377,0.716187,0,0
34378,0.716208,0,0
34379,0.716229,0,0
34380,0.71625,0,0
34381,0.716271,0,0
34382,0.716292,0,0
34383,0.716313,0,0
34384,0.716333,0,0
34385,0.716354,0,0
34386,0.716375,0,0
34387,0.716396,0,0
34388,0.716417,0,0
34389,0.716438,0,0
34390,0.716458,0,0
34391,0.716479,0,0
34392,0.7165,0,0
34393,0.716521,0,0
34394,0.716542,0,0
34395,0.716563,0,0
34396,0.716583,0,0
34397,0.716604,0,0
34398,0.716625,0,0
34399,0.716646,0,0
34400,0.716667,0,0
34401,0.716688,0,0
34402,0.716708,0,0
34403,0.716729,0,0
34404,0.71675,0,0
34405,0.716771,0,0
34406,0.716792,0,0
34407,0.716812,0,0
34408,0.716833,0,0
34409,0.716854,0,0
34410,0.716875,0,0
34411,0.716896,0,0
34412,0.716917,0,0
34413,0.716937,0,0
34414,0.716958,0,0
34415,0.716979,0,0
34416,0.717,0,0
34417,0.717021,0,0
34418,0.717042,0,0
34419,0.717062,0,0
34420,0.717083,0,0
34421,0.717104,0,0
34422,0.717125,0,0
34423,0.717146,0,0
34424,0.717167,0,0
34425,0.717188,0,0
34426,0.717208,0,0
34427,0.717229,0,0
34428,0.71725,0,0
34429,0.717271,0,0
34430,0.717292,0,0
34431,0.717313,0,0
34432,0.717333,0,0
34433,0.717354,0,0
34434,0.717375,0,0
34435,0.717396,0,0
34436,0.717417,0,0
34437,0.717438,0,0
34438,0.717458,0,0
34439,0.717479,0,0
34440,0.7175,0,0
34441,0.717521,0,0
34442,0.717542,0,0
34443,0.717562,0,0
34444,0.717583,0,0
34445,0.717604,0,0
34446,0.717625,0,0
34447,0.717646,0,0
34448,0.717667,0,0
34449,0.717687,0,0
34450,0.717708,0,0
34451,0.717729,0,0
34452,0.71775,0,0
34453,0.717771,0,0
34454,0.717792,0,0
34455,0.717812,0,0
34456,0.717833,0,0
34457,0.717854,0,0
34458,0.717875,0,0
34459,0.717896,0,0
34460,0.717917,0,0
34461,0.717938,0,0
34462,0.717958,0,0
34463,0.717979,0,0
34464,0.718,0,0
34465,0.718021,0,0
34466,0.718042,0,0
34467,0.718063,0,0
34468,0.718083,0,0
34469,0.718104,0,0
34470,0.718125,0,0
34471,0.718146,0,0
34472,0.718167,0,0
34473,0.718188,0,0
34474,0.718208,0,0
34475,0.718229,0,0
34476,0.71825,0,0
34477,0.718271,0,0
34478,0.718292,0,0
34479,0.718313,0,0
34480,0.718333,0,0
34481,0.718354,0,0
34482,0.718375,0,0
34483,0.718396,0,0
34484,0.718417,0,0
34485,0.718437,0,0
34486,0.718458,0,0
34487,0.718479,0,0
34488,0.7185,0,0
34489,0.718521,0,0
34490,0.718542,0,0
34491,0.718562,0,0
34492,0.718583,0,0
34493,0.718604,0,0
34494,0.718625,0,0
34495,0.718646,0,0
34496,0.718667,0,0
34497,0.718687,0,0
34498,0.718708,0,0
34499,0.718729,0,0
34500,0.71875,0,0
34501,0.718771,0,0
34502,0.718792,0,0
34503,0.718813,0,0
34504,0.718833,0,0
34505,0.718854,0,0
34506,0.718875,0,0
34507,0.718896,0,0
34508,0.718917,0,0
34509,0.718938,0,0
34510,0.718958,0,0
34511,0.718979,0,0
34512,0.719,0,0
34513,0.719021,0,0
34514,0.719042,0,0
34515,0.719063,0,0
34516,0.719083,0,0
34517,0.719104,0,0
34518,0.719125,0,0
34519,0.719146,0,0
34520,0.719167,0,0
34521,0.719187,0,0
34522,0.719208,0,0
34523,0.719229,0,0
34524,0.71925,0,0
34525,0.719271,0,0
34526,0.719292,0,0
34527,0.719312,0,0
34528,0.719333,0,0
34529,0.719354,0,0
34530,0.719375,0,0
34531,0.719396,0,0
34532,0.719417,0,0
34533,0.719437,0,0
34534,0.719458,0,0
34535,0.719479,0,0
34536,0.7195,0,0
34537,0.719521,0,0
34538,0.719542,0,0
34539,0.719562,0,0
34540,0.719583,0,0
34541,0.719604,0,0
34542,0.719625,0,0
34543,0.719646,0,0
34544,0.719667,0,0
34545,0.719688,0,0
34546,0.719708,0,0
34547,0.719729,0,0
34548,0.71975,0,0
34549,0.719771,0,0
34550,0.719792,0,0
34551,0.719813,0,0
34552,0.719833,0,0
34553,0.719854,0,0
34554,0.719875,0,0
34555,0.719896,0,0
34556,0.719917,0,0
34557,0.719938,0,0
34558,0.719958,0,0
34559,0.719979,0,0
34560,0.72,0,0
34561,0.720021,0,0
34562,0.720042,0,0
34563,0.720062,0,0
34564,0.720083,0,0
34565,0.720104,0,0
34566,0.720125,0,0
34567,0.720146,0,0
34568,0.720167,0,0
34569,0.720187,0,0
34570,0.720208,0,0
34571,0.720229,0,0
34572,0.72025,0,0
34573,0.720271,0,0
34574,0.720292,0,0
34575,0.720312,0,0
34576,0.720333,0,0
34577,0.720354,0,0
34578,0.720375,0,0
34579,0.720396,0,0
34580,0.720417,0,0
34581,0.720438,0,0
34582,0.720458,0,0
34583,0.720479,0,0
34584,0.7205,0,0
34585,0.720521,0,0
34586,0.720542,0,0
34587,0.720563,0,0
34588,0.720583,0,0
34589,0.720604,0,0
34590,0.720625,0,0
34591,0.720646,0,0
34592,0.720667,0,0
34593,0.720688,0,0
34594,0.720708,0,0
34595,0.720729,0,0
34596,0.72075,0,0
34597,0.720771,0,0
34598,0.720792,0,0
34599,0.720812,0,0
34600,0.720833,0,0
34601,0.720854,0,0
34602,0.720875,0,0
34603,0.720896,0,0
34604,0.720917,0,0
34605,0.720937,0,0
34606,0.720958,0,0
34607,0.720979,0,0
34608,0.721,0,0
34609,0.721021,0,0
34610,0.721042,0,0
34611,0.721062,0,0
34612,0.721083,0,0
34613,0.721104,0,0
34614,0.721125,0,0
34615,0.721146,0,0
34616,0.721167,0,0
34617,0.721187,0,0
34618,0.721208,0,0
34619,0.721229,0,0
34620,0.72125,0,0
34621,0.721271,0,0
34622,0.721292,0,0
34623,0.721313,0,0
34624,0.721333,0,0
34625,0.721354,0,0
34626,0.721375,0,0
34627,0.721396,0,0
34628,0.721417,0,0
34629,0.721438,0,0
34630,0.721458,0,0
34631,0.721479,0,0
34632,0.7215,0,0
34633,0.721521,0,0
34634,0.721542,0,0
34635,0.721563,0,0
34636,0.721583,0,0
34637,0.721604,0,0
34638,0.721625,0,0
34639,0.721646,0,0
34640,0.721667,0,0
34641,0.721687,0,0
34642,0.721708,0,0
34643,0.721729,0,0
34644,0.72175,0,0
34645,0.721771,0,0
34646,0.721792,0,0
34647,0.721812,0,0
34648,0.721833,0,0
34649,0.721854,0,0
34650,0.721875,0,0
34651,0.721896,0,0
34652,0.721917,0,0
34653,0.721937,0,0
34654,0.721958,0,0
34655,0.721979,0,0
34656,0.722,0,0
34657,0.722021,0,0
34658,0.722042,0,0
34659,0.722063,0,0
34660,0.722083,0,0
34661,0.722104,0,0
34662,0.722125,0,0
34663,0.722146,0,0
34664,0.722167,0,0
34665,0.722188,0,0
34666,0.722208,0,0
34667,0.722229,0,0
34668,0.72225,0,0
34669,0.722271,0,0
34670,0.722292,0,0
34671,0.722313,0,0
34672,0.722333,0,0
34673,0.722354,0,0
34674,0.722375,0,0
34675,0.722396,0,0
34676,0.722417,0,0
34677,0.722438,0,0
34678,0.722458,0,0
34679,0.722479,0,0
34680,0.7225,0,0
34681,0.722521,0,0
34682,0.722542,0,0
34683,0.722562,0,0
34684,0.722583,0,0
34685,0.722604,0,0
34686,0.722625,0,0
34687,0.722646,0,0
34688,0.722667,0,0
34689,0.722687,0,0
34690,0.722708,0,0
34691,0.722729,0,0
34692,0.72275,0,0
34693,0.722771,0,0
34694,0.722792,0,0
34695,0.722812,0,0
34696,0.722833,0,0
34697,0.722854,0,0
34698,0.722875,0,0
34699,0.722896,0,0
34700,0.722917,0,0
34701,0.722938,0,0
34702,0.722958,0,0
34703,0.722979,0,0
34704,0.723,0,0
34705,0.723021,0,0
34706,0.723042,0,0
34707,0.723063,0,0
34708,0.723083,0,0
34709,0.723104,0,0
34710,0.723125,0,0
34711,0.723146,0,0
34712,0.723167,0,0
34713,0.723188,0,0
34714,0.723208,0,0
34715,0.723229,0,0
34716,0.72325,0,0
34717,0.723271,0,0
34718,0.723292,0,0
34719,0.723312,0,0
34720,0.723333,0,0
34721,0.723354,0,0
34722,0.723375,0,0
34723,0.723396,0,0
34724,0.723417,0,0
34725,0.723437,0,0
34726,0.723458,0,0
34727,0.723479,0,0
34728,0.7235,0,0
34729,0.723521,0,0
34730,0.723542,0,0
34731,0.723562,0,0
34732,0.723583,0,0
34733,0.723604,0,0
34734,0.723625,0,0
34735,0.723646,0,0
34736,0.723667,0,0
34737,0.723688,0,0
34738,0.723708,0,0
34739,0.723729,0,0
34740,0.72375,0,0
34741,0.723771,0,0
34742,0.723792,0,0
34743,0.723813,0,0
34744,0.723833,0,0
34745,0.723854,0,0
34746,0.723875,0,0
34747,0.723896,0,0
34748,0.723917,0,0
34749,0.723938,0,0
34750,0.723958,0,0
34751,0.723979,0,0
34752,0.724,0,0
34753,0.724021,0,0
34754,0.724042,0,0
34755,0.724063,0,0
34756,0.724083,0,0
34757,0.724104,0,0
34758,0.724125,0,0
34759,0.724146,0,0
34760,0.724167,0,0
34761,0.724187,0,0
34762,0.724208,0,0
34763,0.724229,0,0
34764,0.72425,0,0
34765,0.724271,0,0
34766,0.724292,0,0
34767,0.724312,0,0
34768,0.724333,0,0
34769,0.724354,0,0
34770,0.724375,0,0
34771,0.724396,0,0
34772,0.724417,0,0
34773,0.724437,0,0
34774,0.724458,0,0
34775,0.724479,0,0
34776,0.7245,0,0
34777,0.724521,0,0
34778,0.724542,0,0
34779,0.724563,0,0
34780,0.724583,0,0
34781,0.724604,0,0
34782,0.724625,0,0
34783,0.724646,0,0
34784,0.724667,0,0
34785,0.724688,0,0
34786,0.724708,0,0
34787,0.724729,0,0
34788,0.72475,0,0
34789,0.724771,0,0
34790,0.724792,0,0
34791,0.724813,0,0
34792,0.724833,0,0
34793,0.724854,0,0
34794,0.724875,0,0
34795,0.724896,0,0
34796,0.724917,0,0
34797,0.724937,0,0
34798,0.724958,0,0
34799,0.724979,0,0
34800,0.725,0,0
34801,0.725021,0,0
34802,0.725042,0,0
34803,0.725062,0,0
34804,0.725083,0,0
34805,0.725104,0,0
34806,0.725125,0,0
34807,0.725146,0,0
34808,0.725167,0,0
34809,0.725187,0,0
34810,0.725208,0,0
34811,0.725229,0,0
34812,0.72525,0,0
34813,0.725271,0,0
34814,0.725292,0,0
34815,0.725312,0,0
34816,0.725333,0,0
34817,0.725354,0,0
34818,0.725375,0,0
34819,0.725396,0,0
34820,0.725417,0,0
34821,0.725438,0,0
34822,0.725458,0,0
34823,0.725479,0,0
34824,0.7255,0,0
34825,0.725521,0,0
34826,0.725542,0,0
34827,0.725563,0,0
34828,0.725583,0,0
34829,0.725604,0,0
34830,0.725625,0,0
34831,0.725646,0,0
34832,0.725667,0,0
34833,0.725688,0,0
34834,0.725708,0,0
34835,0.725729,0,0
34836,0.72575,0,0
34837,0.725771,0,0
34838,0.725792,0,0
34839,0.725812,0,0
34840,0.725833,0,0
34841,0.725854,0,0
34842,0.725875,0,0
34843,0.725896,0,0
34844,0.725917,0,0
34845,0.725937,0,0
34846,0.725958,0,0
34847,0.725979,0,0
34848,0.726,0,0
34849,0.726021,0,0
34850,0.726042,0,0
34851,0.726062,0,0
34852,0.726083,0,0
34853,0.726104,0,0
34854,0.726125,0,0
34855,0.726146,0,0
34856,0.726167,0,0
34857,0.726188,0,0
34858,0.726208,0,0
34859,0.726229,0,0
34860,0.72625,0,0
34861,0.726271,0,0
34862,0.726292,0,0
34863,0.726313,0,0
34864,0.726333,0,0
34865,0.726354,0,0
34866,0.726375,0,0
34867,0.726396,0,0
34868,0.726417,0,0
34869,0.726438,0,0
34870,0.726458,0,0
34871,0.726479,0,0
34872,0.7265,0,0
34873,0.726521,0,0
34874,0.726542,0,0
34875,0.726562,0,0
34876,0.726583,0,0
34877,0.726604,0,0
34878,0.726625,0,0
34879,0.726646,0,0
34880,0.726667,0,0
34881,0.726687,0,0
34882,0.726708,0,0
34883,0.726729,0,0
34884,0.72675,0,0
34885,0.726771,0,0
34886,0.726792,0,0
34887,0.726812,0,0
34888,0.726833,0,0
34889,0.726854,0,0
34890,0.726875,0,0
34891,0.726896,0,0
34892,0.726917,0,0
34893,0.726937,0,0
34894,0.726958,0,0
34895,0.726979,0,0
34896,0.727,0,0
34897,0.727021,0,0
34898,0.727042,0,0
34899,0.727063,0,0
34900,0.727083,0,0
34901,0.727104,0,0
34902,0.727125,0,0
34903,0.727146,0,0
34904,0.727167,0,0
34905,0.727188,0,0
34906,0.727208,0,0
34907,0.727229,0,0
34908,0.72725,0,0
34909,0.727271,0,0
34910,0.727292,0,0
34911,0.727313,0,0
34912,0.727333,0,0
34913,0.727354,0,0
34914,0.727375,0,0
34915,0.727396,0,0
34916,0.727417,0,0
34917,0.727437,0,0
34918,0.727458,0,0
34919,0.727479,0,0
34920,0.7275,0,0
34921,0.727521,0,0
34922,0.727542,0,0
34923,0.727562,0,0
34924,0.727583,0,0
34925,0.727604,0,0
34926,0.727625,0,0
34927,0.727646,0,0
34928,0.727667,0,0
34929,0.727687,0,0
34930,0.727708,0,0
34931,0.727729,0,0
34932,0.72775,0,0
34933,0.727771,0,0
34934,0.727792,0,0
34935,0.727813,0,0
34936,0.727833,0,0
34937,0.727854,0,0
34938,0.727875,0,0
34939,0.727896,0,0
34940,0.727917,0,0
34941,0.727938,0,0
34942,0.727958,0,0
34943,0.727979,0,0
34944,0.728,0,0
34945,0.728021,0,0
34946,0.728042,0,0
34947,0.728063,0,0
34948,0.728083,0,0
34949,0.728104,0,0
34950,0.728125,0,0
34951,0.728146,0,0
34952,0.728167,0,0
34953,0.728188,0,0
34954,0.728208,0,0
34955,0.728229,0,0
34956,0.72825,0,0
34957,0.728271,0,0
34958,0.728292,0,0
34959,0.728312,0,0
34960,0.728333,0,0
34961,0.728354,0,0
34962,0.728375,0,0
34963,0.728396,0,0
34964,0.728417,0,0
34965,0.728437,0,0
34966,0.728458,0,0
34967,0.728479,0,0
34968,0.7285,0,0
34969,0.728521,0,0
34970,0.728542,0,0
34971,0.728562,0,0
34972,0.728583,0,0
34973,0.728604,0,0
34974,0.728625,0,0
34975,0.728646,0,0
34976,0.728667,0,0
34977,0.728688,0,0
34978,0.728708,0,0
34979,0.728729,0,0
34980,0.72875,0,0
34981,0.728771,0,0
34982,0.728792,0,0
34983,0.728813,0,0
34984,0.728833,0,0
34985,0.728854,0,0
34986,0.728875,0,0
34987,0.728896,0,0
34988,0.728917,0,0
34989,0.728938,0,0
34990,0.728958,0,0
34991,0.728979,0,0
34992,0.729,0,0
34993,0.729021,0,0
34994,0.729042,0,0
34995,0.729062,0,0
34996,0.729083,0,0
34997,0.729104,0,0
34998,0.729125,0,0
34999,0.729146,0,0
35000,0.729167,0,0
35001,0.729187,0,0
35002,0.729208,0,0
35003,0.729229,0,0
35004,0.72925,0,0
35005,0.729271,0,0
35006,0.729292,0,0
35007,0.729312,0,0
35008,0.729333,0,0
35009,0.729354,0,0
35010,0.729375,0,0
35011,0.729396,0,0
35012,0.729417,0,0
35013,0.729437,0,0
35014,0.729458,0,0
35015,0.729479,0,0
35016,0.7295,0,0
35017,0.729521,0,0
35018,0.729542,0,0
35019,0.729563,0,0
35020,0.729583,0,0
35021,0.729604,0,0
35022,0.729625,0,0
35023,0.729646,0,0
35024,0.729667,0,0
35025,0.729688,0,0
35026,0.729708,0,0
35027,0.729729,0,0
35028,0.72975,0,0
35029,0.729771,0,0
35030,0.729792,0,0
35031,0.729813,0,0
35032,0.729833,0,0
35033,0.729854,0,0
35034,0.729875,0,0
35035,0.729896,0,0
35036,0.729917,0,0
35037,0.729937,0,0
35038,0.729958,0,0
35039,0.729979,0,0
35040,0.73,0,0
35041,0.730021,0,0
35042,0.730042,0,0
35043,0.730062,0,0
35044,0.730083,0,0
35045,0.730104,0,0
35046,0.730125,0,0
35047,0.730146,0,0
35048,0.730167,0,0
35049,0.730187,0,0
35050,0.730208,0,0
35051,0.730229,0,0
35052,0.73025,0,0
35053,0.730271,0,0
35054,0.730292,0,0
35055,0.730313,0,0
35056,0.730333,0,0
35057,0.730354,0,0
35058,0.730375,0,0
35059,0.730396,0,0
35060,0.730417,0,0
35061,0.730438,0,0
35062,0.730458,0,0
35063,0.730479,0,0
35064,0.7305,0,0
35065,0.730521,0,0
35066,0.730542,0,0
35067,0.730563,0,0
35068,0.730583,0,0
35069,0.730604,0,0
35070,0.730625,0,0
35071,0.730646,0,0
35072,0.730667,0,0
35073,0.730687,0,0
35074,0.730708,0,0
35075,0.730729,0,0
35076,0.73075,0,0
35077,0.730771,0,0
35078,0.730792,0,0
35079,0.730812,0,0
35080,0.730833,0,0
35081,0.730854,0,0
35082,0.730875,0,0
35083,0.730896,0,0
35084,0.730917,0,0
35085,0.730937,0,0
35086,0.730958,0,0
35087,0.730979,0,0
35088,0.731,0,0
35089,0.731021,0,0
35090,0.731042,0,0
35091,0.731062,0,0
35092,0.731083,0,0
35093,0.731104,0,0
35094,0.731125,0,0
35095,0.731146,0,0
35096,0.731167,0,0
35097,0.731188,0,0
35098,0.731208,0,0
35099,0.731229,0,0
35100,0.73125,0,0
35101,0.731271,0,0
35102,0.731292,0,0
35103,0.731313,0,0
35104,0.731333,0,0
35105,0.731354,0,0
35106,0.731375,0,0
35107,0.731396,0,0
35108,0.731417,0,0
35109,0.731438,0,0
35110,0.731458,0,0
35111,0.731479,0,0
35112,0.7315,0,0
35113,0.731521,0,0
35114,0.731542,0,0
35115,0.731562,0,0
35116,0.731583,0,0
35117,0.731604,0,0
35118,0.731625,0,0
35119,0.731646,0,0
35120,0.731667,0,0
35121,0.731687,0,0
35122,0.731708,0,0
35123,0.731729,0,0
35124,0.73175,0,0
35125,0.731771,0,0
35126,0.731792,0,0
35127,0.731812,0,0
35128,0.731833,0,0
35129,0.731854,0,0
35130,0.731875,0,0
35131,0.731896,0,0
35132,0.731917,0,0
35133,0.731938,0,0
35134,0.731958,0,0
35135,0.731979,0,0
35136,0.732,0,0
35137,0.732021,0,0
35138,0.732042,0,0
35139,0.732063,0,0
35140,0.732083,0,0
35141,0.732104,0,0
35142,0.732125,0,0
35143,0.732146,0,0
35144,0.732167,0,0
35145,0.732188,0,0
35146,0.732208,0,0
35147,0.732229,0,0
35148,0.73225,0,0
35149,0.732271,0,0
35150,0.732292,0,0
35151,0.732313,0,0
35152,0.732333,0,0
35153,0.732354,0,0
35154,0.732375,0,0
35155,0.732396,0,0
35156,0.732417,0,0
35157,0.732437,0,0
35158,0.732458,0,0
35159,0.732479,0,0
35160,0.7325,0,0
35161,0.732521,0,0
35162,0.732542,0,0
35163,0.732562,0,0
35164,0.732583,0,0
35165,0.732604,0,0
35166,0.732625,0,0
35167,0.732646,0,0
35168,0.732667,0,0
35169,0.732687,0,0
35170,0.732708,0,0
35171,0.732729,0,0
35172,0.73275,0,0
35173,0.732771,0,0
35174,0.732792,0,0
35175,0.732813,0,0
35176,0.732833,0,0
35177,0.732854,0,0
35178,0.732875,0,0
35179,0.732896,0,0
35180,0.732917,0,0
35181,0.732938,0,0
35182,0.732958,0,0
35183,0.732979,0,0
35184,0.733,0,0
35185,0.733021,0,0
35186,0.733042,0,0
35187,0.733063,0,0
35188,0.733083,0,0
35189,0.733104,0,0
35190,0.733125,0,0
35191,0.733146,0,0
35192,0.733167,0,0
35193,0.733187,0,0
35194,0.733208,0,0
35195,0.733229,0,0
35196,0.73325,0,0
35197,0.733271,0,0
35198,0.733292,0,0
35199,0.733312,0,0
35200,0.733333,0,0
35201,0.733354,0,0
35202,0.733375,0,0
35203,0.733396,0,0
35204,0.733417,0,0
35205,0.733437,0,0
35206,0.733458,0,0
35207,0.733479,0,0
35208,0.7335,0,0
35209,0.733521,0,0
35210,0.733542,0,0
35211,0.733563,0,0
35212,0.733583,0,0
35213,0.733604,0,0
35214,0.733625,0,0
35215,0.733646,0,0
35216,0.733667,0,0
35217,0.733688,0,0
35218,0.733708,0,0
35219,0.733729,0,0
35220,0.73375,0,0
35221,0.733771,0,0
35222,0.733792,0,0
35223,0.733813,0,0
35224,0.733833,0,0
35225,0.733854,0,0
35226,0.733875,0,0
35227,0.733896,0,0
35228,0.733917,0,0
35229,0.733938,0,0
35230,0.733958,0,0
35231,0.733979,0,0
35232,0.734,0,0
35233,0.734021,0,0
35234,0.734042,0,0
35235,0.734062,0,0
35236,0.734083,0,0
35237,0.734104,0,0
35238,0.734125,0,0
35239,0.734146,0,0
35240,0.734167,0,0
35241,0.734187,0,0
35242,0.734208,0,0
35243,0.734229,0,0
35244,0.73425,0,0
35245,0.734271,0,0
35246,0.734292,0,0
35247,0.734312,0,0
35248,0.734333,0,0
35249,0.734354,0,0
35250,0.734375,0,0
35251,0.734396,0,0
35252,0.734417,0,0
35253,0.734438,0,0
35254,0.734458,0,0
35255,0.734479,0,0
35256,0.7345,0,0
35257,0.734521,0,0
35258,0.734542,0,0
35259,0.734563,0,0
35260,0.734583,0,0
35261,0.734604,0,0
35262,0.734625,0,0
35263,0.734646,0,0
35264,0.734667,0,0
35265,0.734688,0,0
35266,0.734708,0,0
35267,0.734729,0,0
35268,0.73475,0,0
35269,0.734771,0,0
35270,0.734792,0,0
35271,0.734812,0,0
35272,0.734833,0,0
35273,0.734854,0,0
35274,0.734875,0,0
35275,0.734896,0,0
35276,0.734917,0,0
35277,0.734937,0,0
35278,0.734958,0,0
35279,0.734979,0,0
35280,0.735,0,0
35281,0.735021,0,0
35282,0.735042,0,0
35283,0.735062,0,0
35284,0.735083,0,0
35285,0.735104,0,0
35286,0.735125,0,0
35287,0.735146,0,0
35288,0.735167,0,0
35289,0.735187,0,0
35290,0.735208,0,0
35291,0.735229,0,0
35292,0.73525,0,0
35293,0.735271,0,0
35294,0.735292,0,0
35295,0.735313,0,0
35296,0.735333,0,0
35297,0.735354,0,0
35298,0.735375,0,0
35299,0.735396,0,0
35300,0.735417,0,0
35301,0.735438,0,0
35302,0.735458,0,0
35303,0.735479,0,0
35304,0.7355,0,0
35305,0.735521,0,0
35306,0.735542,0,0
35307,0.735563,0,0
35308,0.735583,0,0
35309,0.735604,0,0
35310,0.735625,0,0
35311,0.735646,0,0
35312,0.735667,0,0
35313,0.735687,0,0
35314,0.735708,0,0
35315,0.735729,0,0
35316,0.73575,0,0
35317,0.735771,0,0
35318,0.735792,0,0
35319,0.735812,0,0
35320,0.735833,0,0
35321,0.735854,0,0
35322,0.735875,0,0
35323,0.735896,0,0
35324,0.735917,0,0
35325,0.735937,0,0
35326,0.735958,0,0
35327,0.735979,0,0
35328,0.736,0,0
35329,0.736021,0,0
35330,0.736042,0,0
35331,0.736063,0,0
35332,0.736083,0,0
35333,0.736104,0,0
35334,0.736125,0,0
35335,0.736146,0,0
35336,0.736167,0,0
35337,0.736188,0,0
35338,0.736208,0,0
35339,0.736229,0,0
35340,0.73625,0,0
35341,0.736271,0,0
35342,0.736292,0,0
35343,0.736313,0,0
35344,0.736333,0,0
35345,0.736354,0,0
35346,0.736375,0,0
35347,0.736396,0,0
35348,0.736417,0,0
35349,0.736437,0,0
35350,0.736458,0,0
35351,0.736479,0,0
35352,0.7365,0,0
35353,0.736521,0,0
35354,0.736542,0,0
35355,0.736562,0,0
35356,0.736583,0,0
35357,0.736604,0,0
35358,0.736625,0,0
35359,0.736646,0,0
35360,0.736667,0,0
35361,0.736687,0,0
35362,0.736708,0,0
35363,0.736729,0,0
35364,0.73675,0,0
35365,0.736771,0,0
35366,0.736792,0,0
35367,0.736812,0,0
35368,0.736833,0,0
35369,0.736854,0,0
35370,0.736875,0,0
35371,0.736896,0,0
35372,0.736917,0,0
35373,0.736938,0,0
35374,0.736958,0,0
35375,0.736979,0,0
35376,0.737,0,0
35377,0.737021,0,0
35378,0.737042,0,0
35379,0.737063,0,0
35380,0.737083,0,0
35381,0.737104,0,0
35382,0.737125,0,0
35383,0.737146,0,0
35384,0.737167,0,0
35385,0.737188,0,0
35386,0.737208,0,0
35387,0.737229,0,0
35388,0.73725,0,0
35389,0.737271,0,0
35390,0.737292,0,0
35391,0.737312,0,0
35392,0.737333,0,0
35393,0.737354,0,0
35394,0.737375,0,0
35395,0.737396,0,0
35396,0.737417,0,0
35397,0.737437,0,0
35398,0.737458,0,0
35399,0.737479,0,0
35400,0.7375,0,0
35401,0.737521,0,0
35402,0.737542,0,0
35403,0.737562,0,0
35404,0.737583,0,0
35405,0.737604,0,0
35406,0.737625,0,0
35407,0.737646,0,0
35408,0.737667,0,0
35409,0.737688,0,0
35410,0.737708,0,0
35411,0.737729,0,0
35412,0.73775,0,0
35413,0.737771,0,0
35414,0.737792,0,0
35415,0.737813,0,0
35416,0.737833,0,0
35417,0.737854,0,0
35418,0.737875,0,0
35419,0.737896,0,0
35420,0.737917,0,0
35421,0.737938,0,0
35422,0.737958,0,0
35423,0.737979,0,0
35424,0.738,0,0
35425,0.738021,0,0
35426,0.738042,0,0
35427,0.738063,0,0
35428,0.738083,0,0
35429,0.738104,0,0
35430,0.738125,0,0
35431,0.738146,0,0
35432,0.738167,0,0
35433,0.738187,0,0
35434,0.738208,0,0
35435,0.738229,0,0
35436,0.73825,0,0
35437,0.738271,0,0
35438,0.738292,0,0
35439,0.738312,0,0
35440,0.738333,0,0
35441,0.738354,0,0
35442,0.738375,0,0
35443,0.738396,0,0
35444,0.738417,0,0
35445,0.738437,0,0
35446,0.738458,0,0
35447,0.738479,0,0
35448,0.7385,0,0
35449,0.738521,0,0
35450,0.738542,0,0
35451,0.738563,0,0
35452,0.738583,0,0
35453,0.738604,0,0
35454,0.738625,0,0
35455,0.738646,0,0
35456,0.738667,0,0
35457,0.738688,0,0
35458,0.738708,0,0
35459,0.738729,0,0
35460,0.73875,0,0
35461,0.738771,0,0
35462,0.738792,0,0
35463,0.738813,0,0
35464,0.738833,0,0
35465,0.738854,0,0
35466,0.738875,0,0
35467,0.738896,0,0
35468,0.738917,0,0
35469,0.738937,0,0
35470,0.738958,0,0
35471,0.738979,0,0
35472,0.739,0,0
35473,0.739021,0,0
35474,0.739042,0,0
35475,0.739062,0,0
35476,0.739083,0,0
35477,0.739104,0,0
35478,0.739125,0,0
35479,0.739146,0,0
35480,0.739167,0,0
35481,0.739187,0,0
35482,0.739208,0,0
35483,0.739229,0,0
35484,0.73925,0,0
35485,0.739271,0,0
35486,0.739292,0,0
35487,0.739313,0,0
35488,0.739333,0,0
35489,0.739354,0,0
35490,0.739375,0,0
35491,0.739396,0,0
35492,0.739417,0,0
35493,0.739438,0,0
35494,0.739458,0,0
35495,0.739479,0,0
35496,0.7395,0,0
35497,0.739521,0,0
35498,0.739542,0,0
35499,0.739563,0,0
35500,0.739583,0,0
35501,0.739604,0,0
35502,0.739625,0,0
35503,0.739646,0,0
35504,0.739667,0,0
35505,0.739688,0,0
35506,0.739708,0,0
35507,0.739729,0,0
35508,0.73975,0,0
35509,0.739771,0,0
35510,0.739792,0,0
35511,0.739812,0,0
35512,0.739833,0,0
35513,0.739854,0,0
35514,0.739875,0,0
35515,0.739896,0,0
35516,0.739917,0,0
35517,0.739937,0,0
35518,0.739958,0,0
35519,0.739979,0,0
35520,0.74,0,0
35521,0.740021,0,0
35522,0.740042,0,0
35523,0.740062,0,0
35524,0.740083,0,0
35525,0.740104,0,0
35526,0.740125,0,0
35527,0.740146,0,0
35528,0.740167,0,0
35529,0.740188,0,0
35530,0.740208,0,0
35531,0.740229,0,0
35532,0.74025,0,0
35533,0.740271,0,0
35534,0.740292,0,0
35535,0.740313,0,0
35536,0.740333,0,0
35537,0.740354,0,0
35538,0.740375,0,0
35539,0.740396,0,0
35540,0.740417,0,0
35541,0.740438,0,0
35542,0.740458,0,0
35543,0.740479,0,0
35544,0.7405,0,0
35545,0.740521,0,0
35546,0.740542,0,0
35547,0.740562,0,0
35548,0.740583,0,0
35549,0.740604,0,0
35550,0.740625,0,0
35551,0.740646,0,0
35552,0.740667,0,0
35553,0.740687,0,0
35554,0.740708,0,0
35555,0.740729,0,0
35556,0.74075,0,0
35557,0.740771,0,0
35558,0.740792,0,0
35559,0.740812,0,0
35560,0.740833,0,0
35561,0.740854,0,0
35562,0.740875,0,0
35563,0.740896,0,0
35564,0.740917,0,0
35565,0.740937,0,0
35566,0.740958,0,0
35567,0.740979,0,0
35568,0.741,0,0
35569,0.741021,0,0
35570,0.741042,0,0
35571,0.741063,0,0
35572,0.741083,0,0
35573,0.741104,0,0
35574,0.741125,0,0
35575,0.741146,0,0
35576,0.741167,0,0
35577,0.741188,0,0
35578,0.741208,0,0
35579,0.741229,0,0
35580,0.74125,0,0
35581,0.741271,0,0
35582,0.741292,0,0
35583,0.741313,0,0
35584,0.741333,0,0
35585,0.741354,0,0
35586,0.741375,0,0
35587,0.741396,0,0
35588,0.741417,0,0
35589,0.741437,0,0
35590,0.741458,0,0
35591,0.741479,0,0
35592,0.7415,0,0
35593,0.741521,0,0
35594,0.741542,0,0
35595,0.741562,0,0
35596,0.741583,0,0
35597,0.741604,0,0
35598,0.741625,0,0
35599,0.741646,0,0
35600,0.741667,0,0
35601,0.741687,0,0
35602,0.741708,0,0
35603,0.741729,0,0
35604,0.74175,0,0
35605,0.741771,0,0
35606,0.741792,0,0
35607,0.741813,0,0
35608,0.741833,0,0
35609,0.741854,0,0
35610,0.741875,0,0
35611,0.741896,0,0
35612,0.741917,0,0
35613,0.741938,0,0
35614,0.741958,0,0
35615,0.741979,0,0
35616,0.742,0,0
35617,0.742021,0,0
35618,0.742042,0,0
35619,0.742063,0,0
35620,0.742083,0,0
35621,0.742104,0,0
35622,0.742125,0,0
35623,0.742146,0,0
35624,0.742167,0,0
35625,0.742188,0,0
35626,0.742208,0,0
35627,0.742229,0,0
35628,0.74225,0,0
35629,0.742271,0,0
35630,0.742292,0,0
35631,0.742312,0,0
35632,0.742333,0,0
35633,0.742354,0,0
35634,0.742375,0,0
35635,0.742396,0,0
35636,0.742417,0,0
35637,0.742437,0,0
35638,0.742458,0,0
35639,0.742479,0,0
35640,0.7425,0,0
35641,0.742521,0,0
35642,0.742542,0,0
35643,0.742562,0,0
35644,0.742583,0,0
35645,0.742604,0,0
35646,0.742625,0,0
35647,0.742646,0,0
35648,0.742667,0,0
35649,0.742688,0,0
35650,0.742708,0,0
35651,0.742729,0,0
35652,0.74275,0,0
35653,0.742771,0,0
35654,0.742792,0,0
35655,0.742813,0,0
35656,0.742833,0,0
35657,0.742854,0,0
35658,0.742875,0,0
35659,0.742896,0,0
35660,0.742917,0,0
35661,0.742938,0,0
35662,0.742958,0,0
35663,0.742979,0,0
35664,0.743,0,0
35665,0.743021,0,0
35666,0.743042,0,0
35667,0.743062,0,0
35668,0.743083,0,0
35669,0.743104,0,0
35670,0.743125,0,0
35671,0.743146,0,0
35672,0.743167,0,0
35673,0.743187,0,0
35674,0.743208,0,0
35675,0.743229,0,0
35676,0.74325,0,0
35677,0.743271,0,0
35678,0.743292,0,0
35679,0.743312,0,0
35680,0.743333,0,0
35681,0.743354,0,0
35682,0.743375,0,0
35683,0.743396,0,0
35684,0.743417,0,0
35685,0.743438,0,0
35686,0.743458,0,0
35687,0.743479,0,0
35688,0.7435,0,0
35689,0.743521,0,0
35690,0.743542,0,0
35691,0.743563,0,0
35692,0.743583,0,0
35693,0.743604,0,0
35694,0.743625,0,0
35695,0.743646,0,0
35696,0.743667,0,0
35697,0.743688,0,0
35698,0.743708,0,0
35699,0.743729,0,0
35700,0.74375,0,0
35701,0.743771,0,0
35702,0.743792,0,0
35703,0.743813,0,0
35704,0.743833,0,0
35705,0.743854,0,0
35706,0.743875,0,0
35707,0.743896,0,0
35708,0.743917,0,0
35709,0.743937,0,0
35710,0.743958,0,0
35711,0.743979,0,0
35712,0.744,0,0
35713,0.744021,0,0
35714,0.744042,0,0
35715,0.744062,0,0
35716,0.744083,0,0
35717,0.744104,0,0
35718,0.744125,0,0
35719,0.744146,0,0
35720,0.744167,0,0
35721,0.744187,0,0
35722,0.744208,0,0
35723,0.744229,0,0
35724,0.74425,0,0
35725,0.744271,0,0
35726,0.744292,0,0
35727,0.744313,0,0
35728,0.744333,0,0
35729,0.744354,0,0
35730,0.744375,0,0
35731,0.744396,0,0
35732,0.744417,0,0
35733,0.744438,0,0
35734,0.744458,0,0
35735,0.744479,0,0
35736,0.7445,0,0
35737,0.744521,0,0
35738,0.744542,0,0
35739,0.744563,0,0
35740,0.744583,0,0
35741,0.744604,0,0
35742,0.744625,0,0
35743,0.744646,0,0
35744,0.744667,0,0
35745,0.744687,0,0
35746,0.744708,0,0
35747,0.744729,0,0
35748,0.74475,0,0
35749,0.744771,0,0
35750,0.744792,0,0
35751,0.744812,0,0
35752,0.744833,0,0
35753,0.744854,0,0
35754,0.744875,0,0
35755,0.744896,0,0
35756,0.744917,0,0
35757,0.744937,0,0
35758,0.744958,0,0
35759,0.744979,0,0
35760,0.745,0,0
35761,0.745021,0,0
35762,0.745042,0,0
35763,0.745062,0,0
35764,0.745083,0,0
35765,0.745104,0,0
35766,0.745125,0,0
35767,0.745146,0,0
35768,0.745167,0,0
35769,0.745188,0,0
35770,0.745208,0,0
35771,0.745229,0,0
35772,0.74525,0,0
35773,0.745271,0,0
35774,0.745292,0,0
35775,0.745313,0,0
35776,0.745333,0,0
35777,0.745354,0,0
35778,0.745375,0,0
35779,0.745396,0,0
35780,0.745417,0,0
35781,0.745438,0,0
35782,0.745458,0,0
35783,0.745479,0,0
35784,0.7455,0,0
35785,0.745521,0,0
35786,0.745542,0,0
35787,0.745562,0,0
35788,0.745583,0,0
35789,0.745604,0,0
35790,0.745625,0,0
35791,0.745646,0,0
35792,0.745667,0,0
35793,0.745687,0,0
35794,0.745708,0,0
35795,0.745729,0,0
35796,0.74575,0,0
35797,0.745771,0,0
35798,0.745792,0,0
35799,0.745812,0,0
35800,0.745833,0,0
35801,0.745854,0,0
35802,0.745875,0,0
35803,0.745896,0,0
35804,0.745917,0,0
35805,0.745938,0,0
35806,0.745958,0,0
35807,0.745979,0,0
35808,0.746,0,0
35809,0.746021,0,0
35810,0.746042,0,0
35811,0.746063,0,0
35812,0.746083,0,0
35813,0.746104,0,0
35814,0.746125,0,0
35815,0.746146,0,0
35816,0.746167,0,0
35817,0.746188,0,0
35818,0.746208,0,0
35819,0.746229,0,0
35820,0.74625,0,0
35821,0.746271,0,0
35822,0.746292,0,0
35823,0.746312,0,0
35824,0.746333,0,0
35825,0.746354,0,0
35826,0.746375,0,0
35827,0.746396,0,0
35828,0.746417,0,0
35829,0.746437,0,0
35830,0.746458,0,0
35831,0.746479,0,0
35832,0.7465,0,0
35833,0.746521,0,0
35834,0.746542,0,0
35835,0.746562,0,0
35836,0.746583,0,0
35837,0.746604,0,0
35838,0.746625,0,0
35839,0.746646,0,0
35840,0.746667,0,0
35841,0.746687,0,0
35842,0.746708,0,0
35843,0.746729,0,0
35844,0.74675,0,0
35845,0.746771,0,0
35846,0.746792,0,0
35847,0.746813,0,0
35848,0.746833,0,0
35849,0.746854,0,0
35850,0.746875,0,0
35851,0.746896,0,0
35852,0.746917,0,0
35853,0.746938,0,0
35854,0.746958,0,0
35855,0.746979,0,0
35856,0.747,0,0
35857,0.747021,0,0
35858,0.747042,0,0
35859,0.747063,0,0
35860,0.747083,0,0
35861,0.747104,0,0
35862,0.747125,0,0
35863,0.747146,0,0
35864,0.747167,0,0
35865,0.747187,0,0
35866,0.747208,0,0
35867,0.747229,0,0
35868,0.74725,0,0
35869,0.747271,0,0
35870,0.747292,0,0
35871,0.747312,0,0
35872,0.747333,0,0
35873,0.747354,0,0
35874,0.747375,0,0
35875,0.747396,0,0
35876,0.747417,0,0
35877,0.747437,0,0
35878,0.747458,0,0
35879,0.747479,0,0
35880,0.7475,0,0
35881,0.747521,0,0
35882,0.747542,0,0
35883,0.747563,0,0
35884,0.747583,0,0
35885,0.747604,0,0
35886,0.747625,0,0
35887,0.747646,0,0
35888,0.747667,0,0
35889,0.747688,0,0
35890,0.747708,0,0
35891,0.747729,0,0
35892,0.74775,0,0
35893,0.747771,0,0
35894,0.747792,0,0
35895,0.747813,0,0
35896,0.747833,0,0
35897,0.747854,0,0
35898,0.747875,0,0
35899,0.747896,0,0
35900,0.747917,0,0
35901,0.747938,0,0
35902,0.747958,0,0
35903,0.747979,0,0
35904,0.748,0,0
35905,0.748021,0,0
35906,0.748042,0,0
35907,0.748062,0,0
35908,0.748083,0,0
35909,0.748104,0,0
35910,0.748125,0,0
35911,0.748146,0,0
35912,0.748167,0,0
35913,0.748187,0,0
35914,0.748208,0,0
35915,0.748229,0,0
35916,0.74825,0,0
35917,0.748271,0,0
35918,0.748292,0,0
35919,0.748312,0,0
35920,0.748333,0,0
35921,0.748354,0,0
35922,0.748375,0,0
35923,0.748396,0,0
35924,0.748417,0,0
35925,0.748438,0,0
35926,0.748458,0,0
35927,0.748479,0,0
35928,0.7485,0,0
35929,0.748521,0,0
35930,0.748542,0,0
35931,0.748563,0,0
35932,0.748583,0,0
35933,0.748604,0,0
35934,0.748625,0,0
35935,0.748646,0,0
35936,0.748667,0,0
35937,0.748688,0,0
35938,0.748708,0,0
35939,0.748729,0,0
35940,0.74875,0,0
35941,0.748771,0,0
35942,0.748792,0,0
35943,0.748812,0,0
35944,0.748833,0,0
35945,0.748854,0,0
35946,0.748875,0,0
35947,0.748896,0,0
35948,0.748917,0,0
35949,0.748937,0,0
35950,0.748958,0,0
35951,0.748979,0,0
35952,0.749,0,0
35953,0.749021,0,0
35954,0.749042,0,0
35955,0.749062,0,0
35956,0.749083,0,0
35957,0.749104,0,0
35958,0.749125,0,0
35959,0.749146,0,0
35960,0.749167,0,0
35961,0.749188,0,0
35962,0.749208,0,0
35963,0.749229,0,0
35964,0.74925,0,0
35965,0.749271,0,0
35966,0.749292,0,0
35967,0.749313,0,0
35968,0.749333,0,0
35969,0.749354,0,0
35970,0.749375,0,0
35971,0.749396,0,0
35972,0.749417,0,0
35973,0.749438,0,0
35974,0.749458,0,0
35975,0.749479,0,0
35976,0.7495,0,0
35977,0.749521,0,0
35978,0.749542,0,0
35979,0.749563,0,0
35980,0.749583,0,0
35981,0.749604,0,0
35982,0.749625,0,0
35983,0.749646,0,0
35984,0.749667,0,0
35985,0.749687,0,0
35986,0.749708,0,0
35987,0.749729,0,0
35988,0.74975,0,0
35989,0.749771,0,0
35990,0.749792,0,0
35991,0.749812,0,0
35992,0.749833,0,0
35993,0.749854,0,0
35994,0.749875,0,0
35995,0.749896,0,0
35996,0.749917,0,0
35997,0.749937,0,0
35998,0.749958,0,0
35999,0.749979,0,0
36000,0.75,0,0
36001,0.750021,0,0
36002,0.750042,0,0
36003,0.750063,0,0
36004,0.750083,0,0
36005,0.750104,0,0
36006,0.750125,0,0
36007,0.750146,0,0
36008,0.750167,0,0
36009,0.750188,0,0
36010,0.750208,0,0
36011,0.750229,0,0
36012,0.75025,0,0
36013,0.750271,0,0
36014,0.750292,0,0
36015,0.750313,0,0
36016,0.750333,0,0
36017,0.750354,0,0
36018,0.750375,0,0
36019,0.750396,0,0
36020,0.750417,0,0
36021,0.750437,0,0
36022,0.750458,0,0
36023,0.750479,0,0
36024,0.7505,0,0
36025,0.750521,0,0
36026,0.750542,0,0
36027,0.750562,0,0
36028,0.750583,0,0
36029,0.750604,0,0
36030,0.750625,0,0
36031,0.750646,0,0
36032,0.750667,0,0
36033,0.750687,0,0
36034,0.750708,0,0
36035,0.750729,0,0
36036,0.75075,0,0
36037,0.750771,0,0
36038,0.750792,0,0
36039,0.750812,0,0
36040,0.750833,0,0
36041,0.750854,0,0
36042,0.750875,0,0
36043,0.750896,0,0
36044,0.750917,0,0
36045,0.750938,0,0
36046,0.750958,0,0
36047,0.750979,0,0
36048,0.751,0,0
36049,0.751021,0,0
36050,0.751042,0,0
36051,0.751063,0,0
36052,0.751083,0,0
36053,0.751104,0,0
36054,0.751125,0,0
36055,0.751146,0,0
36056,0.751167,0,0
36057,0.751188,0,0
36058,0.751208,0,0
36059,0.751229,0,0
36060,0.75125,0,0
36061,0.751271,0,0
36062,0.751292,0,0
36063,0.751312,0,0
36064,0.751333,0,0
36065,0.751354,0,0
36066,0.751375,0,0
36067,0.751396,0,0
36068,0.751417,0,0
36069,0.751437,0,0
36070,0.751458,0,0
36071,0.751479,0,0
36072,0.7515,0,0
36073,0.751521,0,0
36074,0.751542,0,0
36075,0.751562,0,0
36076,0.751583,0,0
36077,0.751604,0,0
36078,0.751625,0,0
36079,0.751646,0,0
36080,0.751667,0,0
36081,0.751688,0,0
36082,0.751708,0,0
36083,0.751729,0,0
36084,0.75175,0,0
36085,0.751771,0,0
36086,0.751792,0,0
36087,0.751813,0,0
36088,0.751833,0,0
36089,0.751854,0,0
36090,0.751875,0,0
36091,0.751896,0,0
36092,0.751917,0,0
36093,0.751938,0,0
36094,0.751958,0,0
36095,0.751979,0,0
36096,0.752,0,0
36097,0.752021,0,0
36098,0.752042,0,0
36099,0.752062,0,0
36100,0.752083,0,0
36101,0.752104,0,0
36102,0.752125,0,0
36103,0.752146,0,0
36104,0.752167,0,0
36105,0.752187,0,0
36106,0.752208,0,0
36107,0.752229,0,0
36108,0.75225,0,0
36109,0.752271,0,0
36110,0.752292,0,0
36111,0.752312,0,0
36112,0.752333,0,0
36113,0.752354,0,0
36114,0.752375,0,0
36115,0.752396,0,0
36116,0.752417,0,0
36117,0.752437,0,0
36118,0.752458,0,0
36119,0.752479,0,0
36120,0.7525,0,0
36121,0.752521,0,0
36122,0.752542,0,0
36123,0.752563,0,0
36124,0.752583,0,0
36125,0.752604,0,0
36126,0.752625,0,0
36127,0.752646,0,0
36128,0.752667,0,0
36129,0.752688,0,0
36130,0.752708,0,0
36131,0.752729,0,0
36132,0.75275,0,0
36133,0.752771,0,0
36134,0.752792,0,0
36135,0.752813,0,0
36136,0.752833,0,0
36137,0.752854,0,0
36138,0.752875,0,0
36139,0.752896,0,0
36140,0.752917,0,0
36141,0.752937,0,0
36142,0.752958,0,0
36143,0.752979,0,0
36144,0.753,0,0
36145,0.753021,0,0
36146,0.753042,0,0
36147,0.753062,0,0
36148,0.753083,0,0
36149,0.753104,0,0
36150,0.753125,0,0
36151,0.753146,0,0
36152,0.753167,0,0
36153,0.753187,0,0
36154,0.753208,0,0
36155,0.753229,0,0
36156,0.75325,0,0
36157,0.753271,0,0
36158,0.753292,0,0
36159,0.753313,0,0
36160,0.753333,0,0
36161,0.753354,0,0
36162,0.753375,0,0
36163,0.753396,0,0
36164,0.753417,0,0
36165,0.753438,0,0
36166,0.753458,0,0
36167,0.753479,0,0
36168,0.7535,0,0
36169,0.753521,0,0
36170,0.753542,0,0
36171,0.753563,0,0
36172,0.753583,0,0
36173,0.753604,0,0
36174,0.753625,0,0
36175,0.753646,0,0
36176,0.753667,0,0
36177,0.753688,0,0
36178,0.753708,0,0
36179,0.753729,0,0
36180,0.75375,0,0
36181,0.753771,0,0
36182,0.753792,0,0
36183,0.753812,0,0
36184,0.753833,0,0
36185,0.753854,0,0
36186,0.753875,0,0
36187,0.753896,0,0
36188,0.753917,0,0
36189,0.753937,0,0
36190,0.753958,0,0
36191,0.753979,0,0
36192,0.754,0,0
36193,0.754021,0,0
36194,0.754042,0,0
36195,0.754062,0,0
36196,0.754083,0,0
36197,0.754104,0,0
36198,0.754125,0,0
36199,0.754146,0,0
36200,0.754167,0,0
36201,0.754188,0,0
36202,0.754208,0,0
36203,0.754229,0,0
36204,0.75425,0,0
36205,0.754271,0,0
36206,0.754292,0,0
36207,0.754313,0,0
36208,0.754333,0,0
36209,0.754354,0,0
36210,0.754375,0,0
36211,0.754396,0,0
36212,0.754417,0,0
36213,0.754438,0,0
36214,0.754458,0,0
36215,0.754479,0,0
36216,0.7545,0,0
36217,0.754521,0,0
36218,0.754542,0,0
36219,0.754562,0,0
36220,0.754583,0,0
36221,0.754604,0,0
36222,0.754625,0,0
36223,0.754646,0,0
36224,0.754667,0,0
36225,0.754687,0,0
36226,0.754708,0,0
36227,0.754729,0,0
36228,0.75475,0,0
36229,0.754771,0,0
36230,0.754792,0,0
36231,0.754812,0,0
36232,0.754833,0,0
36233,0.754854,0,0
36234,0.754875,0,0
36235,0.754896,0,0
36236,0.754917,0,0
36237,0.754938,0,0
36238,0.754958,0,0
36239,0.754979,0,0
36240,0.755,0,0
36241,0.755021,0,0
36242,0.755042,0,0
36243,0.755063,0,0
36244,0.755083,0,0
36245,0.755104,0,0
36246,0.755125,0,0
36247,0.755146,0,0
36248,0.755167,0,0
36249,0.755188,0,0
36250,0.755208,0,0
36251,0.755229,0,0
36252,0.75525,0,0
36253,0.755271,0,0
36254,0.755292,0,0
36255,0.755313,0,0
36256,0.755333,0,0
36257,0.755354,0,0
36258,0.755375,0,0
36259,0.755396,0,0
36260,0.755417,0,0
36261,0.755437,0,0
36262,0.755458,0,0
36263,0.755479,0,0
36264,0.7555,0,0
36265,0.755521,0,0
36266,0.755542,0,0
36267,0.755562,0,0
36268,0.755583,0,0
36269,0.755604,0,0
36270,0.755625,0,0
36271,0.755646,0,0
36272,0.755667,0,0
36273,0.755687,0,0
36274,0.755708,0,0
36275,0.755729,0,0
36276,0.75575,0,0
36277,0.755771,0,0
36278,0.755792,0,0
36279,0.755813,0,0
36280,0.755833,0,0
36281,0.755854,0,0
36282,0.755875,0,0
36283,0.755896,0,0
36284,0.755917,0,0
36285,0.755938,0,0
36286,0.755958,0,0
36287,0.755979,0,0
36288,0.756,0,0
36289,0.756021,0,0
36290,0.756042,0,0
36291,0.756063,0,0
36292,0.756083,0,0
36293,0.756104,0,0
36294,0.756125,0,0
36295,0.756146,0,0
36296,0.756167,0,0
36297,0.756187,0,0
36298,0.756208,0,0
36299,0.756229,0,0
36300,0.75625,0,0
36301,0.756271,0,0
36302,0.756292,0,0
36303,0.756312,0,0
36304,0.756333,0,0
36305,0.756354,0,0
36306,0.756375,0,0
36307,0.756396,0,0
36308,0.756417,0,0
36309,0.756437,0,0
36310,0.756458,0,0
36311,0.756479,0,0
36312,0.7565,0,0
36313,0.756521,0,0
36314,0.756542,0,0
36315,0.756562,0,0
36316,0.756583,0,0
36317,0.756604,0,0
36318,0.756625,0,0
36319,0.756646,0,0
36320,0.756667,0,0
36321,0.756688,0,0
36322,0.756708,0,0
36323,0.756729,0,0
36324,0.75675,0,0
36325,0.756771,0,0
36326,0.756792,0,0
36327,0.756813,0,0
36328,0.756833,0,0
36329,0.756854,0,0
36330,0.756875,0,0
36331,0.756896,0,0
36332,0.756917,0,0
36333,0.756938,0,0
36334,0.756958,0,0
36335,0.756979,0,0
36336,0.757,0,0
36337,0.757021,0,0
36338,0.757042,0,0
36339,0.757062,0,0
36340,0.757083,0,0
36341,0.757104,0,0
36342,0.757125,0,0
36343,0.757146,0,0
36344,0.757167,0,0
36345,0.757187,0,0
36346,0.757208,0,0
36347,0.757229,0,0
36348,0.75725,0,0
36349,0.757271,0,0
36350,0.757292,0,0
36351,0.757312,0,0
36352,0.757333,0,0
36353,0.757354,0,0
36354,0.757375,0,0
36355,0.757396,0,0
36356,0.757417,0,0
36357,0.757438,0,0
36358,0.757458,0,0
36359,0.757479,0,0
36360,0.7575,0,0
36361,0.757521,0,0
36362,0.757542,0,0
36363,0.757563,0,0
36364,0.757583,0,0
36365,0.757604,0,0
36366,0.757625,0,0
36367,0.757646,0,0
36368,0.757667,0,0
36369,0.757688,0,0
36370,0.757708,0,0
36371,0.757729,0,0
36372,0.75775,0,0
36373,0.757771,0,0
36374,0.757792,0,0
36375,0.757812,0,0
36376,0.757833,0,0
36377,0.757854,0,0
36378,0.757875,0,0
36379,0.757896,0,0
36380,0.757917,0,0
36381,0.757937,0,0
36382,0.757958,0,0
36383,0.757979,0,0
36384,0.758,0,0
36385,0.758021,0,0
36386,0.758042,0,0
36387,0.758062,0,0
36388,0.758083,0,0
36389,0.758104,0,0
36390,0.758125,0,0
36391,0.758146,0,0
36392,0.758167,0,0
36393,0.758187,0,0
36394,0.758208,0,0
36395,0.758229,0,0
36396,0.75825,0,0
36397,0.758271,0,0
36398,0.758292,0,0
36399,0.758313,0,0
36400,0.758333,0,0
36401,0.758354,0,0
36402,0.758375,0,0
36403,0.758396,0,0
36404,0.758417,0,0
36405,0.758438,0,0
36406,0.758458,0,0
36407,0.758479,0,0
36408,0.7585,0,0
36409,0.758521,0,0
36410,0.758542,0,0
36411,0.758563,0,0
36412,0.758583,0,0
36413,0.758604,0,0
36414,0.758625,0,0
36415,0.758646,0,0
36416,0.758667,0,0
36417,0.758687,0,0
36418,0.758708,0,0
36419,0.758729,0,0
36420,0.75875,0,0
36421,0.758771,0,0
36422,0.758792,0,0
36423,0.758812,0,0
36424,0.758833,0,0
36425,0.758854,0,0
36426,0.758875,0,0
36427,0.758896,0,0
36428,0.758917,0,0
36429,0.758937,0,0
36430,0.758958,0,0
36431,0.758979,0,0
36432,0.759,0,0
36433,0.759021,0,0
36434,0.759042,0,0
36435,0.759063,0,0
36436,0.759083,0,0
36437,0.759104,0,0
36438,0.759125,0,0
36439,0.759146,0,0
36440,0.759167,0,0
36441,0.759188,0,0
36442,0.759208,0,0
36443,0.759229,0,0
36444,0.75925,0,0
36445,0.759271,0,0
36446,0.759292,0,0
36447,0.759313,0,0
36448,0.759333,0,0
36449,0.759354,0,0
36450,0.759375,0,0
36451,0.759396,0,0
36452,0.759417,0,0
36453,0.759438,0,0
36454,0.759458,0,0
36455,0.759479,0,0
36456,0.7595,0,0
36457,0.759521,0,0
36458,0.759542,0,0
36459,0.759562,0,0
36460,0.759583,0,0
36461,0.759604,0,0
36462,0.759625,0,0
36463,0.759646,0,0
36464,0.759667,0,0
36465,0.759687,0,0
36466,0.759708,0,0
36467,0.759729,0,0
36468,0.75975,0,0
36469,0.759771,0,0
36470,0.759792,0,0
36471,0.759812,0,0
36472,0.759833,0,0
36473,0.759854,0,0
36474,0.759875,0,0
36475,0.759896,0,0
36476,0.759917,0,0
36477,0.759938,0,0
36478,0.759958,0,0
36479,0.759979,0,0
36480,0.76,0,0
36481,0.760021,0,0
36482,0.760042,0,0
36483,0.760063,0,0
36484,0.760083,0,0
36485,0.760104,0,0
36486,0.760125,0,0
36487,0.760146,0,0
36488,0.760167,0,0
36489,0.760188,0,0
36490,0.760208,0,0
36491,0.760229,0,0
36492,0.76025,0,0
36493,0.760271,0,0
36494,0.760292,0,0
36495,0.760312,0,0
36496,0.760333,0,0
36497,0.760354,0,0
36498,0.760375,0,0
36499,0.760396,0,0
36500,0.760417,0,0
36501,0.760437,0,0
36502,0.760458,0,0
36503,0.760479,0,0
36504,0.7605,0,0
36505,0.760521,0,0
36506,0.760542,0,0
36507,0.760562,0,0
36508,0.760583,0,0
36509,0.760604,0,0
36510,0.760625,0,0
36511,0.760646,0,0
36512,0.760667,0,0
36513,0.760687,0,0
36514,0.760708,0,0
36515,0.760729,0,0
36516,0.76075,0,0
36517,0.760771,0,0
36518,0.760792,0,0
36519,0.760813,0,0
36520,0.760833,0,0
36521,0.760854,0,0
36522,0.760875,0,0
36523,0.760896,0,0
36524,0.760917,0,0
36525,0.760938,0,0
36526,0.760958,0,0
36527,0.760979,0,0
36528,0.761,0,0
36529,0.761021,0,0
36530,0.761042,0,0
36531,0.761063,0,0
36532,0.761083,0,0
36533,0.761104,0,0
36534,0.761125,0,0
36535,0.761146,0,0
36536,0.761167,0,0
36537,0.761187,0,0
36538,0.761208,0,0
36539,0.761229,0,0
36540,0.76125,0,0
36541,0.761271,0,0
36542,0.761292,0,0
36543,0.761312,0,0
36544,0.761333,0,0
36545,0.761354,0,0
36546,0.761375,0,0
36547,0.761396,0,0
36548,0.761417,0,0
36549,0.761437,0,0
36550,0.761458,0,0
36551,0.761479,0,0
36552,0.7615,0,0
36553,0.761521,0,0
36554,0.761542,0,0
36555,0.761563,0,0
36556,0.761583,0,0
36557,0.761604,0,0
36558,0.761625,0,0
36559,0.761646,0,0
36560,0.761667,0,0
36561,0.761688,0,0
36562,0.761708,0,0
36563,0.761729,0,0
36564,0.76175,0,0
36565,0.761771,0,0
36566,0.761792,0,0
36567,0.761813,0,0
36568,0.761833,0,0
36569,0.761854,0,0
36570,0.761875,0,0
36571,0.761896,0,0
36572,0.761917,0,0
36573,0.761937,0,0
36574,0.761958,0,0
36575,0.761979,0,0
36576,0.762,0,0
36577,0.762021,0,0
36578,0.762042,0,0
36579,0.762062,0,0
36580,0.762083,0,0
36581,0.762104,0,0
36582,0.762125,0,0
36583,0.762146,0,0
36584,0.762167,0,0
36585,0.762187,0,0
36586,0.762208,0,0
36587,0.762229,0,0
36588,0.76225,0,0
36589,0.762271,0,0
36590,0.762292,0,0
36591,0.762312,0,0
36592,0.762333,0,0
36593,0.762354,0,0
36594,0.762375,0,0
36595,0.762396,0,0
36596,0.762417,0,0
36597,0.762438,0,0
36598,0.762458,0,0
36599,0.762479,0,0
36600,0.7625,0,0
36601,0.762521,0,0
36602,0.762542,0,0
36603,0.762563,0,0
36604,0.762583,0,0
36605,0.762604,0,0
36606,0.762625,0,0
36607,0.762646,0,0
36608,0.762667,0,0
36609,0.762688,0,0
36610,0.762708,0,0
36611,0.762729,0,0
36612,0.76275,0,0
36613,0.762771,0,0
36614,0.762792,0,0
36615,0.762812,0,0
36616,0.762833,0,0
36617,0.762854,0,0
36618,0.762875,0,0
36619,0.762896,0,0
36620,0.762917,0,0
36621,0.762937,0,0
36622,0.762958,0,0
36623,0.762979,0,0
36624,0.763,0,0
36625,0.763021,0,0
36626,0.763042,0,0
36627,0.763062,0,0
36628,0.763083,0,0
36629,0.763104,0,0
36630,0.763125,0,0
36631,0.763146,0,0
36632,0.763167,0,0
36633,0.763188,0,0
36634,0.763208,0,0
36635,0.763229,0,0
36636,0.76325,0,0
36637,0.763271,0,0
36638,0.763292,0,0
36639,0.763313,0,0
36640,0.763333,0,0
36641,0.763354,0,0
36642,0.763375,0,0
36643,0.763396,0,0
36644,0.763417,0,0
36645,0.763438,0,0
36646,0.763458,0,0
36647,0.763479,0,0
36648,0.7635,0,0
36649,0.763521,0,0
36650,0.763542,0,0
36651,0.763563,0,0
36652,0.763583,0,0
36653,0.763604,0,0
36654,0.763625,0,0
36655,0.763646,0,0
36656,0.763667,0,0
36657,0.763687,0,0
36658,0.763708,0,0
36659,0.763729,0,0
36660,0.76375,0,0
36661,0.763771,0,0
36662,0.763792,0,0
36663,0.763812,0,0
36664,0.763833,0,0
36665,0.763854,0,0
36666,0.763875,0,0
36667,0.763896,0,0
36668,0.763917,0,0
36669,0.763937,0,0
36670,0.763958,0,0
36671,0.763979,0,0
36672,0.764,0,0
36673,0.764021,0,0
36674,0.764042,0,0
36675,0.764063,0,0
36676,0.764083,0,0
36677,0.764104,0,0
36678,0.764125,0,0
36679,0.764146,0,0
36680,0.764167,0,0
36681,0.764188,0,0
36682,0.764208,0,0
36683,0.764229,0,0
36684,0.76425,0,0
36685,0.764271,0,0
36686,0.764292,0,0
36687,0.764313,0,0
36688,0.764333,0,0
36689,0.764354,0,0
36690,0.764375,0,0
36691,0.764396,0,0
36692,0.764417,0,0
36693,0.764437,0,0
36694,0.764458,0,0
36695,0.764479,0,0
36696,0.7645,0,0
36697,0.764521,0,0
36698,0.764542,0,0
36699,0.764562,0,0
36700,0.764583,0,0
36701,0.764604,0,0
36702,0.764625,0,0
36703,0.764646,0,0
36704,0.764667,0,0
36705,0.764687,0,0
36706,0.764708,0,0
36707,0.764729,0,0
36708,0.76475,0,0
36709,0.764771,0,0
36710,0.764792,0,0
36711,0.764813,0,0
36712,0.764833,0,0
36713,0.764854,0,0
36714,0.764875,0,0
36715,0.764896,0,0
36716,0.764917,0,0
36717,0.764938,0,0
36718,0.764958,0,0
36719,0.764979,0,0
36720,0.765,0,0
36721,0.765021,0,0
36722,0.765042,0,0
36723,0.765063,0,0
36724,0.765083,0,0
36725,0.765104,0,0
36726,0.765125,0,0
36727,0.765146,0,0
36728,0.765167,0,0
36729,0.765188,0,0
36730,0.765208,0,0
36731,0.765229,0,0
36732,0.76525,0,0
36733,0.765271,0,0
36734,0.765292,0,0
36735,0.765312,0,0
36736,0.765333,0,0
36737,0.765354,0,0
36738,0.765375,0,0
36739,0.765396,0,0
36740,0.765417,0,0
36741,0.765437,0,0
36742,0.765458,0,0
36743,0.765479,0,0
36744,0.7655,0,0
36745,0.765521,0,0
36746,0.765542,0,0
36747,0.765562,0,0
36748,0.765583,0,0
36749,0.765604,0,0
36750,0.765625,0,0
36751,0.765646,0,0
36752,0.765667,0,0
36753,0.765688,0,0
36754,0.765708,0,0
36755,0.765729,0,0
36756,0.76575,0,0
36757,0.765771,0,0
36758,0.765792,0,0
36759,0.765813,0,0
36760,0.765833,0,0
36761,0.765854,0,0
36762,0.765875,0,0
36763,0.765896,0,0
36764,0.765917,0,0
36765,0.765938,0,0
36766,0.765958,0,0
36767,0.765979,0,0
36768,0.766,0,0
36769,0.766021,0,0
36770,0.766042,0,0
36771,0.766062,0,0
36772,0.766083,0,0
36773,0.766104,0,0
36774,0.766125,0,0
36775,0.766146,0,0
36776,0.766167,0,0
36777,0.766187,0,0
36778,0.766208,0,0
36779,0.766229,0,0
36780,0.76625,0,0
36781,0.766271,0,0
36782,0.766292,0,0
36783,0.766312,0,0
36784,0.766333,0,0
36785,0.766354,0,0
36786,0.766375,0,0
36787,0.766396,0,0
36788,0.766417,0,0
36789,0.766437,0,0
36790,0.766458,0,0
36791,0.766479,0,0
36792,0.7665,0,0
36793,0.766521,0,0
36794,0.766542,0,0
36795,0.766563,0,0
36796,0.766583,0,0
36797,0.766604,0,0
36798,0.766625,0,0
36799,0.766646,0,0
36800,0.766667,0,0
36801,0.766688,0,0
36802,0.766708,0,0
36803,0.766729,0,0
36804,0.76675,0,0
36805,0.766771,0,0
36806,0.766792,0,0
36807,0.766813,0,0
36808,0.766833,0,0
36809,0.766854,0,0
36810,0.766875,0,0
36811,0.766896,0,0
36812,0.766917,0,0
36813,0.766937,0,0
36814,0.766958,0,0
36815,0.766979,0,0
36816,0.767,0,0
36817,0.767021,0,0
36818,0.767042,0,0
36819,0.767062,0,0
36820,0.767083,0,0
36821,0.767104,0,0
36822,0.767125,0,0
36823,0.767146,0,0
36824,0.767167,0,0
36825,0.767187,0,0
36826,0.767208,0,0
36827,0.767229,0,0
36828,0.76725,0,0
36829,0.767271,0,0
36830,0.767292,0,0
36831,0.767313,0,0
36832,0.767333,0,0
36833,0.767354,0,0
36834,0.767375,0,0
36835,0.767396,0,0
36836,0.767417,0,0
36837,0.767438,0,0
36838,0.767458,0,0
36839,0.767479,0,0
36840,0.7675,0,0
36841,0.767521,0,0
36842,0.767542,0,0
36843,0.767563,0,0
36844,0.767583,0,0
36845,0.767604,0,0
36846,0.767625,0,0
36847,0.767646,0,0
36848,0.767667,0,0
36849,0.767687,0,0
36850,0.767708,0,0
36851,0.767729,0,0
36852,0.76775,0,0
36853,0.767771,0,0
36854,0.767792,0,0
36855,0.767812,0,0
36856,0.767833,0,0
36857,0.767854,0,0
36858,0.767875,0,0
36859,0.767896,0,0
36860,0.767917,0,0
36861,0.767937,0,0
36862,0.767958,0,0
36863,0.767979,0,0
36864,0.768,0,0
36865,0.768021,0,0
36866,0.768042,0,0
36867,0.768062,0,0
36868,0.768083,0,0
36869,0.768104,0,0
36870,0.768125,0,0
36871,0.768146,0,0
36872,0.768167,0,0
36873,0.768188,0,0
36874,0.768208,0,0
36875,0.768229,0,0
36876,0.76825,0,0
36877,0.768271,0,0
36878,0.768292,0,0
36879,0.768313,0,0
36880,0.768333,0,0
36881,0.768354,0,0
36882,0.768375,0,0
36883,0.768396,0,0
36884,0.768417,0,0
36885,0.768438,0,0
36886,0.768458,0,0
36887,0.768479,0,0
36888,0.7685,0,0
36889,0.768521,0,0
36890,0.768542,0,0
36891,0.768562,0,0
36892,0.768583,0,0
36893,0.768604,0,0
36894,0.768625,0,0
36895,0.768646,0,0
36896,0.768667,0,0
36897,0.768687,0,0
36898,0.768708,0,0
36899,0.768729,0,0
36900,0.76875,0,0
36901,0.768771,0,0
36902,0.768792,0,0
36903,0.768812,0,0
36904,0.768833,0,0
36905,0.768854,0,0
36906,0.768875,0,0
36907,0.768896,0,0
36908,0.768917,0,0
36909,0.768938,0,0
36910,0.768958,0,0
36911,0.768979,0,0
36912,0.769,0,0
36913,0.769021,0,0
36914,0.769042,0,0
36915,0.769063,0,0
36916,0.769083,0,0
36917,0.769104,0,0
36918,0.769125,0,0
36919,0.769146,0,0
36920,0.769167,0,0
36921,0.769188,0,0
36922,0.769208,0,0
36923,0.769229,0,0
36924,0.76925,0,0
36925,0.769271,0,0
36926,0.769292,0,0
36927,0.769313,0,0
36928,0.769333,0,0
36929,0.769354,0,0
36930,0.769375,0,0
36931,0.769396,0,0
36932,0.769417,0,0
36933,0.769437,0,0
36934,0.769458,0,0
36935,0.769479,0,0
36936,0.7695,0,0
36937,0.769521,0,0
36938,0.769542,0,0
36939,0.769562,0,0
36940,0.769583,0,0
36941,0.769604,0,0
36942,0.769625,0,0
36943,0.769646,0,0
36944,0.769667,0,0
36945,0.769687,0,0
36946,0.769708,0,0
36947,0.769729,0,0
36948,0.76975,0,0
36949,0.769771,0,0
36950,0.769792,0,0
36951,0.769813,0,0
36952,0.769833,0,0
36953,0.769854,0,0
36954,0.769875,0,0
36955,0.769896,0,0
36956,0.769917,0,0
36957,0.769938,0,0
36958,0.769958,0,0
36959,0.769979,0,0
36960,0.77,0,0
36961,0.770021,0,0
36962,0.770042,0,0
36963,0.770063,0,0
36964,0.770083,0,0
36965,0.770104,0,0
36966,0.770125,0,0
36967,0.770146,0,0
36968,0.770167,0,0
36969,0.770187,0,0
36970,0.770208,0,0
36971,0.770229,0,0
36972,0.77025,0,0
36973,0.770271,0,0
36974,0.770292,0,0
36975,0.770312,0,0
36976,0.770333,0,0
36977,0.770354,0,0
36978,0.770375,0,0
36979,0.770396,0,0
36980,0.770417,0,0
36981,0.770437,0,0
36982,0.770458,0,0
36983,0.770479,0,0
36984,0.7705,0,0
36985,0.770521,0,0
36986,0.770542,0,0
36987,0.770563,0,0
36988,0.770583,0,0
36989,0.770604,0,0
36990,0.770625,0,0
36991,0.770646,0,0
36992,0.770667,0,0
36993,0.770688,0,0
36994,0.770708,0,0
36995,0.770729,0,0
36996,0.77075,0,0
36997,0.770771,0,0
36998,0.770792,0,0
36999,0.770813,0,0
37000,0.770833,0,0
37001,0.770854,0,0
37002,0.770875,0,0
37003,0.770896,0,0
37004,0.770917,0,0
37005,0.770938,0,0
37006,0.770958,0,0
37007,0.770979,0,0
37008,0.771,0,0
37009,0.771021,0,0
37010,0.771042,0,0
37011,0.771062,0,0
37012,0.771083,0,0
37013,0.771104,0,0
37014,0.771125,0,0
37015,0.771146,0,0
37016,0.771167,0,0
37017,0.771187,0,0
37018,0.771208,0,0
37019,0.771229,0,0
37020,0.77125,0,0
37021,0.771271,0,0
37022,0.771292,0,0
37023,0.771312,0,0
37024,0.771333,0,0
37025,0.771354,0,0
37026,0.771375,0,0
37027,0.771396,0,0
37028,0.771417,0,0
37029,0.771438,0,0
37030,0.771458,0,0
37031,0.771479,0,0
37032,0.7715,0,0
37033,0.771521,0,0
37034,0.771542,0,0
37035,0.771563,0,0
37036,0.771583,0,0
37037,0.771604,0,0
37038,0.771625,0,0
37039,0.771646,0,0
37040,0.771667,0,0
37041,0.771688,0,0
37042,0.771708,0,0
37043,0.771729,0,0
37044,0.77175,0,0
37045,0.771771,0,0
37046,0.771792,0,0
37047,0.771812,0,0
37048,0.771833,0,0
37049,0.771854,0,0
37050,0.771875,0,0
37051,0.771896,0,0
37052,0.771917,0,0
37053,0.771937,0,0
37054,0.771958,0,0
37055,0.771979,0,0
37056,0.772,0,0
37057,0.772021,0,0
37058,0.772042,0,0
37059,0.772062,0,0
37060,0.772083,0,0
37061,0.772104,0,0
37062,0.772125,0,0
37063,0.772146,0,0
37064,0.772167,0,0
37065,0.772187,0,0
37066,0.772208,0,0
37067,0.772229,0,0
37068,0.77225,0,0
37069,0.772271,0,0
37070,0.772292,0,0
37071,0.772313,0,0
37072,0.772333,0,0
37073,0.772354,0,0
37074,0.772375,0,0
37075,0.772396,0,0
37076,0.772417,0,0
37077,0.772438,0,0
37078,0.772458,0,0
37079,0.772479,0,0
37080,0.7725,0,0
37081,0.772521,0,0
37082,0.772542,0,0
37083,0.772563,0,0
37084,0.772583,0,0
37085,0.772604,0,0
37086,0.772625,0,0
37087,0.772646,0,0
37088,0.772667,0,0
37089,0.772687,0,0
37090,0.772708,0,0
37091,0.772729,0,0
37092,0.77275,0,0
37093,0.772771,0,0
37094,0.772792,0,0
37095,0.772812,0,0
37096,0.772833,0,0
37097,0.772854,0,0
37098,0.772875,0,0
37099,0.772896,0,0
37100,0.772917,0,0
37101,0.772937,0,0
37102,0.772958,0,0
37103,0.772979,0,0
37104,0.773,0,0
37105,0.773021,0,0
37106,0.773042,0,0
37107,0.773063,0,0
37108,0.773083,0,0
37109,0.773104,0,0
37110,0.773125,0,0
37111,0.773146,0,0
37112,0.773167,0,0
37113,0.773188,0,0
37114,0.773208,0,0
37115,0.773229,0,0
37116,0.77325,0,0
37117,0.773271,0,0
37118,0.773292,0,0
37119,0.773313,0,0
37120,0.773333,0,0
37121,0.773354,0,0
37122,0.773375,0,0
37123,0.773396,0,0
37124,0.773417,0,0
37125,0.773438,0,0
37126,0.773458,0,0
37127,0.773479,0,0
37128,0.7735,0,0
37129,0.773521,0,0
37130,0.773542,0,0
37131,0.773562,0,0
37132,0.773583,0,0
37133,0.773604,0,0
37134,0.773625,0,0
37135,0.773646,0,0
37136,0.773667,0,0
37137,0.773687,0,0
37138,0.773708,0,0
37139,0.773729,0,0
37140,0.77375,0,0
37141,0.773771,0,0
37142,0.773792,0,0
37143,0.773812,0,0
37144,0.773833,0,0
37145,0.773854,0,0
37146,0.773875,0,0
37147,0.773896,0,0
37148,0.773917,0,0
37149,0.773938,0,0
37150,0.773958,0,0
37151,0.773979,0,0
37152,0.774,0,0
37153,0.774021,0,0
37154,0.774042,0,0
37155,0.774063,0,0
37156,0.774083,0,0
37157,0.774104,0,0
37158,0.774125,0,0
37159,0.774146,0,0
37160,0.774167,0,0
37161,0.774188,0,0
37162,0.774208,0,0
37163,0.774229,0,0
37164,0.77425,0,0
37165,0.774271,0,0
37166,0.774292,0,0
37167,0.774312,0,0
37168,0.774333,0,0
37169,0.774354,0,0
37170,0.774375,0,0
37171,0.774396,0,0
37172,0.774417,0,0
37173,0.774437,0,0
37174,0.774458,0,0
37175,0.774479,0,0
37176,0.7745,0,0
37177,0.774521,0,0
37178,0.774542,0,0
37179,0.774562,0,0
37180,0.774583,0,0
37181,0.774604,0,0
37182,0.774625,0,0
37183,0.774646,0,0
37184,0.774667,0,0
37185,0.774688,0,0
37186,0.774708,0,0
37187,0.774729,0,0
37188,0.77475,0,0
37189,0.774771,0,0
37190,0.774792,0,0
37191,0.774813,0,0
37192,0.774833,0,0
37193,0.774854,0,0
37194,0.774875,0,0
37195,0.774896,0,0
37196,0.774917,0,0
37197,0.774938,0,0
37198,0.774958,0,0
37199,0.774979,0,0
37200,0.775,0,0
37201,0.775021,0,0
37202,0.775042,0,0
37203,0.775063,0,0
37204,0.775083,0,0
37205,0.775104,0,0
37206,0.775125,0,0
37207,0.775146,0,0
37208,0.775167,0,0
37209,0.775187,0,0
37210,0.775208,0,0
37211,0.775229,0,0
37212,0.77525,0,0
37213,0.775271,0,0
37214,0.775292,0,0
37215,0.775312,0,0
37216,0.775333,0,0
37217,0.775354,0,0
37218,0.775375,0,0
37219,0.775396,0,0
37220,0.775417,0,0
37221,0.775437,0,0
37222,0.775458,0,0
37223,0.775479,0,0
37224,0.7755,0,0
37225,0.775521,0,0
37226,0.775542,0,0
37227,0.775563,0,0
37228,0.775583,0,0
37229,0.775604,0,0
37230,0.775625,0,0
37231,0.775646,0,0
37232,0.775667,0,0
37233,0.775688,0,0
37234,0.775708,0,0
37235,0.775729,0,0
37236,0.77575,0,0
37237,0.775771,0,0
37238,0.775792,0,0
37239,0.775813,0,0
37240,0.775833,0,0
37241,0.775854,0,0
37242,0.775875,0,0
37243,0.775896,0,0
37244,0.775917,0,0
37245,0.775937,0,0
37246,0.775958,0,0
37247,0.775979,0,0
37248,0.776,0,0
37249,0.776021,0,0
37250,0.776042,0,0
37251,0.776062,0,0
37252,0.776083,0,0
37253,0.776104,0,0
37254,0.776125,0,0
37255,0.776146,0,0
37256,0.776167,0,0
37257,0.776187,0,0
37258,0.776208,0,0
37259,0.776229,0,0
37260,0.77625,0,0
37261,0.776271,0,0
37262,0.776292,0,0
37263,0.776312,0,0
37264,0.776333,0,0
37265,0.776354,0,0
37266,0.776375,0,0
37267,0.776396,0,0
37268,0.776417,0,0
37269,0.776438,0,0
37270,0.776458,0,0
37271,0.776479,0,0
37272,0.7765,0,0
37273,0.776521,0,0
37274,0.776542,0,0
37275,0.776563,0,0
37276,0.776583,0,0
37277,0.776604,0,0
37278,0.776625,0,0
37279,0.776646,0,0
37280,0.776667,0,0
37281,0.776688,0,0
37282,0.776708,0,0
37283,0.776729,0,0
37284,0.77675,0,0
37285,0.776771,0,0
37286,0.776792,0,0
37287,0.776812,0,0
37288,0.776833,0,0
37289,0.776854,0,0
37290,0.776875,0,0
37291,0.776896,0,0
37292,0.776917,0,0
37293,0.776937,0,0
37294,0.776958,0,0
37295,0.776979,0,0
37296,0.777,0,0
37297,0.777021,0,0
37298,0.777042,0,0
37299,0.777062,0,0
37300,0.777083,0,0
37301,0.777104,0,0
37302,0.777125,0,0
37303,0.777146,0,0
37304,0.777167,0,0
37305,0.777188,0,0
37306,0.777208,0,0
37307,0.777229,0,0
37308,0.77725,0,0
37309,0.777271,0,0
37310,0.777292,0,0
37311,0.777313,0,0
37312,0.777333,0,0
37313,0.777354,0,0
37314,0.777375,0,0
37315,0.777396,0,0
37316,0.777417,0,0
37317,0.777438,0,0
37318,0.777458,0,0
37319,0.777479,0,0
37320,0.7775,0,0
37321,0.777521,0,0
37322,0.777542,0,0
37323,0.777562,0,0
37324,0.777583,0,0
37325,0.777604,0,0
37326,0.777625,0,0
37327,0.777646,0,0
37328,0.777667,0,0
37329,0.777687,0,0
37330,0.777708,0,0
37331,0.777729,0,0
37332,0.77775,0,0
37333,0.777771,0,0
37334,0.777792,0,0
37335,0.777812,0,0
37336,0.777833,0,0
37337,0.777854,0,0
37338,0.777875,0,0
37339,0.777896,0,0
37340,0.777917,0,0
37341,0.777937,0,0
37342,0.777958,0,0
37343,0.777979,0,0
37344,0.778,0,0
37345,0.778021,0,0
37346,0.778042,0,0
37347,0.778063,0,0
37348,0.778083,0,0
37349,0.778104,0,0
37350,0.778125,0,0
37351,0.778146,0,0
37352,0.778167,0,0
37353,0.778188,0,0
37354,0.778208,0,0
37355,0.778229,0,0
37356,0.77825,0,0
37357,0.778271,0,0
37358,0.778292,0,0
37359,0.778313,0,0
37360,0.778333,0,0
37361,0.778354,0,0
37362,0.778375,0,0
37363,0.778396,0,0
37364,0.778417,0,0
37365,0.778437,0,0
37366,0.778458,0,0
37367,0.778479,0,0
37368,0.7785,0,0
37369,0.778521,0,0
37370,0.778542,0,0
37371,0.778562,0,0
37372,0.778583,0,0
37373,0.778604,0,0
37374,0.778625,0,0
37375,0.778646,0,0
37376,0.778667,0,0
37377,0.778687,0,0
37378,0.778708,0,0
37379,0.778729,0,0
37380,0.77875,0,0
37381,0.778771,0,0
37382,0.778792,0,0
37383,0.778813,0,0
37384,0.778833,0,0
37385,0.778854,0,0
37386,0.778875,0,0
37387,0.778896,0,0
37388,0.778917,0,0
37389,0.778938,0,0
37390,0.778958,0,0
37391,0.778979,0,0
37392,0.779,0,0
37393,0.779021,0,0
37394,0.779042,0,0
37395,0.779063,0,0
37396,0.779083,0,0
37397,0.779104,0,0
37398,0.779125,0,0
37399,0.779146,0,0
37400,0.779167,0,0
37401,0.779188,0,0
37402,0.779208,0,0
37403,0.779229,0,0
37404,0.77925,0,0
37405,0.779271,0,0
37406,0.779292,0,0
37407,0.779312,0,0
37408,0.779333,0,0
37409,0.779354,0,0
37410,0.779375,0,0
37411,0.779396,0,0
37412,0.779417,0,0
37413,0.779437,0,0
37414,0.779458,0,0
37415,0.779479,0,0
37416,0.7795,0,0
37417,0.779521,0,0
37418,0.779542,0,0
37419,0.779562,0,0
37420,0.779583,0,0
37421,0.779604,0,0
37422,0.779625,0,0
37423,0.779646,0,0
37424,0.779667,0,0
37425,0.779688,0,0
37426,0.779708,0,0
37427,0.779729,0,0
37428,0.77975,0,0
37429,0.779771,0,0
37430,0.779792,0,0
37431,0.779813,0,0
37432,0.779833,0,0
37433,0.779854,0,0
37434,0.779875,0,0
37435,0.779896,0,0
37436,0.779917,0,0
37437,0.779938,0,0
37438,0.779958,0,0
37439,0.779979,0,0
37440,0.78,0,0
37441,0.780021,0,0
37442,0.780042,0,0
37443,0.780062,0,0
37444,0.780083,0,0
37445,0.780104,0,0
37446,0.780125,0,0
37447,0.780146,0,0
37448,0.780167,0,0
37449,0.780187,0,0
37450,0.780208,0,0
37451,0.780229,0,0
37452,0.78025,0,0
37453,0.780271,0,0
37454,0.780292,0,0
37455,0.780312,0,0
37456,0.780333,0,0
37457,0.780354,0,0
37458,0.780375,0,0
37459,0.780396,0,0
37460,0.780417,0,0
37461,0.780438,0,0
37462,0.780458,0,0
37463,0.780479,0,0
37464,0.7805,0,0
37465,0.780521,0,0
37466,0.780542,0,0
37467,0.780563,0,0
37468,0.780583,0,0
37469,0.780604,0,0
37470,0.780625,0,0
37471,0.780646,0,0
37472,0.780667,0,0
37473,0.780688,0,0
37474,0.780708,0,0
37475,0.780729,0,0
37476,0.78075,0,0
37477,0.780771,0,0
37478,0.780792,0,0
37479,0.780813,0,0
37480,0.780833,0,0
37481,0.780854,0,0
37482,0.780875,0,0
37483,0.780896,0,0
37484,0.780917,0,0
37485,0.780937,0,0
37486,0.780958,0,0
37487,0.780979,0,0
37488,0.781,0,0
37489,0.781021,0,0
37490,0.781042,0,0
37491,0.781062,0,0
37492,0.781083,0,0
37493,0.781104,0,0
37494,0.781125,0,0
37495,0.781146,0,0
37496,0.781167,0,0
37497,0.781187,0,0
37498,0.781208,0,0
37499,0.781229,0,0
37500,0.78125,0,0
37501,0.781271,0,0
37502,0.781292,0,0
37503,0.781313,0,0
37504,0.781333,0,0
37505,0.781354,0,0
37506,0.781375,0,0
37507,0.781396,0,0
37508,0.781417,0,0
37509,0.781438,0,0
37510,0.781458,0,0
37511,0.781479,0,0
37512,0.7815,0,0
37513,0.781521,0,0
37514,0.781542,0,0
37515,0.781563,0,0
37516,0.781583,0,0
37517,0.781604,0,0
37518,0.781625,0,0
37519,0.781646,0,0
37520,0.781667,0,0
37521,0.781687,0,0
37522,0.781708,0,0
37523,0.781729,0,0
37524,0.78175,0,0
37525,0.781771,0,0
37526,0.781792,0,0
37527,0.781812,0,0
37528,0.781833,0,0
37529,0.781854,0,0
37530,0.781875,0,0
37531,0.781896,0,0
37532,0.781917,0,0
37533,0.781937,0,0
37534,0.781958,0,0
37535,0.781979,0,0
37536,0.782,0,0
37537,0.782021,0,0
37538,0.782042,0,0
37539,0.782062,0,0
37540,0.782083,0,0
37541,0.782104,0,0
37542,0.782125,0,0
37543,0.782146,0,0
37544,0.782167,0,0
37545,0.782188,0,0
37546,0.782208,0,0
37547,0.782229,0,0
37548,0.78225,0,0
37549,0.782271,0,0
37550,0.782292,0,0
37551,0.782313,0,0
37552,0.782333,0,0
37553,0.782354,0,0
37554,0.782375,0,0
37555,0.782396,0,0
37556,0.782417,0,0
37557,0.782438,0,0
37558,0.782458,0,0
37559,0.782479,0,0
37560,0.7825,0,0
37561,0.782521,0,0
37562,0.782542,0,0
37563,0.782562,0,0
37564,0.782583,0,0
37565,0.782604,0,0
37566,0.782625,0,0
37567,0.782646,0,0
37568,0.782667,0,0
37569,0.782687,0,0
37570,0.782708,0,0
37571,0.782729,0,0
37572,0.78275,0,0
37573,0.782771,0,0
37574,0.782792,0,0
37575,0.782812,0,0
37576,0.782833,0,0
37577,0.782854,0,0
37578,0.782875,0,0
37579,0.782896,0,0
37580,0.782917,0,0
37581,0.782938,0,0
37582,0.782958,0,0
37583,0.782979,0,0
37584,0.783,0,0
37585,0.783021,0,0
37586,0.783042,0,0
37587,0.783063,0,0
37588,0.783083,0,0
37589,0.783104,0,0
37590,0.783125,0,0
37591,0.783146,0,0
37592,0.783167,0,0
37593,0.783188,0,0
37594,0.783208,0,0
37595,0.783229,0,0
37596,0.78325,0,0
37597,0.783271,0,0
37598,0.783292,0,0
37599,0.783312,0,0
37600,0.783333,0,0
37601,0.783354,0,0
37602,0.783375,0,0
37603,0.783396,0,0
37604,0.783417,0,0
37605,0.783437,0,0
37606,0.783458,0,0
37607,0.783479,0,0
37608,0.7835,0,0
37609,0.783521,0,0
37610,0.783542,0,0
37611,0.783562,0,0
37612,0.783583,0,0
37613,0.783604,0,0
37614,0.783625,0,0
37615,0.783646,0,0
37616,0.783667,0,0
37617,0.783687,0,0
37618,0.783708,0,0
37619,0.783729,0,0
37620,0.78375,0,0
37621,0.783771,0,0
37622,0.783792,0,0
37623,0.783813,0,0
37624,0.783833,0,0
37625,0.783854,0,0
37626,0.783875,0,0
37627,0.783896,0,0
37628,0.783917,0,0
37629,0.783938,0,0
37630,0.783958,0,0
37631,0.783979,0,0
37632,0.784,0,0
37633,0.784021,0,0
37634,0.784042,0,0
37635,0.784063,0,0
37636,0.784083,0,0
37637,0.784104,0,0
37638,0.784125,0,0
37639,0.784146,0,0
37640,0.784167,0,0
37641,0.784187,0,0
37642,0.784208,0,0
37643,0.784229,0,0
37644,0.78425,0,0
37645,0.784271,0,0
37646,0.784292,0,0
37647,0.784312,0,0
37648,0.784333,0,0
37649,0.784354,0,0
37650,0.784375,0,0
37651,0.784396,0,0
37652,0.784417,0,0
37653,0.784437,0,0
37654,0.784458,0,0
37655,0.784479,0,0
37656,0.7845,0,0
37657,0.784521,0,0
37658,0.784542,0,0
37659,0.784563,0,0
37660,0.784583,0,0
37661,0.784604,0,0
37662,0.784625,0,0
37663,0.784646,0,0
37664,0.784667,0,0
37665,0.784688,0,0
37666,0.784708,0,0
37667,0.784729,0,0
37668,0.78475,0,0
37669,0.784771,0,0
37670,0.784792,0,0
37671,0.784813,0,0
37672,0.784833,0,0
37673,0.784854,0,0
37674,0.784875,0,0
37675,0.784896,0,0
37676,0.784917,0,0
37677,0.784938,0,0
37678,0.784958,0,0
37679,0.784979,0,0
37680,0.785,0,0
37681,0.785021,0,0
37682,0.785042,0,0
37683,0.785062,0,0
37684,0.785083,0,0
37685,0.785104,0,0
37686,0.785125,0,0
37687,0.785146,0,0
37688,0.785167,0,0
37689,0.785187,0,0
37690,0.785208,0,0
37691,0.785229,0,0
37692,0.78525,0,0
37693,0.785271,0,0
37694,0.785292,0,0
37695,0.785312,0,0
37696,0.785333,0,0
37697,0.785354,0,0
37698,0.785375,0,0
37699,0.785396,0,0
37700,0.785417,0,0
37701,0.785438,0,0
37702,0.785458,0,0
37703,0.785479,0,0
37704,0.7855,0,0
37705,0.785521,0,0
37706,0.785542,0,0
37707,0.785563,0,0
37708,0.785583,0,0
37709,0.785604,0,0
37710,0.785625,0,0
37711,0.785646,0,0
37712,0.785667,0,0
37713,0.785688,0,0
37714,0.785708,0,0
37715,0.785729,0,0
37716,0.78575,0,0
37717,0.785771,0,0
37718,0.785792,0,0
37719,0.785812,0,0
37720,0.785833,0,0
37721,0.785854,0,0
37722,0.785875,0,0
37723,0.785896,0,0
37724,0.785917,0,0
37725,0.785937,0,0
37726,0.785958,0,0
37727,0.785979,0,0
37728,0.786,0,0
37729,0.786021,0,0
37730,0.786042,0,0
37731,0.786062,0,0
37732,0.786083,0,0
37733,0.786104,0,0
37734,0.786125,0,0
37735,0.786146,0,0
37736,0.786167,0,0
37737,0.786188,0,0
37738,0.786208,0,0
37739,0.786229,0,0
37740,0.78625,0,0
37741,0.786271,0,0
37742,0.786292,0,0
37743,0.786313,0,0
37744,0.786333,0,0
37745,0.786354,0,0
37746,0.786375,0,0
37747,0.786396,0,0
37748,0.786417,0,0
37749,0.786438,0,0
37750,0.786458,0,0
37751,0.786479,0,0
37752,0.7865,0,0
37753,0.786521,0,0
37754,0.786542,0,0
37755,0.786563,0,0
37756,0.786583,0,0
37757,0.786604,0,0
37758,0.786625,0,0
37759,0.786646,0,0
37760,0.786667,0,0
37761,0.786687,0,0
37762,0.786708,0,0
37763,0.786729,0,0
37764,0.78675,0,0
37765,0.786771,0,0
37766,0.786792,0,0
37767,0.786812,0,0
37768,0.786833,0,0
37769,0.786854,0,0
37770,0.786875,0,0
37771,0.786896,0,0
37772,0.786917,0,0
37773,0.786937,0,0
37774,0.786958,0,0
37775,0.786979,0,0
37776,0.787,0,0
37777,0.787021,0,0
37778,0.787042,0,0
37779,0.787063,0,0
37780,0.787083,0,0
37781,0.787104,0,0
37782,0.787125,0,0
37783,0.787146,0,0
37784,0.787167,0,0
37785,0.787188,0,0
37786,0.787208,0,0
37787,0.787229,0,0
37788,0.78725,0,0
37789,0.787271,0,0
37790,0.787292,0,0
37791,0.787313,0,0
37792,0.787333,0,0
37793,0.787354,0,0
37794,0.787375,0,0
37795,0.787396,0,0
37796,0.787417,0,0
37797,0.787437,0,0
37798,0.787458,0,0
37799,0.787479,0,0
37800,0.7875,0,0
37801,0.787521,0,0
37802,0.787542,0,0
37803,0.787562,0,0
37804,0.787583,0,0
37805,0.787604,0,0
37806,0.787625,0,0
37807,0.787646,0,0
37808,0.787667,0,0
37809,0.787687,0,0
37810,0.787708,0,0
37811,0.787729,0,0
37812,0.78775,0,0
37813,0.787771,0,0
37814,0.787792,0,0
37815,0.787812,0,0
37816,0.787833,0,0
37817,0.787854,0,0
37818,0.787875,0,0
37819,0.787896,0,0
37820,0.787917,0,0
37821,0.787938,0,0
37822,0.787958,0,0
37823,0.787979,0,0
37824,0.788,0,0
37825,0.788021,0,0
37826,0.788042,0,0
37827,0.788063,0,0
37828,0.788083,0,0
37829,0.788104,0,0
37830,0.788125,0,0
37831,0.788146,0,0
37832,0.788167,0,0
37833,0.788188,0,0
37834,0.788208,0,0
37835,0.788229,0,0
37836,0.78825,0,0
37837,0.788271,0,0
37838,0.788292,0,0
37839,0.788312,0,0
37840,0.788333,0,0
37841,0.788354,0,0
37842,0.788375,0,0
37843,0.788396,0,0
37844,0.788417,0,0
37845,0.788437,0,0
37846,0.788458,0,0
37847,0.788479,0,0
37848,0.7885,0,0
37849,0.788521,0,0
37850,0.788542,0,0
37851,0.788562,0,0
37852,0.788583,0,0
37853,0.788604,0,0
37854,0.788625,0,0
37855,0.788646,0,0
37856,0.788667,0,0
37857,0.788688,0,0
37858,0.788708,0,0
37859,0.788729,0,0
37860,0.78875,0,0
37861,0.788771,0,0
37862,0.788792,0,0
37863,0.788813,0,0
37864,0.788833,0,0
37865,0.788854,0,0
37866,0.788875,0,0
37867,0.788896,0,0
37868,0.788917,0,0
37869,0.788938,0,0
37870,0.788958,0,0
37871,0.788979,0,0
37872,0.789,0,0
37873,0.789021,0,0
37874,0.789042,0,0
37875,0.789062,0,0
37876,0.789083,0,0
37877,0.789104,0,0
37878,0.789125,0,0
37879,0.789146,0,0
37880,0.789167,0,0
37881,0.789187,0,0
37882,0.789208,0,0
37883,0.789229,0,0
37884,0.78925,0,0
37885,0.789271,0,0
37886,0.789292,0,0
37887,0.789312,0,0
37888,0.789333,0,0
37889,0.789354,0,0
37890,0.789375,0,0
37891,0.789396,0,0
37892,0.789417,0,0
37893,0.789437,0,0
37894,0.789458,0,0
37895,0.789479,0,0
37896,0.7895,0,0
37897,0.789521,0,0
37898,0.789542,0,0
37899,0.789563,0,0
37900,0.789583,0,0
37901,0.789604,0,0
37902,0.789625,0,0
37903,0.789646,0,0
37904,0.789667,0,0
37905,0.789688,0,0
37906,0.789708,0,0
37907,0.789729,0,0
37908,0.78975,0,0
37909,0.789771,0,0
37910,0.789792,0,0
37911,0.789813,0,0
37912,0.789833,0,0
37913,0.789854,0,0
37914,0.789875,0,0
37915,0.789896,0,0
37916,0.789917,0,0
37917,0.789937,0,0
37918,0.789958,0,0
37919,0.789979,0,0
37920,0.79,0,0
37921,0.790021,0,0
37922,0.790042,0,0
37923,0.790062,0,0
37924,0.790083,0,0
37925,0.790104,0,0
37926,0.790125,0,0
37927,0.790146,0,0
37928,0.790167,0,0
37929,0.790187,0,0
37930,0.790208,0,0
37931,0.790229,0,0
37932,0.79025,0,0
37933,0.790271,0,0
37934,0.790292,0,0
37935,0.790313,0,0
37936,0.790333,0,0
37937,0.790354,0,0
37938,0.790375,0,0
37939,0.790396,0,0
37940,0.790417,0,0
37941,0.790438,0,0
37942,0.790458,0,0
37943,0.790479,0,0
37944,0.7905,0,0
37945,0.790521,0,0
37946,0.790542,0,0
37947,0.790563,0,0
37948,0.790583,0,0
37949,0.790604,0,0
37950,0.790625,0,0
37951,0.790646,0,0
37952,0.790667,0,0
37953,0.790688,0,0
37954,0.790708,0,0
37955,0.790729,0,0
37956,0.79075,0,0
37957,0.790771,0,0
37958,0.790792,0,0
37959,0.790812,0,0
37960,0.790833,0,0
37961,0.790854,0,0
37962,0.790875,0,0
37963,0.790896,0,0
37964,0.790917,0,0
37965,0.790937,0,0
37966,0.790958,0,0
37967,0.790979,0,0
37968,0.791,0,0
37969,0.791021,0,0
37970,0.791042,0,0
37971,0.791062,0,0
37972,0.791083,0,0
37973,0.791104,0,0
37974,0.791125,0,0
37975,0.791146,0,0
37976,0.791167,0,0
37977,0.791188,0,0
37978,0.791208,0,0
37979,0.791229,0,0
37980,0.79125,0,0
37981,0.791271,0,0
37982,0.791292,0,0
37983,0.791313,0,0
37984,0.791333,0,0
37985,0.791354,0,0
37986,0.791375,0,0
37987,0.791396,0,0
37988,0.791417,0,0
37989,0.791438,0,0
37990,0.791458,0,0
37991,0.791479,0,0
37992,0.7915,0,0
37993,0.791521,0,0
37994,0.791542,0,0
37995,0.791562,0,0
37996,0.791583,0,0
37997,0.791604,0,0
37998,0.791625,0,0
37999,0.791646,0,0
38000,0.791667,0,0
38001,0.791687,0,0
38002,0.791708,0,0
38003,0.791729,0,0
38004,0.79175,0,0
38005,0.791771,0,0
38006,0.791792,0,0
38007,0.791812,0,0
38008,0.791833,0,0
38009,0.791854,0,0
38010,0.791875,0,0
38011,0.791896,0,0
38012,0.791917,0,0
38013,0.791937,0,0
38014,0.791958,0,0
38015,0.791979,0,0
38016,0.792,0,0
38017,0.792021,0,0
38018,0.792042,0,0
38019,0.792063,0,0
38020,0.792083,0,0
38021,0.792104,0,0
38022,0.792125,0,0
38023,0.792146,0,0
38024,0.792167,0,0
38025,0.792188,0,0
38026,0.792208,0,0
38027,0.792229,0,0
38028,0.79225,0,0
38029,0.792271,0,0
38030,0.792292,0,0
38031,0.792313,0,0
38032,0.792333,0,0
38033,0.792354,0,0
38034,0.792375,0,0
38035,0.792396,0,0
38036,0.792417,0,0
38037,0.792437,0,0
38038,0.792458,0,0
38039,0.792479,0,0
38040,0.7925,0,0
38041,0.792521,0,0
38042,0.792542,0,0
38043,0.792562,0,0
38044,0.792583,0,0
38045,0.792604,0,0
38046,0.792625,0,0
38047,0.792646,0,0
38048,0.792667,0,0
38049,0.792687,0,0
38050,0.792708,0,0
38051,0.792729,0,0
38052,0.79275,0,0
38053,0.792771,0,0
38054,0.792792,0,0
38055,0.792813,0,0
38056,0.792833,0,0
38057,0.792854,0,0
38058,0.792875,0,0
38059,0.792896,0,0
38060,0.792917,0,0
38061,0.792938,0,0
38062,0.792958,0,0
38063,0.792979,0,0
38064,0.793,0,0
38065,0.793021,0,0
38066,0.793042,0,0
38067,0.793063,0,0
38068,0.793083,0,0
38069,0.793104,0,0
38070,0.793125,0,0
38071,0.793146,0,0
38072,0.793167,0,0
38073,0.793187,0,0
38074,0.793208,0,0
38075,0.793229,0,0
38076,0.79325,0,0
38077,0.793271,0,0
38078,0.793292,0,0
38079,0.793312,0,0
38080,0.793333,0,0
38081,0.793354,0,0
38082,0.793375,0,0
38083,0.793396,0,0
38084,0.793417,0,0
38085,0.793437,0,0
38086,0.793458,0,0
38087,0.793479,0,0
38088,0.7935,0,0
38089,0.793521,0,0
38090,0.793542,0,0
38091,0.793562,0,0
38092,0.793583,0,0
38093,0.793604,0,0
38094,0.793625,0,0
38095,0.793646,0,0
38096,0.793667,0,0
38097,0.793688,0,0
38098,0.793708,0,0
38099,0.793729,0,0
38100,0.79375,0,0
38101,0.793771,0,0
38102,0.793792,0,0
38103,0.793813,0,0
38104,0.793833,0,0
38105,0.793854,0,0
38106,0.793875,0,0
38107,0.793896,0,0
38108,0.793917,0,0
38109,0.793938,0,0
38110,0.793958,0,0
38111,0.793979,0,0
38112,0.794,0,0
38113,0.794021,0,0
38114,0.794042,0,0
38115,0.794062,0,0
38116,0.794083,0,0
38117,0.794104,0,0
38118,0.794125,0,0
38119,0.794146,0,0
38120,0.794167,0,0
38121,0.794187,0,0
38122,0.794208,0,0
38123,0.794229,0,0
38124,0.79425,0,0
38125,0.794271,0,0
38126,0.794292,0,0
38127,0.794312,0,0
38128,0.794333,0,0
38129,0.794354,0,0
38130,0.794375,0,0
38131,0.794396,0,0
38132,0.794417,0,0
38133,0.794438,0,0
38134,0.794458,0,0
38135,0.794479,0,0
38136,0.7945,0,0
38137,0.794521,0,0
38138,0.794542,0,0
38139,0.794563,0,0
38140,0.794583,0,0
38141,0.794604,0,0
38142,0.794625,0,0
38143,0.794646,0,0
38144,0.794667,0,0
38145,0.794688,0,0
38146,0.794708,0,0
38147,0.794729,0,0
38148,0.79475,0,0
38149,0.794771,0,0
38150,0.794792,0,0
38151,0.794813,0,0
38152,0.794833,0,0
38153,0.794854,0,0
38154,0.794875,0,0
38155,0.794896,0,0
38156,0.794917,0,0
38157,0.794937,0,0
38158,0.794958,0,0
38159,0.794979,0,0
38160,0.795,0,0
38161,0.795021,0,0
38162,0.795042,0,0
38163,0.795062,0,0
38164,0.795083,0,0
38165,0.795104,0,0
38166,0.795125,0,0
38167,0.795146,0,0
38168,0.795167,0,0
38169,0.795187,0,0
38170,0.795208,0,0
38171,0.795229,0,0
38172,0.79525,0,0
38173,0.795271,0,0
38174,0.795292,0,0
38175,0.795313,0,0
38176,0.795333,0,0
38177,0.795354,0,0
38178,0.795375,0,0
38179,0.795396,0,0
38180,0.795417,0,0
38181,0.795438,0,0
38182,0.795458,0,0
38183,0.795479,0,0
38184,0.7955,0,0
38185,0.795521,0,0
38186,0.795542,0,0
38187,0.795563,0,0
38188,0.795583,0,0
38189,0.795604,0,0
38190,0.795625,0,0
38191,0.795646,0,0
38192,0.795667,0,0
38193,0.795687,0,0
38194,0.795708,0,0
38195,0.795729,0,0
38196,0.79575,0,0
38197,0.795771,0,0
38198,0.795792,0,0
38199,0.795812,0,0
38200,0.795833,0,0
38201,0.795854,0,0
38202,0.795875,0,0
38203,0.795896,0,0
38204,0.795917,0,0
38205,0.795937,0,0
38206,0.795958,0,0
38207,0.795979,0,0
38208,0.796,0,0
38209,0.796021,0,0
38210,0.796042,0,0
38211,0.796063,0,0
38212,0.796083,0,0
38213,0.796104,0,0
38214,0.796125,0,0
38215,0.796146,0,0
38216,0.796167,0,0
38217,0.796188,0,0
38218,0.796208,0,0
38219,0.796229,0,0
38220,0.79625,0,0
38221,0.796271,0,0
38222,0.796292,0,0
38223,0.796313,0,0
38224,0.796333,0,0
38225,0.796354,0,0
38226,0.796375,0,0
38227,0.796396,0,0
38228,0.796417,0,0
38229,0.796438,0,0
38230,0.796458,0,0
38231,0.796479,0,0
38232,0.7965,0,0
38233,0.796521,0,0
38234,0.796542,0,0
38235,0.796562,0,0
38236,0.796583,0,0
38237,0.796604,0,0
38238,0.796625,0,0
38239,0.796646,0,0
38240,0.796667,0,0
38241,0.796687,0,0
38242,0.796708,0,0
38243,0.796729,0,0
38244,0.79675,0,0
38245,0.796771,0,0
38246,0.796792,0,0
38247,0.796812,0,0
38248,0.796833,0,0
38249,0.796854,0,0
38250,0.796875,0,0
38251,0.796896,0,0
38252,0.796917,0,0
38253,0.796938,0,0
38254,0.796958,0,0
38255,0.796979,0,0
38256,0.797,0,0
38257,0.797021,0,0
38258,0.797042,0,0
38259,0.797063,0,0
38260,0.797083,0,0
38261,0.797104,0,0
38262,0.797125,0,0
38263,0.797146,0,0
38264,0.797167,0,0
38265,0.797188,0,0
38266,0.797208,0,0
38267,0.797229,0,0
38268,0.79725,0,0
38269,0.797271,0,0
38270,0.797292,0,0
38271,0.797312,0,0
38272,0.797333,0,0
38273,0.797354,0,0
38274,0.797375,0,0
38275,0.797396,0,0
38276,0.797417,0,0
38277,0.797437,0,0
38278,0.797458,0,0
38279,0.797479,0,0
38280,0.7975,0,0
38281,0.797521,0,0
38282,0.797542,0,0
38283,0.797562,0,0
38284,0.797583,0,0
38285,0.797604,0,0
38286,0.797625,0,0
38287,0.797646,0,0
38288,0.797667,0,0
38289,0.797687,0,0
38290,0.797708,0,0
38291,0.797729,0,0
38292,0.79775,0,0
38293,0.797771,0,0
38294,0.797792,0,0
38295,0.797813,0,0
38296,0.797833,0,0
38297,0.797854,0,0
38298,0.797875,0,0
38299,0.797896,0,0
38300,0.797917,0,0
38301,0.797938,0,0
38302,0.797958,0,0
38303,0.797979,0,0
38304,0.798,0,0
38305,0.798021,0,0
38306,0.798042,0,0
38307,0.798063,0,0
38308,0.798083,0,0
38309,0.798104,0,0
38310,0.798125,0,0
38311,0.798146,0,0
38312,0.798167,0,0
38313,0.798187,0,0
38314,0.798208,0,0
38315,0.798229,0,0
38316,0.79825,0,0
38317,0.798271,0,0
38318,0.798292,0,0
38319,0.798312,0,0
38320,0.798333,0,0
38321,0.798354,0,0
38322,0.798375,0,0
38323,0.798396,0,0
38324,0.798417,0,0
38325,0.798437,0,0
38326,0.798458,0,0
38327,0.798479,0,0
38328,0.7985,0,0
38329,0.798521,0,0
38330,0.798542,0,0
38331,0.798563,0,0
38332,0.798583,0,0
38333,0.798604,0,0
38334,0.798625,0,0
38335,0.798646,0,0
38336,0.798667,0,0
38337,0.798688,0,0
38338,0.798708,0,0
38339,0.798729,0,0
38340,0.79875,0,0
38341,0.798771,0,0
38342,0.798792,0,0
38343,0.798813,0,0
38344,0.798833,0,0
38345,0.798854,0,0
38346,0.798875,0,0
38347,0.798896,0,0
38348,0.798917,0,0
38349,0.798937,0,0
38350,0.798958,0,0
38351,0.798979,0,0
38352,0.799,0,0
38353,0.799021,0,0
38354,0.799042,0,0
38355,0.799062,0,0
38356,0.799083,0,0
38357,0.799104,0,0
38358,0.799125,0,0
38359,0.799146,0,0
38360,0.799167,0,0
38361,0.799187,0,0
38362,0.799208,0,0
38363,0.799229,0,0
38364,0.79925,0,0
38365,0.799271,0,0
38366,0.799292,0,0
38367,0.799312,0,0
38368,0.799333,0,0
38369,0.799354,0,0
38370,0.799375,0,0
38371,0.799396,0,0
38372,0.799417,0,0
38373,0.799438,0,0
38374,0.799458,0,0
38375,0.799479,0,0
38376,0.7995,0,0
38377,0.799521,0,0
38378,0.799542,0,0
38379,0.799563,0,0
38380,0.799583,0,0
38381,0.799604,0,0
38382,0.799625,0,0
38383,0.799646,0,0
38384,0.799667,0,0
38385,0.799688,0,0
38386,0.799708,0,0
38387,0.799729,0,0
38388,0.79975,0,0
38389,0.799771,0,0
38390,0.799792,0,0
38391,0.799812,0,0
38392,0.799833,0,0
38393,0.799854,0,0
38394,0.799875,0,0
38395,0.799896,0,0
38396,0.799917,0,0
38397,0.799937,0,0
38398,0.799958,0,0
38399,0.799979,0,0
38400,0.8,0,0
38401,0.800021,0,0
38402,0.800042,0,0
38403,0.800062,0,0
38404,0.800083,0,0
38405,0.800104,0,0
38406,0.800125,0,0
38407,0.800146,0,0
38408,0.800167,0,0
38409,0.800188,0,0
38410,0.800208,0,0
38411,0.800229,0,0
38412,0.80025,0,0
38413,0.800271,0,0
38414,0.800292,0,0
38415,0.800313,0,0
38416,0.800333,0,0
38417,0.800354,0,0
38418,0.800375,0,0
38419,0.800396,0,0
38420,0.800417,0,0
38421,0.800438,0,0
38422,0.800458,0,0
38423,0.800479,0,0
38424,0.8005,0,0
38425,0.800521,0,0
38426,0.800542,0,0
38427,0.800563,0,0
38428,0.800583,0,0
38429,0.800604,0,0
38430,0.800625,0,0
38431,0.800646,0,0
38432,0.800667,0,0
38433,0.800687,0,0
38434,0.800708,0,0
38435,0.800729,0,0
38436,0.80075,0,0
38437,0.800771,0,0
38438,0.800792,0,0
38439,0.800812,0,0
38440,0.800833,0,0
38441,0.800854,0,0
38442,0.800875,0,0
38443,0.800896,0,0
38444,0.800917,0,0
38445,0.800937,0,0
38446,0.800958,0,0
38447,0.800979,0,0
38448,0.801,0,0
38449,0.801021,0,0
38450,0.801042,0,0
38451,0.801063,0,0
38452,0.801083,0,0
38453,0.801104,0,0
38454,0.801125,0,0
38455,0.801146,0,0
38456,0.801167,0,0
38457,0.801188,0,0
38458,0.801208,0,0
38459,0.801229,0,0
38460,0.80125,0,0
38461,0.801271,0,0
38462,0.801292,0,0
38463,0.801313,0,0
38464,0.801333,0,0
38465,0.801354,0,0
38466,0.801375,0,0
38467,0.801396,0,0
38468,0.801417,0,0
38469,0.801437,0,0
38470,0.801458,0,0
38471,0.801479,0,0
38472,0.8015,0,0
38473,0.801521,0,0
38474,0.801542,0,0
38475,0.801562,0,0
38476,0.801583,0,0
38477,0.801604,0,0
38478,0.801625,0,0
38479,0.801646,0,0
38480,0.801667,0,0
38481,0.801687,0,0
38482,0.801708,0,0
38483,0.801729,0,0
38484,0.80175,0,0
38485,0.801771,0,0
38486,0.801792,0,0
38487,0.801813,0,0
38488,0.801833,0,0
38489,0.801854,0,0
38490,0.801875,0,0
38491,0.801896,0,0
38492,0.801917,0,0
38493,0.801938,0,0
38494,0.801958,0,0
38495,0.801979,0,0
38496,0.802,0,0
38497,0.802021,0,0
38498,0.802042,0,0
38499,0.802063,0,0
38500,0.802083,0,0
38501,0.802104,0,0
38502,0.802125,0,0
38503,0.802146,0,0
38504,0.802167,0,0
38505,0.802188,0,0
38506,0.802208,0,0
38507,0.802229,0,0
38508,0.80225,0,0
38509,0.802271,0,0
38510,0.802292,0,0
38511,0.802312,0,0
38512,0.802333,0,0
38513,0.802354,0,0
38514,0.802375,0,0
38515,0.802396,0,0
38516,0.802417,0,0
38517,0.802437,0,0
38518,0.802458,0,0
38519,0.802479,0,0
38520,0.8025,0,0
38521,0.802521,0,0
38522,0.802542,0,0
38523,0.802562,0,0
38524,0.802583,0,0
38525,0.802604,0,0
38526,0.802625,0,0
38527,0.802646,0,0
38528,0.802667,0,0
38529,0.802688,0,0
38530,0.802708,0,0
38531,0.802729,0,0
38532,0.80275,0,0
38533,0.802771,0,0
38534,0.802792,0,0
38535,0.802813,0,0
38536,0.802833,0,0
38537,0.802854,0,0
38538,0.802875,0,0
38539,0.802896,0,0
38540,0.802917,0,0
38541,0.802938,0,0
38542,0.802958,0,0
38543,0.802979,0,0
38544,0.803,0,0
38545,0.803021,0,0
38546,0.803042,0,0
38547,0.803062,0,0
38548,0.803083,0,0
38549,0.803104,0,0
38550,0.803125,0,0
38551,0.803146,0,0
38552,0.803167,0,0
38553,0.803187,0,0
38554,0.803208,0,0
38555,0.803229,0,0
38556,0.80325,0,0
38557,0.803271,0,0
38558,0.803292,0,0
38559,0.803312,0,0
38560,0.803333,0,0
38561,0.803354,0,0
38562,0.803375,0,0
38563,0.803396,0,0
38564,0.803417,0,0
38565,0.803437,0,0
38566,0.803458,0,0
38567,0.803479,0,0
38568,0.8035,0,0
38569,0.803521,0,0
38570,0.803542,0,0
38571,0.803563,0,0
38572,0.803583,0,0
38573,0.803604,0,0
38574,0.803625,0,0
38575,0.803646,0,0
38576,0.803667,0,0
38577,0.803688,0,0
38578,0.803708,0,0
38579,0.803729,0,0
38580,0.80375,0,0
38581,0.803771,0,0
38582,0.803792,0,0
38583,0.803813,0,0
38584,0.803833,0,0
38585,0.803854,0,0
38586,0.803875,0,0
38587,0.803896,0,0
38588,0.803917,0,0
38589,0.803937,0,0
38590,0.803958,0,0
38591,0.803979,0,0
38592,0.804,0,0
38593,0.804021,0,0
38594,0.804042,0,0
38595,0.804062,0,0
38596,0.804083,0,0
38597,0.804104,0,0
38598,0.804125,0,0
38599,0.804146,0,0
38600,0.804167,0,0
38601,0.804187,0,0
38602,0.804208,0,0
38603,0.804229,0,0
38604,0.80425,0,0
38605,0.804271,0,0
38606,0.804292,0,0
38607,0.804313,0,0
38608,0.804333,0,0
38609,0.804354,0,0
38610,0.804375,0,0
38611,0.804396,0,0
38612,0.804417,0,0
38613,0.804438,0,0
38614,0.804458,0,0
38615,0.804479,0,0
38616,0.8045,0,0
38617,0.804521,0,0
38618,0.804542,0,0
38619,0.804563,0,0
38620,0.804583,0,0
38621,0.804604,0,0
38622,0.804625,0,0
38623,0.804646,0,0
38624,0.804667,0,0
38625,0.804688,0,0
38626,0.804708,0,0
38627,0.804729,0,0
38628,0.80475,0,0
38629,0.804771,0,0
38630,0.804792,0,0
38631,0.804812,0,0
38632,0.804833,0,0
38633,0.804854,0,0
38634,0.804875,0,0
38635,0.804896,0,0
38636,0.804917,0,0
38637,0.804937,0,0
38638,0.804958,0,0
38639,0.804979,0,0
38640,0.805,0,0
38641,0.805021,0,0
38642,0.805042,0,0
38643,0.805062,0,0
38644,0.805083,0,0
38645,0.805104,0,0
38646,0.805125,0,0
38647,0.805146,0,0
38648,0.805167,0,0
38649,0.805188,0,0
38650,0.805208,0,0
38651,0.805229,0,0
38652,0.80525,0,0
38653,0.805271,0,0
38654,0.805292,0,0
38655,0.805313,0,0
38656,0.805333,0,0
38657,0.805354,0,0
38658,0.805375,0,0
38659,0.805396,0,0
38660,0.805417,0,0
38661,0.805438,0,0
38662,0.805458,0,0
38663,0.805479,0,0
38664,0.8055,0,0
38665,0.805521,0,0
38666,0.805542,0,0
38667,0.805562,0,0
38668,0.805583,0,0
38669,0.805604,0,0
38670,0.805625,0,0
38671,0.805646,0,0
38672,0.805667,0,0
38673,0.805687,0,0
38674,0.805708,0,0
38675,0.805729,0,0
38676,0.80575,0,0
38677,0.805771,0,0
38678,0.805792,0,0
38679,0.805812,0,0
38680,0.805833,0,0
38681,0.805854,0,0
38682,0.805875,0,0
38683,0.805896,0,0
38684,0.805917,0,0
38685,0.805938,0,0
38686,0.805958,0,0
38687,0.805979,0,0
38688,0.806,0,0
38689,0.806021,0,0
38690,0.806042,0,0
38691,0.806063,0,0
38692,0.806083,0,0
38693,0.806104,0,0
38694,0.806125,0,0
38695,0.806146,0,0
38696,0.806167,0,0
38697,0.806188,0,0
38698,0.806208,0,0
38699,0.806229,0,0
38700,0.80625,0,0
38701,0.806271,0,0
38702,0.806292,0,0
38703,0.806313,0,0
38704,0.806333,0,0
38705,0.806354,0,0
38706,0.806375,0,0
38707,0.806396,0,0
38708,0.806417,0,0
38709,0.806437,0,0
38710,0.806458,0,0
38711,0.806479,0,0
38712,0.8065,0,0
38713,0.806521,0,0
38714,0.806542,0,0
38715,0.806562,0,0
38716,0.806583,0,0
38717,0.806604,0,0
38718,0.806625,0,0
38719,0.806646,0,0
38720,0.806667,0,0
38721,0.806687,0,0
38722,0.806708,0,0
38723,0.806729,0,0
38724,0.80675,0,0
38725,0.806771,0,0
38726,0.806792,0,0
38727,0.806813,0,0
38728,0.806833,0,0
38729,0.806854,0,0
38730,0.806875,0,0
38731,0.806896,0,0
38732,0.806917,0,0
38733,0.806938,0,0
38734,0.806958,0,0
38735,0.806979,0,0
38736,0.807,0,0
38737,0.807021,0,0
38738,0.807042,0,0
38739,0.807063,0,0
38740,0.807083,0,0
38741,0.807104,0,0
38742,0.807125,0,0
38743,0.807146,0,0
38744,0.807167,0,0
38745,0.807187,0,0
38746,0.807208,0,0
38747,0.807229,0,0
38748,0.80725,0,0
38749,0.807271,0,0
38750,0.807292,0,0
38751,0.807312,0,0
38752,0.807333,0,0
38753,0.807354,0,0
38754,0.807375,0,0
38755,0.807396,0,0
38756,0.807417,0,0
38757,0.807437,0,0
38758,0.807458,0,0
38759,0.807479,0,0
38760,0.8075,0,0
38761,0.807521,0,0
38762,0.807542,0,0
38763,0.807562,0,0
38764,0.807583,0,0
38765,0.807604,0,0
38766,0.807625,0,0
38767,0.807646,0,0
38768,0.807667,0,0
38769,0.807688,0,0
38770,0.807708,0,0
38771,0.807729,0,0
38772,0.80775,0,0
38773,0.807771,0,0
38774,0.807792,0,0
38775,0.807813,0,0
38776,0.807833,0,0
38777,0.807854,0,0
38778,0.807875,0,0
38779,0.807896,0,0
38780,0.807917,0,0
38781,0.807938,0,0
38782,0.807958,0,0
38783,0.807979,0,0
38784,0.808,0,0
38785,0.808021,0,0
38786,0.808042,0,0
38787,0.808062,0,0
38788,0.808083,0,0
38789,0.808104,0,0
38790,0.808125,0,0
38791,0.808146,0,0
38792,0.808167,0,0
38793,0.808187,0,0
38794,0.808208,0,0
38795,0.808229,0,0
38796,0.80825,0,0
38797,0.808271,0,0
38798,0.808292,0,0
38799,0.808312,0,0
38800,0.808333,0,0
38801,0.808354,0,0
38802,0.808375,0,0
38803,0.808396,0,0
38804,0.808417,0,0
38805,0.808438,0,0
38806,0.808458,0,0
38807,0.808479,0,0
38808,0.8085,0,0
38809,0.808521,0,0
38810,0.808542,0,0
38811,0.808563,0,0
38812,0.808583,0,0
38813,0.808604,0,0
38814,0.808625,0,0
38815,0.808646,0,0
38816,0.808667,0,0
38817,0.808688,0,0
38818,0.808708,0,0
38819,0.808729,0,0
38820,0.80875,0,0
38821,0.808771,0,0
38822,0.808792,0,0
38823,0.808812,0,0
38824,0.808833,0,0
38825,0.808854,0,0
38826,0.808875,0,0
38827,0.808896,0,0
38828,0.808917,0,0
38829,0.808937,0,0
38830,0.808958,0,0
38831,0.808979,0,0
38832,0.809,0,0
38833,0.809021,0,0
38834,0.809042,0,0
38835,0.809062,0,0
38836,0.809083,0,0
38837,0.809104,0,0
38838,0.809125,0,0
38839,0.809146,0,0
38840,0.809167,0,0
38841,0.809187,0,0
38842,0.809208,0,0
38843,0.809229,0,0
38844,0.80925,0,0
38845,0.809271,0,0
38846,0.809292,0,0
38847,0.809313,0,0
38848,0.809333,0,0
38849,0.809354,0,0
38850,0.809375,0,0
38851,0.809396,0,0
38852,0.809417,0,0
38853,0.809438,0,0
38854,0.809458,0,0
38855,0.809479,0,0
38856,0.8095,0,0
38857,0.809521,0,0
38858,0.809542,0,0
38859,0.809563,0,0
38860,0.809583,0,0
38861,0.809604,0,0
38862,0.809625,0,0
38863,0.809646,0,0
38864,0.809667,0,0
38865,0.809687,0,0
38866,0.809708,0,0
38867,0.809729,0,0
38868,0.80975,0,0
38869,0.809771,0,0
38870,0.809792,0,0
38871,0.809812,0,0
38872,0.809833,0,0
38873,0.809854,0,0
38874,0.809875,0,0
38875,0.809896,0,0
38876,0.809917,0,0
38877,0.809937,0,0
38878,0.809958,0,0
38879,0.809979,0,0
38880,0.81,0,0
38881,0.810021,0,0
38882,0.810042,0,0
38883,0.810063,0,0
38884,0.810083,0,0
38885,0.810104,0,0
38886,0.810125,0,0
38887,0.810146,0,0
38888,0.810167,0,0
38889,0.810188,0,0
38890,0.810208,0,0
38891,0.810229,0,0
38892,0.81025,0,0
38893,0.810271,0,0
38894,0.810292,0,0
38895,0.810313,0,0
38896,0.810333,0,0
38897,0.810354,0,0
38898,0.810375,0,0
38899,0.810396,0,0
38900,0.810417,0,0
38901,0.810438,0,0
38902,0.810458,0,0
38903,0.810479,0,0
38904,0.8105,0,0
38905,0.810521,0,0
38906,0.810542,0,0
38907,0.810562,0,0
38908,0.810583,0,0
38909,0.810604,0,0
38910,0.810625,0,0
38911,0.810646,0,0
38912,0.810667,0,0
38913,0.810687,0,0
38914,0.810708,0,0
38915,0.810729,0,0
38916,0.81075,0,0
38917,0.810771,0,0
38918,0.810792,0,0
38919,0.810812,0,0
38920,0.810833,0,0
38921,0.810854,0,0
38922,0.810875,0,0
38923,0.810896,0,0
38924,0.810917,0,0
38925,0.810938,0,0
38926,0.810958,0,0
38927,0.810979,0,0
38928,0.811,0,0
38929,0.811021,0,0
38930,0.811042,0,0
38931,0.811063,0,0
38932,0.811083,0,0
38933,0.811104,0,0
38934,0.811125,0,0
38935,0.811146,0,0
38936,0.811167,0,0
38937,0.811188,0,0
38938,0.811208,0,0
38939,0.811229,0,0
38940,0.81125,0,0
38941,0.811271,0,0
38942,0.811292,0,0
38943,0.811312,0,0
38944,0.811333,0,0
38945,0.811354,0,0
38946,0.811375,0,0
38947,0.811396,0,0
38948,0.811417,0,0
38949,0.811437,0,0
38950,0.811458,0,0
38951,0.811479,0,0
38952,0.8115,0,0
38953,0.811521,0,0
38954,0.811542,0,0
38955,0.811562,0,0
38956,0.811583,0,0
38957,0.811604,0,0
38958,0.811625,0,0
38959,0.811646,0,0
38960,0.811667,0,0
38961,0.811688,0,0
38962,0.811708,0,0
38963,0.811729,0,0
38964,0.81175,0,0
38965,0.811771,0,0
38966,0.811792,0,0
38967,0.811813,0,0
38968,0.811833,0,0
38969,0.811854,0,0
38970,0.811875,0,0
38971,0.811896,0,0
38972,0.811917,0,0
38973,0.811938,0,0
38974,0.811958,0,0
38975,0.811979,0,0
38976,0.812,0,0
38977,0.812021,0,0
38978,0.812042,0,0
38979,0.812063,0,0
38980,0.812083,0,0
38981,0.812104,0,0
38982,0.812125,0,0
38983,0.812146,0,0
38984,0.812167,0,0
38985,0.812187,0,0
38986,0.812208,0,0
38987,0.812229,0,0
38988,0.81225,0,0
38989,0.812271,0,0
38990,0.812292,0,0
38991,0.812312,0,0
38992,0.812333,0,0
38993,0.812354,0,0
38994,0.812375,0,0
38995,0.812396,0,0
38996,0.812417,0,0
38997,0.812437,0,0
38998,0.812458,0,0
38999,0.812479,0,0
39000,0.8125,0,0
39001,0.812521,0,0
39002,0.812542,0,0
39003,0.812563,0,0
39004,0.812583,0,0
39005,0.812604,0,0
39006,0.812625,0,0
39007,0.812646,0,0
39008,0.812667,0,0
39009,0.812688,0,0
39010,0.812708,0,0
39011,0.812729,0,0
39012,0.81275,0,0
39013,0.812771,0,0
39014,0.812792,0,0
39015,0.812813,0,0
39016,0.812833,0,0
39017,0.812854,0,0
39018,0.812875,0,0
39019,0.812896,0,0
39020,0.812917,0,0
39021,0.812937,0,0
39022,0.812958,0,0
39023,0.812979,0,0
39024,0.813,0,0
39025,0.813021,0,0
39026,0.813042,0,0
39027,0.813062,0,0
39028,0.813083,0,0
39029,0.813104,0,0
39030,0.813125,0,0
39031,0.813146,0,0
39032,0.813167,0,0
39033,0.813187,0,0
39034,0.813208,0,0
39035,0.813229,0,0
39036,0.81325,0,0
39037,0.813271,0,0
39038,0.813292,0,0
39039,0.813312,0,0
39040,0.813333,0,0
39041,0.813354,0,0
39042,0.813375,0,0
39043,0.813396,0,0
39044,0.813417,0,0
39045,0.813438,0,0
39046,0.813458,0,0
39047,0.813479,0,0
39048,0.8135,0,0
39049,0.813521,0,0
39050,0.813542,0,0
39051,0.813563,0,0
39052,0.813583,0,0
39053,0.813604,0,0
39054,0.813625,0,0
39055,0.813646,0,0
39056,0.813667,0,0
39057,0.813688,0,0
39058,0.813708,0,0
39059,0.813729,0,0
39060,0.81375,0,0
39061,0.813771,0,0
39062,0.813792,0,0
39063,0.813812,0,0
39064,0.813833,0,0
39065,0.813854,0,0
39066,0.813875,0,0
39067,0.813896,0,0
39068,0.813917,0,0
39069,0.813937,0,0
39070,0.813958,0,0
39071,0.813979,0,0
39072,0.814,0,0
39073,0.814021,0,0
39074,0.814042,0,0
39075,0.814062,0,0
39076,0.814083,0,0
39077,0.814104,0,0
39078,0.814125,0,0
39079,0.814146,0,0
39080,0.814167,0,0
39081,0.814188,0,0
39082,0.814208,0,0
39083,0.814229,0,0
39084,0.81425,0,0
39085,0.814271,0,0
39086,0.814292,0,0
39087,0.814313,0,0
39088,0.814333,0,0
39089,0.814354,0,0
39090,0.814375,0,0
39091,0.814396,0,0
39092,0.814417,0,0
39093,0.814438,0,0
39094,0.814458,0,0
39095,0.814479,0,0
39096,0.8145,0,0
39097,0.814521,0,0
39098,0.814542,0,0
39099,0.814562,0,0
39100,0.814583,0,0
39101,0.814604,0,0
39102,0.814625,0,0
39103,0.814646,0,0
39104,0.814667,0,0
39105,0.814687,0,0
39106,0.814708,0,0
39107,0.814729,0,0
39108,0.81475,0,0
39109,0.814771,0,0
39110,0.814792,0,0
39111,0.814812,0,0
39112,0.814833,0,0
39113,0.814854,0,0
39114,0.814875,0,0
39115,0.814896,0,0
39116,0.814917,0,0
39117,0.814937,0,0
39118,0.814958,0,0
39119,0.814979,0,0
39120,0.815,0,0
39121,0.815021,0,0
39122,0.815042,0,0
39123,0.815063,0,0
39124,0.815083,0,0
39125,0.815104,0,0
39126,0.815125,0,0
39127,0.815146,0,0
39128,0.815167,0,0
39129,0.815188,0,0
39130,0.815208,0,0
39131,0.815229,0,0
39132,0.81525,0,0
39133,0.815271,0,0
39134,0.815292,0,0
39135,0.815313,0,0
39136,0.815333,0,0
39137,0.815354,0,0
39138,0.815375,0,0
39139,0.815396,0,0
39140,0.815417,0,0
39141,0.815437,0,0
39142,0.815458,0,0
39143,0.815479,0,0
39144,0.8155,0,0
39145,0.815521,0,0
39146,0.815542,0,0
39147,0.815562,0,0
39148,0.815583,0,0
39149,0.815604,0,0
39150,0.815625,0,0
39151,0.815646,0,0
39152,0.815667,0,0
39153,0.815687,0,0
39154,0.815708,0,0
39155,0.815729,0,0
39156,0.81575,0,0
39157,0.815771,0,0
39158,0.815792,0,0
39159,0.815813,0,0
39160,0.815833,0,0
39161,0.815854,0,0
39162,0.815875,0,0
39163,0.815896,0,0
39164,0.815917,0,0
39165,0.815938,0,0
39166,0.815958,0,0
39167,0.815979,0,0
39168,0.816,0,0
39169,0.816021,0,0
39170,0.816042,0,0
39171,0.816063,0,0
39172,0.816083,0,0
39173,0.816104,0,0
39174,0.816125,0,0
39175,0.816146,0,0
39176,0.816167,0,0
39177,0.816188,0,0
39178,0.816208,0,0
39179,0.816229,0,0
39180,0.81625,0,0
39181,0.816271,0,0
39182,0.816292,0,0
39183,0.816312,0,0
39184,0.816333,0,0
39185,0.816354,0,0
39186,0.816375,0,0
39187,0.816396,0,0
39188,0.816417,0,0
39189,0.816437,0,0
39190,0.816458,0,0
39191,0.816479,0,0
39192,0.8165,0,0
39193,0.816521,0,0
39194,0.816542,0,0
39195,0.816562,0,0
39196,0.816583,0,0
39197,0.816604,0,0
39198,0.816625,0,0
39199,0.816646,0,0
39200,0.816667,0,0
39201,0.816688,0,0
39202,0.816708,0,0
39203,0.816729,0,0
39204,0.81675,0,0
39205,0.816771,0,0
39206,0.816792,0,0
39207,0.816813,0,0
39208,0.816833,0,0
39209,0.816854,0,0
39210,0.816875,0,0
39211,0.816896,0,0
39212,0.816917,0,0
39213,0.816938,0,0
39214,0.816958,0,0
39215,0.816979,0,0
39216,0.817,0,0
39217,0.817021,0,0
39218,0.817042,0,0
39219,0.817062,0,0
39220,0.817083,0,0
39221,0.817104,0,0
39222,0.817125,0,0
39223,0.817146,0,0
39224,0.817167,0,0
39225,0.817187,0,0
39226,0.817208,0,0
39227,0.817229,0,0
39228,0.81725,0,0
39229,0.817271,0,0
39230,0.817292,0,0
39231,0.817312,0,0
39232,0.817333,0,0
39233,0.817354,0,0
39234,0.817375,0,0
39235,0.817396,0,0
39236,0.817417,0,0
39237,0.817438,0,0
39238,0.817458,0,0
39239,0.817479,0,0
39240,0.8175,0,0
39241,0.817521,0,0
39242,0.817542,0,0
39243,0.817563,0,0
39244,0.817583,0,0
39245,0.817604,0,0
39246,0.817625,0,0
39247,0.817646,0,0
39248,0.817667,0,0
39249,0.817688,0,0
39250,0.817708,0,0
39251,0.817729,0,0
39252,0.81775,0,0
39253,0.817771,0,0
39254,0.817792,0,0
39255,0.817813,0,0
39256,0.817833,0,0
39257,0.817854,0,0
39258,0.817875,0,0
39259,0.817896,0,0
39260,0.817917,0,0
39261,0.817937,0,0
39262,0.817958,0,0
39263,0.817979,0,0
39264,0.818,0,0
39265,0.818021,0,0
39266,0.818042,0,0
39267,0.818062,0,0
39268,0.818083,0,0
39269,0.818104,0,0
39270,0.818125,0,0
39271,0.818146,0,0
39272,0.818167,0,0
39273,0.818187,0,0
39274,0.818208,0,0
39275,0.818229,0,0
39276,0.81825,0,0
39277,0.818271,0,0
39278,0.818292,0,0
39279,0.818313,0,0
39280,0.818333,0,0
39281,0.818354,0,0
39282,0.818375,0,0
39283,0.818396,0,0
39284,0.818417,0,0
39285,0.818438,0,0
39286,0.818458,0,0
39287,0.818479,0,0
39288,0.8185,0,0
39289,0.818521,0,0
39290,0.818542,0,0
39291,0.818563,0,0
39292,0.818583,0,0
39293,0.818604,0,0
39294,0.818625,0,0
39295,0.818646,0,0
39296,0.818667,0,0
39297,0.818687,0,0
39298,0.818708,0,0
39299,0.818729,0,0
39300,0.81875,0,0
39301,0.818771,0,0
39302,0.818792,0,0
39303,0.818812,0,0
39304,0.818833,0,0
39305,0.818854,0,0
39306,0.818875,0,0
39307,0.818896,0,0
39308,0.818917,0,0
39309,0.818937,0,0
39310,0.818958,0,0
39311,0.818979,0,0
39312,0.819,0,0
39313,0.819021,0,0
39314,0.819042,0,0
39315,0.819062,0,0
39316,0.819083,0,0
39317,0.819104,0,0
39318,0.819125,0,0
39319,0.819146,0,0
39320,0.819167,0,0
39321,0.819188,0,0
39322,0.819208,0,0
39323,0.819229,0,0
39324,0.81925,0,0
39325,0.819271,0,0
39326,0.819292,0,0
39327,0.819313,0,0
39328,0.819333,0,0
39329,0.819354,0,0
39330,0.819375,0,0
39331,0.819396,0,0
39332,0.819417,0,0
39333,0.819438,0,0
39334,0.819458,0,0
39335,0.819479,0,0
39336,0.8195,0,0
39337,0.819521,0,0
39338,0.819542,0,0
39339,0.819562,0,0
39340,0.819583,0,0
39341,0.819604,0,0
39342,0.819625,0,0
39343,0.819646,0,0
39344,0.819667,0,0
39345,0.819687,0,0
39346,0.819708,0,0
39347,0.819729,0,0
39348,0.81975,0,0
39349,0.819771,0,0
39350,0.819792,0,0
39351,0.819812,0,0
39352,0.819833,0,0
39353,0.819854,0,0
39354,0.819875,0,0
39355,0.819896,0,0
39356,0.819917,0,0
39357,0.819938,0,0
39358,0.819958,0,0
39359,0.819979,0,0
39360,0.82,0,0
39361,0.820021,0,0
39362,0.820042,0,0
39363,0.820063,0,0
39364,0.820083,0,0
39365,0.820104,0,0
39366,0.820125,0,0
39367,0.820146,0,0
39368,0.820167,0,0
39369,0.820188,0,0
39370,0.820208,0,0
39371,0.820229,0,0
39372,0.82025,0,0
39373,0.820271,0,0
39374,0.820292,0,0
39375,0.820312,0,0
39376,0.820333,0,0
39377,0.820354,0,0
39378,0.820375,0,0
39379,0.820396,0,0
39380,0.820417,0,0
39381,0.820437,0,0
39382,0.820458,0,0
39383,0.820479,0,0
39384,0.8205,0,0
39385,0.820521,0,0
39386,0.820542,0,0
39387,0.820562,0,0
39388,0.820583,0,0
39389,0.820604,0,0
39390,0.820625,0,0
39391,0.820646,0,0
39392,0.820667,0,0
39393,0.820687,0,0
39394,0.820708,0,0
39395,0.820729,0,0
39396,0.82075,0,0
39397,0.820771,0,0
39398,0.820792,0,0
39399,0.820813,0,0
39400,0.820833,0,0
39401,0.820854,0,0
39402,0.820875,0,0
39403,0.820896,0,0
39404,0.820917,0,0
39405,0.820938,0,0
39406,0.820958,0,0
39407,0.820979,0,0
39408,0.821,0,0
39409,0.821021,0,0
39410,0.821042,0,0
39411,0.821063,0,0
39412,0.821083,0,0
39413,0.821104,0,0
39414,0.821125,0,0
39415,0.821146,0,0
39416,0.821167,0,0
39417,0.821187,0,0
39418,0.821208,0,0
39419,0.821229,0,0
39420,0.82125,0,0
39421,0.821271,0,0
39422,0.821292,0,0
39423,0.821312,0,0
39424,0.821333,0,0
39425,0.821354,0,0
39426,0.821375,0,0
39427,0.821396,0,0
39428,0.821417,0,0
39429,0.821437,0,0
39430,0.821458,0,0
39431,0.821479,0,0
39432,0.8215,0,0
39433,0.821521,0,0
39434,0.821542,0,0
39435,0.821563,0,0
39436,0.821583,0,0
39437,0.821604,0,0
39438,0.821625,0,0
39439,0.821646,0,0
39440,0.821667,0,0
39441,0.821688,0,0
39442,0.821708,0,0
39443,0.821729,0,0
39444,0.82175,0,0
39445,0.821771,0,0
39446,0.821792,0,0
39447,0.821813,0,0
39448,0.821833,0,0
39449,0.821854,0,0
39450,0.821875,0,0
39451,0.821896,0,0
39452,0.821917,0,0
39453,0.821938,0,0
39454,0.821958,0,0
39455,0.821979,0,0
39456,0.822,0,0
39457,0.822021,0,0
39458,0.822042,0,0
39459,0.822062,0,0
39460,0.822083,0,0
39461,0.822104,0,0
39462,0.822125,0,0
39463,0.822146,0,0
39464,0.822167,0,0
39465,0.822187,0,0
39466,0.822208,0,0
39467,0.822229,0,0
39468,0.82225,0,0
39469,0.822271,0,0
39470,0.822292,0,0
39471,0.822312,0,0
39472,0.822333,0,0
39473,0.822354,0,0
39474,0.822375,0,0
39475,0.822396,0,0
39476,0.822417,0,0
39477,0.822438,0,0
39478,0.822458,0,0
39479,0.822479,0,0
39480,0.8225,0,0
39481,0.822521,0,0
39482,0.822542,0,0
39483,0.822563,0,0
39484,0.822583,0,0
39485,0.822604,0,0
39486,0.822625,0,0
39487,0.822646,0,0
39488,0.822667,0,0
39489,0.822688,0,0
39490,0.822708,0,0
39491,0.822729,0,0
39492,0.82275,0,0
39493,0.822771,0,0
39494,0.822792,0,0
39495,0.822812,0,0
39496,0.822833,0,0
39497,0.822854,0,0
39498,0.822875,0,0
39499,0.822896,0,0
39500,0.822917,0,0
39501,0.822937,0,0
39502,0.822958,0,0
39503,0.822979,0,0
39504,0.823,0,0
39505,0.823021,0,0
39506,0.823042,0,0
39507,0.823062,0,0
39508,0.823083,0,0
39509,0.823104,0,0
39510,0.823125,0,0
39511,0.823146,0,0
39512,0.823167,0,0
39513,0.823187,0,0
39514,0.823208,0,0
39515,0.823229,0,0
39516,0.82325,0,0
39517,0.823271,0,0
39518,0.823292,0,0
39519,0.823313,0,0
39520,0.823333,0,0
39521,0.823354,0,0
39522,0.823375,0,0
39523,0.823396,0,0
39524,0.823417,0,0
39525,0.823438,0,0
39526,0.823458,0,0
39527,0.823479,0,0
39528,0.8235,0,0
39529,0.823521,0,0
39530,0.823542,0,0
39531,0.823563,0,0
39532,0.823583,0,0
39533,0.823604,0,0
39534,0.823625,0,0
39535,0.823646,0,0
39536,0.823667,0,0
39537,0.823687,0,0
39538,0.823708,0,0
39539,0.823729,0,0
39540,0.82375,0,0
39541,0.823771,0,0
39542,0.823792,0,0
39543,0.823812,0,0
39544,0.823833,0,0
39545,0.823854,0,0
39546,0.823875,0,0
39547,0.823896,0,0
39548,0.823917,0,0
39549,0.823937,0,0
39550,0.823958,0,0
39551,0.823979,0,0
39552,0.824,0,0
39553,0.824021,0,0
39554,0.824042,0,0
39555,0.824063,0,0
39556,0.824083,0,0
39557,0.824104,0,0
39558,0.824125,0,0
39559,0.824146,0,0
39560,0.824167,0,0
39561,0.824188,0,0
39562,0.824208,0,0
39563,0.824229,0,0
39564,0.82425,0,0
39565,0.824271,0,0
39566,0.824292,0,0
39567,0.824313,0,0
39568,0.824333,0,0
39569,0.824354,0,0
39570,0.824375,0,0
39571,0.824396,0,0
39572,0.824417,0,0
39573,0.824437,0,0
39574,0.824458,0,0
39575,0.824479,0,0
39576,0.8245,0,0
39577,0.824521,0,0
39578,0.824542,0,0
39579,0.824562,0,0
39580,0.824583,0,0
39581,0.824604,0,0
39582,0.824625,0,0
39583,0.824646,0,0
39584,0.824667,0,0
39585,0.824687,0,0
39586,0.824708,0,0
39587,0.824729,0,0
39588,0.82475,0,0
39589,0.824771,0,0
39590,0.824792,0,0
39591,0.824812,0,0
39592,0.824833,0,0
39593,0.824854,0,0
39594,0.824875,0,0
39595,0.824896,0,0
39596,0.824917,0,0
39597,0.824938,0,0
39598,0.824958,0,0
39599,0.824979,0,0
39600,0.825,0,0
39601,0.825021,0,0
39602,0.825042,0,0
39603,0.825063,0,0
39604,0.825083,0,0
39605,0.825104,0,0
39606,0.825125,0,0
39607,0.825146,0,0
39608,0.825167,0,0
39609,0.825188,0,0
39610,0.825208,0,0
39611,0.825229,0,0
39612,0.82525,0,0
39613,0.825271,0,0
39614,0.825292,0,0
39615,0.825312,0,0
39616,0.825333,0,0
39617,0.825354,0,0
39618,0.825375,0,0
39619,0.825396,0,0
39620,0.825417,0,0
39621,0.825437,0,0
39622,0.825458,0,0
39623,0.825479,0,0
39624,0.8255,0,0
39625,0.825521,0,0
39626,0.825542,0,0
39627,0.825562,0,0
39628,0.825583,0,0
39629,0.825604,0,0
39630,0.825625,0,0
39631,0.825646,0,0
39632,0.825667,0,0
39633,0.825688,0,0
39634,0.825708,0,0
39635,0.825729,0,0
39636,0.82575,0,0
39637,0.825771,0,0
39638,0.825792,0,0
39639,0.825813,0,0
39640,0.825833,0,0
39641,0.825854,0,0
39642,0.825875,0,0
39643,0.825896,0,0
39644,0.825917,0,0
39645,0.825938,0,0
39646,0.825958,0,0
39647,0.825979,0,0
39648,0.826,0,0
39649,0.826021,0,0
39650,0.826042,0,0
39651,0.826063,0,0
39652,0.826083,0,0
39653,0.826104,0,0
39654,0.826125,0,0
39655,0.826146,0,0
39656,0.826167,0,0
39657,0.826187,0,0
39658,0.826208,0,0
39659,0.826229,0,0
39660,0.82625,0,0
39661,0.826271,0,0
39662,0.826292,0,0
39663,0.826312,0,0
39664,0.826333,0,0
39665,0.826354,0,0
39666,0.826375,0,0
39667,0.826396,0,0
39668,0.826417,0,0
39669,0.826437,0,0
39670,0.826458,0,0
39671,0.826479,0,0
39672,0.8265,0,0
39673,0.826521,0,0
39674,0.826542,0,0
39675,0.826563,0,0
39676,0.826583,0,0
39677,0.826604,0,0
39678,0.826625,0,0
39679,0.826646,0,0
39680,0.826667,0,0
39681,0.826688,0,0
39682,0.826708,0,0
39683,0.826729,0,0
39684,0.82675,0,0
39685,0.826771,0,0
39686,0.826792,0,0
39687,0.826813,0,0
39688,0.826833,0,0
39689,0.826854,0,0
39690,0.826875,0,0
39691,0.826896,0,0
39692,0.826917,0,0
39693,0.826937,0,0
39694,0.826958,0,0
39695,0.826979,0,0
39696,0.827,0,0
39697,0.827021,0,0
39698,0.827042,0,0
39699,0.827062,0,0
39700,0.827083,0,0
39701,0.827104,0,0
39702,0.827125,0,0
39703,0.827146,0,0
39704,0.827167,0,0
39705,0.827187,0,0
39706,0.827208,0,0
39707,0.827229,0,0
39708,0.82725,0,0
39709,0.827271,0,0
39710,0.827292,0,0
39711,0.827313,0,0
39712,0.827333,0,0
39713,0.827354,0,0
39714,0.827375,0,0
39715,0.827396,0,0
39716,0.827417,0,0
39717,0.827438,0,0
39718,0.827458,0,0
39719,0.827479,0,0
39720,0.8275,0,0
39721,0.827521,0,0
39722,0.827542,0,0
39723,0.827563,0,0
39724,0.827583,0,0
39725,0.827604,0,0
39726,0.827625,0,0
39727,0.827646,0,0
39728,0.827667,0,0
39729,0.827688,0,0
39730,0.827708,0,0
39731,0.827729,0,0
39732,0.82775,0,0
39733,0.827771,0,0
39734,0.827792,0,0
39735,0.827812,0,0
39736,0.827833,0,0
39737,0.827854,0,0
39738,0.827875,0,0
39739,0.827896,0,0
39740,0.827917,0,0
39741,0.827937,0,0
39742,0.827958,0,0
39743,0.827979,0,0
39744,0.828,0,0
39745,0.828021,0,0
39746,0.828042,0,0
39747,0.828062,0,0
39748,0.828083,0,0
39749,0.828104,0,0
39750,0.828125,0,0
39751,0.828146,0,0
39752,0.828167,0,0
39753,0.828188,0,0
39754,0.828208,0,0
39755,0.828229,0,0
39756,0.82825,0,0
39757,0.828271,0,0
39758,0.828292,0,0
39759,0.828313,0,0
39760,0.828333,0,0
39761,0.828354,0,0
39762,0.828375,0,0
39763,0.828396,0,0
39764,0.828417,0,0
39765,0.828438,0,0
39766,0.828458,0,0
39767,0.828479,0,0
39768,0.8285,0,0
39769,0.828521,0,0
39770,0.828542,0,0
39771,0.828562,0,0
39772,0.828583,0,0
39773,0.828604,0,0
39774,0.828625,0,0
39775,0.828646,0,0
39776,0.828667,0,0
39777,0.828687,0,0
39778,0.828708,0,0
39779,0.828729,0,0
39780,0.82875,0,0
39781,0.828771,0,0
39782,0.828792,0,0
39783,0.828812,0,0
39784,0.828833,0,0
39785,0.828854,0,0
39786,0.828875,0,0
39787,0.828896,0,0
39788,0.828917,0,0
39789,0.828937,0,0
39790,0.828958,0,0
39791,0.828979,0,0
39792,0.829,0,0
39793,0.829021,0,0
39794,0.829042,0,0
39795,0.829063,0,0
39796,0.829083,0,0
39797,0.829104,0,0
39798,0.829125,0,0
39799,0.829146,0,0
39800,0.829167,0,0
39801,0.829188,0,0
39802,0.829208,0,0
39803,0.829229,0,0
39804,0.82925,0,0
39805,0.829271,0,0
39806,0.829292,0,0
39807,0.829313,0,0
39808,0.829333,0,0
39809,0.829354,0,0
39810,0.829375,0,0
39811,0.829396,0,0
39812,0.829417,0,0
39813,0.829437,0,0
39814,0.829458,0,0
39815,0.829479,0,0
39816,0.8295,0,0
39817,0.829521,0,0
39818,0.829542,0,0
39819,0.829562,0,0
39820,0.829583,0,0
39821,0.829604,0,0
39822,0.829625,0,0
39823,0.829646,0,0
39824,0.829667,0,0
39825,0.829687,0,0
39826,0.829708,0,0
39827,0.829729,0,0
39828,0.82975,0,0
39829,0.829771,0,0
39830,0.829792,0,0
39831,0.829813,0,0
39832,0.829833,0,0
39833,0.829854,0,0
39834,0.829875,0,0
39835,0.829896,0,0
39836,0.829917,0,0
39837,0.829938,0,0
39838,0.829958,0,0
39839,0.829979,0,0
39840,0.83,0,0
39841,0.830021,0,0
39842,0.830042,0,0
39843,0.830063,0,0
39844,0.830083,0,0
39845,0.830104,0,0
39846,0.830125,0,0
39847,0.830146,0,0
39848,0.830167,0,0
39849,0.830187,0,0
39850,0.830208,0,0
39851,0.830229,0,0
39852,0.83025,0,0
39853,0.830271,0,0
39854,0.830292,0,0
39855,0.830312,0,0
39856,0.830333,0,0
39857,0.830354,0,0
39858,0.830375,0,0
39859,0.830396,0,0
39860,0.830417,0,0
39861,0.830437,0,0
39862,0.830458,0,0
39863,0.830479,0,0
39864,0.8305,0,0
39865,0.830521,0,0
39866,0.830542,0,0
39867,0.830562,0,0
39868,0.830583,0,0
39869,0.830604,0,0
39870,0.830625,0,0
39871,0.830646,0,0
39872,0.830667,0,0
39873,0.830688,0,0
39874,0.830708,0,0
39875,0.830729,0,0
39876,0.83075,0,0
39877,0.830771,0,0
39878,0.830792,0,0
39879,0.830813,0,0
39880,0.830833,0,0
39881,0.830854,0,0
39882,0.830875,0,0
39883,0.830896,0,0
39884,0.830917,0,0
39885,0.830938,0,0
39886,0.830958,0,0
39887,0.830979,0,0
39888,0.831,0,0
39889,0.831021,0,0
39890,0.831042,0,0
39891,0.831062,0,0
39892,0.831083,0,0
39893,0.831104,0,0
39894,0.831125,0,0
39895,0.831146,0,0
39896,0.831167,0,0
39897,0.831187,0,0
39898,0.831208,0,0
39899,0.831229,0,0
39900,0.83125,0,0
39901,0.831271,0,0
39902,0.831292,0,0
39903,0.831312,0,0
39904,0.831333,0,0
39905,0.831354,0,0
39906,0.831375,0,0
39907,0.831396,0,0
39908,0.831417,0,0
39909,0.831438,0,0
39910,0.831458,0,0
39911,0.831479,0,0
39912,0.8315,0,0
39913,0.831521,0,0
39914,0.831542,0,0
39915,0.831563,0,0
39916,0.831583,0,0
39917,0.831604,0,0
39918,0.831625,0,0
39919,0.831646,0,0
39920,0.831667,0,0
39921,0.831688,0,0
39922,0.831708,0,0
39923,0.831729,0,0
39924,0.83175,0,0
39925,0.831771,0,0
39926,0.831792,0,0
39927,0.831813,0,0
39928,0.831833,0,0
39929,0.831854,0,0
39930,0.831875,0,0
39931,0.831896,0,0
39932,0.831917,0,0
39933,0.831937,0,0
39934,0.831958,0,0
39935,0.831979,0,0
39936,0.832,0,0
39937,0.832021,0,0
39938,0.832042,0,0
39939,0.832062,0,0
39940,0.832083,0,0
39941,0.832104,0,0
39942,0.832125,0,0
39943,0.832146,0,0
39944,0.832167,0,0
39945,0.832187,0,0
39946,0.832208,0,0
39947,0.832229,0,0
39948,0.83225,0,0
39949,0.832271,0,0
39950,0.832292,0,0
39951,0.832313,0,0
39952,0.832333,0,0
39953,0.832354,0,0
39954,0.832375,0,0
39955,0.832396,0,0
39956,0.832417,0,0
39957,0.832438,0,0
39958,0.832458,0,0
39959,0.832479,0,0
39960,0.8325,0,0
39961,0.832521,0,0
39962,0.832542,0,0
39963,0.832563,0,0
39964,0.832583,0,0
39965,0.832604,0,0
39966,0.832625,0,0
39967,0.832646,0,0
39968,0.832667,0,0
39969,0.832687,0,0
39970,0.832708,0,0
39971,0.832729,0,0
39972,0.83275,0,0
39973,0.832771,0,0
39974,0.832792,0,0
39975,0.832812,0,0
39976,0.832833,0,0
39977,0.832854,0,0
39978,0.832875,0,0
39979,0.832896,0,0
39980,0.832917,0,0
39981,0.832937,0,0
39982,0.832958,0,0
39983,0.832979,0,0
39984,0.833,0,0
39985,0.833021,0,0
39986,0.833042,0,0
39987,0.833063,0,0
39988,0.833083,0,0
39989,0.833104,0,0
39990,0.833125,0,0
39991,0.833146,0,0
39992,0.833167,0,0
39993,0.833188,0,0
39994,0.833208,0,0
39995,0.833229,0,0
39996,0.83325,0,0
39997,0.833271,0,0
39998,0.833292,0,0
39999,0.833313,0,0
40000,0.833333,0,0
40001,0.833354,0,0
40002,0.833375,0,0
40003,0.833396,0,0
40004,0.833417,0,0
40005,0.833438,0,0
40006,0.833458,0,0
40007,0.833479,0,0
40008,0.8335,0,0
40009,0.833521,0,0
40010,0.833542,0,0
40011,0.833562,0,0
40012,0.833583,0,0
40013,0.833604,0,0
40014,0.833625,0,0
40015,0.833646,0,0
40016,0.833667,0,0
40017,0.833687,0,0
40018,0.833708,0,0
40019,0.833729,0,0
40020,0.83375,0,0
40021,0.833771,0,0
40022,0.833792,0,0
40023,0.833812,0,0
40024,0.833833,0,0
40025,0.833854,0,0
40026,0.833875,0,0
40027,0.833896,0,0
40028,0.833917,0,0
40029,0.833938,0,0
40030,0.833958,0,0
40031,0.833979,0,0
40032,0.834,0,0
40033,0.834021,0,0
40034,0.834042,0,0
40035,0.834063,0,0
40036,0.834083,0,0
40037,0.834104,0,0
40038,0.834125,0,0
40039,0.834146,0,0
40040,0.834167,0,0
40041,0.834188,0,0
40042,0.834208,0,0
40043,0.834229,0,0
40044,0.83425,0,0
40045,0.834271,0,0
40046,0.834292,0,0
40047,0.834312,0,0
40048,0.834333,0,0
40049,0.834354,0,0
40050,0.834375,0,0
40051,0.834396,0,0
40052,0.834417,0,0
40053,0.834437,0,0
40054,0.834458,0,0
40055,0.834479,0,0
40056,0.8345,0,0
40057,0.834521,0,0
40058,0.834542,0,0
40059,0.834562,0,0
40060,0.834583,0,0
40061,0.834604,0,0
40062,0.834625,0,0
40063,0.834646,0,0
40064,0.834667,0,0
40065,0.834687,0,0
40066,0.834708,0,0
40067,0.834729,0,0
40068,0.83475,0,0
40069,0.834771,0,0
40070,0.834792,0,0
40071,0.834813,0,0
40072,0.834833,0,0
40073,0.834854,0,0
40074,0.834875,0,0
40075,0.834896,0,0
40076,0.834917,0,0
40077,0.834938,0,0
40078,0.834958,0,0
40079,0.834979,0,0
40080,0.835,0,0
40081,0.835021,0,0
40082,0.835042,0,0
40083,0.835063,0,0
40084,0.835083,0,0
40085,0.835104,0,0
40086,0.835125,0,0
40087,0.835146,0,0
40088,0.835167,0,0
40089,0.835187,0,0
40090,0.835208,0,0
40091,0.835229,0,0
40092,0.83525,0,0
40093,0.835271,0,0
40094,0.835292,0,0
40095,0.835312,0,0
40096,0.835333,0,0
40097,0.835354,0,0
40098,0.835375,0,0
40099,0.835396,0,0
40100,0.835417,0,0
40101,0.835437,0,0
40102,0.835458,0,0
40103,0.835479,0,0
40104,0.8355,0,0
40105,0.835521,0,0
40106,0.835542,0,0
40107,0.835563,0,0
40108,0.835583,0,0
40109,0.835604,0,0
40110,0.835625,0,0
40111,0.835646,0,0
40112,0.835667,0,0
40113,0.835688,0,0
40114,0.835708,0,0
40115,0.835729,0,0
40116,0.83575,0,0
40117,0.835771,0,0
40118,0.835792,0,0
40119,0.835813,0,0
40120,0.835833,0,0
40121,0.835854,0,0
40122,0.835875,0,0
40123,0.835896,0,0
40124,0.835917,0,0
40125,0.835938,0,0
40126,0.835958,0,0
40127,0.835979,0,0
40128,0.836,0,0
40129,0.836021,0,0
40130,0.836042,0,0
40131,0.836062,0,0
40132,0.836083,0,0
40133,0.836104,0,0
40134,0.836125,0,0
40135,0.836146,0,0
40136,0.836167,0,0
40137,0.836187,0,0
40138,0.836208,0,0
40139,0.836229,0,0
40140,0.83625,0,0
40141,0.836271,0,0
40142,0.836292,0,0
40143,0.836312,0,0
40144,0.836333,0,0
40145,0.836354,0,0
40146,0.836375,0,0
40147,0.836396,0,0
40148,0.836417,0,0
40149,0.836438,0,0
40150,0.836458,0,0
40151,0.836479,0,0
40152,0.8365,0,0
40153,0.836521,0,0
40154,0.836542,0,0
40155,0.836563,0,0
40156,0.836583,0,0
40157,0.836604,0,0
40158,0.836625,0,0
40159,0.836646,0,0
40160,0.836667,0,0
40161,0.836688,0,0
40162,0.836708,0,0
40163,0.836729,0,0
40164,0.83675,0,0
40165,0.836771,0,0
40166,0.836792,0,0
40167,0.836812,0,0
40168,0.836833,0,0
40169,0.836854,0,0
40170,0.836875,0,0
40171,0.836896,0,0
40172,0.836917,0,0
40173,0.836937,0,0
40174,0.836958,0,0
40175,0.836979,0,0
40176,0.837,0,0
40177,0.837021,0,0
40178,0.837042,0,0
40179,0.837062,0,0
40180,0.837083,0,0
40181,0.837104,0,0
40182,0.837125,0,0
40183,0.837146,0,0
40184,0.837167,0,0
40185,0.837188,0,0
40186,0.837208,0,0
40187,0.837229,0,0
40188,0.83725,0,0
40189,0.837271,0,0
40190,0.837292,0,0
40191,0.837313,0,0
40192,0.837333,0,0
40193,0.837354,0,0
40194,0.837375,0,0
40195,0.837396,0,0
40196,0.837417,0,0
40197,0.837438,0,0
40198,0.837458,0,0
40199,0.837479,0,0
40200,0.8375,0,0
40201,0.837521,0,0
40202,0.837542,0,0
40203,0.837563,0,0
40204,0.837583,0,0
40205,0.837604,0,0
40206,0.837625,0,0
40207,0.837646,0,0
40208,0.837667,0,0
40209,0.837687,0,0
40210,0.837708,0,0
40211,0.837729,0,0
40212,0.83775,0,0
40213,0.837771,0,0
40214,0.837792,0,0
40215,0.837812,0,0
40216,0.837833,0,0
40217,0.837854,0,0
40218,0.837875,0,0
40219,0.837896,0,0
40220,0.837917,0,0
40221,0.837937,0,0
40222,0.837958,0,0
40223,0.837979,0,0
40224,0.838,0,0
40225,0.838021,0,0
40226,0.838042,0,0
40227,0.838063,0,0
40228,0.838083,0,0
40229,0.838104,0,0
40230,0.838125,0,0
40231,0.838146,0,0
40232,0.838167,0,0
40233,0.838188,0,0
40234,0.838208,0,0
40235,0.838229,0,0
40236,0.83825,0,0
40237,0.838271,0,0
40238,0.838292,0,0
40239,0.838313,0,0
40240,0.838333,0,0
40241,0.838354,0,0
40242,0.838375,0,0
40243,0.838396,0,0
40244,0.838417,0,0
40245,0.838437,0,0
40246,0.838458,0,0
40247,0.838479,0,0
40248,0.8385,0,0
40249,0.838521,0,0
40250,0.838542,0,0
40251,0.838562,0,0
40252,0.838583,0,0
40253,0.838604,0,0
40254,0.838625,0,0
40255,0.838646,0,0
40256,0.838667,0,0
40257,0.838687,0,0
40258,0.838708,0,0
40259,0.838729,0,0
40260,0.83875,0,0
40261,0.838771,0,0
40262,0.838792,0,0
40263,0.838812,0,0
40264,0.838833,0,0
40265,0.838854,0,0
40266,0.838875,0,0
40267,0.838896,0,0
40268,0.838917,0,0
40269,0.838938,0,0
40270,0.838958,0,0
40271,0.838979,0,0
40272,0.839,0,0
40273,0.839021,0,0
40274,0.839042,0,0
40275,0.839063,0,0
40276,0.839083,0,0
40277,0.839104,0,0
40278,0.839125,0,0
40279,0.839146,0,0
40280,0.839167,0,0
40281,0.839188,0,0
40282,0.839208,0,0
40283,0.839229,0,0
40284,0.83925,0,0
40285,0.839271,0,0
40286,0.839292,0,0
40287,0.839312,0,0
40288,0.839333,0,0
40289,0.839354,0,0
40290,0.839375,0,0
40291,0.839396,0,0
40292,0.839417,0,0
40293,0.839437,0,0
40294,0.839458,0,0
40295,0.839479,0,0
40296,0.8395,0,0
40297,0.839521,0,0
40298,0.839542,0,0
40299,0.839562,0,0
40300,0.839583,0,0
40301,0.839604,0,0
40302,0.839625,0,0
40303,0.839646,0,0
40304,0.839667,0,0
40305,0.839688,0,0
40306,0.839708,0,0
40307,0.839729,0,0
40308,0.83975,0,0
40309,0.839771,0,0
40310,0.839792,0,0
40311,0.839813,0,0
40312,0.839833,0,0
40313,0.839854,0,0
40314,0.839875,0,0
40315,0.839896,0,0
40316,0.839917,0,0
40317,0.839938,0,0
40318,0.839958,0,0
40319,0.839979,0,0
40320,0.84,0,0
40321,0.840021,0,0
40322,0.840042,0,0
40323,0.840062,0,0
40324,0.840083,0,0
40325,0.840104,0,0
40326,0.840125,0,0
40327,0.840146,0,0
40328,0.840167,0,0
40329,0.840187,0,0
40330,0.840208,0,0
40331,0.840229,0,0
40332,0.84025,0,0
40333,0.840271,0,0
40334,0.840292,0,0
40335,0.840312,0,0
40336,0.840333,0,0
40337,0.840354,0,0
40338,0.840375,0,0
40339,0.840396,0,0
40340,0.840417,0,0
40341,0.840437,0,0
40342,0.840458,0,0
40343,0.840479,0,0
40344,0.8405,0,0
40345,0.840521,0,0
40346,0.840542,0,0
40347,0.840563,0,0
40348,0.840583,0,0
40349,0.840604,0,0
40350,0.840625,0,0
40351,0.840646,0,0
40352,0.840667,0,0
40353,0.840688,0,0
40354,0.840708,0,0
40355,0.840729,0,0
40356,0.84075,0,0
40357,0.840771,0,0
40358,0.840792,0,0
40359,0.840813,0,0
40360,0.840833,0,0
40361,0.840854,0,0
40362,0.840875,0,0
40363,0.840896,0,0
40364,0.840917,0,0
40365,0.840937,0,0
40366,0.840958,0,0
40367,0.840979,0,0
40368,0.841,0,0
40369,0.841021,0,0
40370,0.841042,0,0
40371,0.841062,0,0
40372,0.841083,0,0
40373,0.841104,0,0
40374,0.841125,0,0
40375,0.841146,0,0
40376,0.841167,0,0
40377,0.841187,0,0
40378,0.841208,0,0
40379,0.841229,0,0
40380,0.84125,0,0
40381,0.841271,0,0
40382,0.841292,0,0
40383,0.841313,0,0
40384,0.841333,0,0
40385,0.841354,0,0
40386,0.841375,0,0
40387,0.841396,0,0
40388,0.841417,0,0
40389,0.841438,0,0
40390,0.841458,0,0
40391,0.841479,0,0
40392,0.8415,0,0
40393,0.841521,0,0
40394,0.841542,0,0
40395,0.841563,0,0
40396,0.841583,0,0
40397,0.841604,0,0
40398,0.841625,0,0
40399,0.841646,0,0
40400,0.841667,0,0
40401,0.841688,0,0
40402,0.841708,0,0
40403,0.841729,0,0
40404,0.84175,0,0
40405,0.841771,0,0
40406,0.841792,0,0
40407,0.841812,0,0
40408,0.841833,0,0
40409,0.841854,0,0
40410,0.841875,0,0
40411,0.841896,0,0
40412,0.841917,0,0
40413,0.841937,0,0
40414,0.841958,0,0
40415,0.841979,0,0
40416,0.842,0,0
40417,0.842021,0,0
40418,0.842042,0,0
40419,0.842062,0,0
40420,0.842083,0,0
40421,0.842104,0,0
40422,0.842125,0,0
40423,0.842146,0,0
40424,0.842167,0,0
40425,0.842188,0,0
40426,0.842208,0,0
40427,0.842229,0,0
40428,0.84225,0,0
40429,0.842271,0,0
40430,0.842292,0,0
40431,0.842313,0,0
40432,0.842333,0,0
40433,0.842354,0,0
40434,0.842375,0,0
40435,0.842396,0,0
40436,0.842417,0,0
40437,0.842438,0,0
40438,0.842458,0,0
40439,0.842479,0,0
40440,0.8425,0,0
40441,0.842521,0,0
40442,0.842542,0,0
40443,0.842562,0,0
40444,0.842583,0,0
40445,0.842604,0,0
40446,0.842625,0,0
40447,0.842646,0,0
40448,0.842667,0,0
40449,0.842687,0,0
40450,0.842708,0,0
40451,0.842729,0,0
40452,0.84275,0,0
40453,0.842771,0,0
40454,0.842792,0,0
40455,0.842812,0,0
40456,0.842833,0,0
40457,0.842854,0,0
40458,0.842875,0,0
40459,0.842896,0,0
40460,0.842917,0,0
40461,0.842938,0,0
40462,0.842958,0,0
40463,0.842979,0,0
40464,0.843,0,0
40465,0.843021,0,0
40466,0.843042,0,0
40467,0.843063,0,0
40468,0.843083,0,0
40469,0.843104,0,0
40470,0.843125,0,0
40471,0.843146,0,0
40472,0.843167,0,0
40473,0.843188,0,0
40474,0.843208,0,0
40475,0.843229,0,0
40476,0.84325,0,0
40477,0.843271,0,0
40478,0.843292,0,0
40479,0.843313,0,0
40480,0.843333,0,0
40481,0.843354,0,0
40482,0.843375,0,0
40483,0.843396,0,0
40484,0.843417,0,0
40485,0.843437,0,0
40486,0.843458,0,0
40487,0.843479,0,0
40488,0.8435,0,0
40489,0.843521,0,0
40490,0.843542,0,0
40491,0.843562,0,0
40492,0.843583,0,0
40493,0.843604,0,0
40494,0.843625,0,0
40495,0.843646,0,0
40496,0.843667,0,0
40497,0.843687,0,0
40498,0.843708,0,0
40499,0.843729,0,0
40500,0.84375,0,0
40501,0.843771,0,0
40502,0.843792,0,0
40503,0.843813,0,0
40504,0.843833,0,0
40505,0.843854,0,0
40506,0.843875,0,0
40507,0.843896,0,0
40508,0.843917,0,0
40509,0.843938,0,0
40510,0.843958,0,0
40511,0.843979,0,0
40512,0.844,0,0
40513,0.844021,0,0
40514,0.844042,0,0
40515,0.844063,0,0
40516,0.844083,0,0
40517,0.844104,0,0
40518,0.844125,0,0
40519,0.844146,0,0
40520,0.844167,0,0
40521,0.844187,0,0
40522,0.844208,0,0
40523,0.844229,0,0
40524,0.84425,0,0
40525,0.844271,0,0
40526,0.844292,0,0
40527,0.844312,0,0
40528,0.844333,0,0
40529,0.844354,0,0
40530,0.844375,0,0
40531,0.844396,0,0
40532,0.844417,0,0
40533,0.844437,0,0
40534,0.844458,0,0
40535,0.844479,0,0
40536,0.8445,0,0
40537,0.844521,0,0
40538,0.844542,0,0
40539,0.844562,0,0
40540,0.844583,0,0
40541,0.844604,0,0
40542,0.844625,0,0
40543,0.844646,0,0
40544,0.844667,0,0
40545,0.844688,0,0
40546,0.844708,0,0
40547,0.844729,0,0
40548,0.84475,0,0
40549,0.844771,0,0
40550,0.844792,0,0
40551,0.844813,0,0
40552,0.844833,0,0
40553,0.844854,0,0
40554,0.844875,0,0
40555,0.844896,0,0
40556,0.844917,0,0
40557,0.844938,0,0
40558,0.844958,0,0
40559,0.844979,0,0
40560,0.845,0,0
40561,0.845021,0,0
40562,0.845042,0,0
40563,0.845062,0,0
40564,0.845083,0,0
40565,0.845104,0,0
40566,0.845125,0,0
40567,0.845146,0,0
40568,0.845167,0,0
40569,0.845187,0,0
40570,0.845208,0,0
40571,0.845229,0,0
40572,0.84525,0,0
40573,0.845271,0,0
40574,0.845292,0,0
40575,0.845312,0,0
40576,0.845333,0,0
40577,0.845354,0,0
40578,0.845375,0,0
40579,0.845396,0,0
40580,0.845417,0,0
40581,0.845438,0,0
40582,0.845458,0,0
40583,0.845479,0,0
40584,0.8455,0,0
40585,0.845521,0,0
40586,0.845542,0,0
40587,0.845563,0,0
40588,0.845583,0,0
40589,0.845604,0,0
40590,0.845625,0,0
40591,0.845646,0,0
40592,0.845667,0,0
40593,0.845688,0,0
40594,0.845708,0,0
40595,0.845729,0,0
40596,0.84575,0,0
40597,0.845771,0,0
40598,0.845792,0,0
40599,0.845812,0,0
40600,0.845833,0,0
40601,0.845854,0,0
40602,0.845875,0,0
40603,0.845896,0,0
40604,0.845917,0,0
40605,0.845937,0,0
40606,0.845958,0,0
40607,0.845979,0,0
40608,0.846,0,0
40609,0.846021,0,0
40610,0.846042,0,0
40611,0.846062,0,0
40612,0.846083,0,0
40613,0.846104,0,0
40614,0.846125,0,0
40615,0.846146,0,0
40616,0.846167,0,0
40617,0.846187,0,0
40618,0.846208,0,0
40619,0.846229,0,0
40620,0.84625,0,0
40621,0.846271,0,0
40622,0.846292,0,0
40623,0.846313,0,0
40624,0.846333,0,0
40625,0.846354,0,0
40626,0.846375,0,0
40627,0.846396,0,0
40628,0.846417,0,0
40629,0.846438,0,0
40630,0.846458,0,0
40631,0.846479,0,0
40632,0.8465,0,0
40633,0.846521,0,0
40634,0.846542,0,0
40635,0.846563,0,0
40636,0.846583,0,0
40637,0.846604,0,0
40638,0.846625,0,0
40639,0.846646,0,0
40640,0.846667,0,0
40641,0.846687,0,0
40642,0.846708,0,0
40643,0.846729,0,0
40644,0.84675,0,0
40645,0.846771,0,0
40646,0.846792,0,0
40647,0.846812,0,0
40648,0.846833,0,0
40649,0.846854,0,0
40650,0.846875,0,0
40651,0.846896,0,0
40652,0.846917,0,0
40653,0.846937,0,0
40654,0.846958,0,0
40655,0.846979,0,0
40656,0.847,0,0
40657,0.847021,0,0
40658,0.847042,0,0
40659,0.847063,0,0
40660,0.847083,0,0
40661,0.847104,0,0
40662,0.847125,0,0
40663,0.847146,0,0
40664,0.847167,0,0
40665,0.847188,0,0
40666,0.847208,0,0
40667,0.847229,0,0
40668,0.84725,0,0
40669,0.847271,0,0
40670,0.847292,0,0
40671,0.847313,0,0
40672,0.847333,0,0
40673,0.847354,0,0
40674,0.847375,0,0
40675,0.847396,0,0
40676,0.847417,0,0
40677,0.847438,0,0
40678,0.847458,0,0
40679,0.847479,0,0
40680,0.8475,0,0
40681,0.847521,0,0
40682,0.847542,0,0
40683,0.847562,0,0
40684,0.847583,0,0
40685,0.847604,0,0
40686,0.847625,0,0
40687,0.847646,0,0
40688,0.847667,0,0
40689,0.847687,0,0
40690,0.847708,0,0
40691,0.847729,0,0
40692,0.84775,0,0
40693,0.847771,0,0
40694,0.847792,0,0
40695,0.847812,0,0
40696,0.847833,0,0
40697,0.847854,0,0
40698,0.847875,0,0
40699,0.847896,0,0
40700,0.847917,0,0
40701,0.847938,0,0
40702,0.847958,0,0
40703,0.847979,0,0
40704,0.848,0,0
40705,0.848021,0,0
40706,0.848042,0,0
40707,0.848063,0,0
40708,0.848083,0,0
40709,0.848104,0,0
40710,0.848125,0,0
40711,0.848146,0,0
40712,0.848167,0,0
40713,0.848188,0,0
40714,0.848208,0,0
40715,0.848229,0,0
40716,0.84825,0,0
40717,0.848271,0,0
40718,0.848292,0,0
40719,0.848312,0,0
40720,0.848333,0,0
40721,0.848354,0,0
40722,0.848375,0,0
40723,0.848396,0,0
40724,0.848417,0,0
40725,0.848437,0,0
40726,0.848458,0,0
40727,0.848479,0,0
40728,0.8485,0,0
40729,0.848521,0,0
40730,0.848542,0,0
40731,0.848562,0,0
40732,0.848583,0,0
40733,0.848604,0,0
40734,0.848625,0,0
40735,0.848646,0,0
40736,0.848667,0,0
40737,0.848688,0,0
40738,0.848708,0,0
40739,0.848729,0,0
40740,0.84875,0,0
40741,0.848771,0,0
40742,0.848792,0,0
40743,0.848813,0,0
40744,0.848833,0,0
40745,0.848854,0,0
40746,0.848875,0,0
40747,0.848896,0,0
40748,0.848917,0,0
40749,0.848938,0,0
40750,0.848958,0,0
40751,0.848979,0,0
40752,0.849,0,0
40753,0.849021,0,0
40754,0.849042,0,0
40755,0.849063,0,0
40756,0.849083,0,0
40757,0.849104,0,0
40758,0.849125,0,0
40759,0.849146,0,0
40760,0.849167,0,0
40761,0.849187,0,0
40762,0.849208,0,0
40763,0.849229,0,0
40764,0.84925,0,0
40765,0.849271,0,0
40766,0.849292,0,0
40767,0.849312,0,0
40768,0.849333,0,0
40769,0.849354,0,0
40770,0.849375,0,0
40771,0.849396,0,0
40772,0.849417,0,0
40773,0.849437,0,0
40774,0.849458,0,0
40775,0.849479,0,0
40776,0.8495,0,0
40777,0.849521,0,0
40778,0.849542,0,0
40779,0.849563,0,0
40780,0.849583,0,0
40781,0.849604,0,0
40782,0.849625,0,0
40783,0.849646,0,0
40784,0.849667,0,0
40785,0.849688,0,0
40786,0.849708,0,0
40787,0.849729,0,0
40788,0.84975,0,0
40789,0.849771,0,0
40790,0.849792,0,0
40791,0.849813,0,0
40792,0.849833,0,0
40793,0.849854,0,0
40794,0.849875,0,0
40795,0.849896,0,0
40796,0.849917,0,0
40797,0.849937,0,0
40798,0.849958,0,0
40799,0.849979,0,0
40800,0.85,0,0
40801,0.850021,0,0
40802,0.850042,0,0
40803,0.850062,0,0
40804,0.850083,0,0
40805,0.850104,0,0
40806,0.850125,0,0
40807,0.850146,0,0
40808,0.850167,0,0
40809,0.850187,0,0
40810,0.850208,0,0
40811,0.850229,0,0
40812,0.85025,0,0
40813,0.850271,0,0
40814,0.850292,0,0
40815,0.850312,0,0
40816,0.850333,0,0
40817,0.850354,0,0
40818,0.850375,0,0
40819,0.850396,0,0
40820,0.850417,0,0
40821,0.850438,0,0
40822,0.850458,0,0
40823,0.850479,0,0
40824,0.8505,0,0
40825,0.850521,0,0
40826,0.850542,0,0
40827,0.850563,0,0
40828,0.850583,0,0
40829,0.850604,0,0
40830,0.850625,0,0
40831,0.850646,0,0
40832,0.850667,0,0
40833,0.850688,0,0
40834,0.850708,0,0
40835,0.850729,0,0
40836,0.85075,0,0
40837,0.850771,0,0
40838,0.850792,0,0
40839,0.850812,0,0
40840,0.850833,0,0
40841,0.850854,0,0
40842,0.850875,0,0
40843,0.850896,0,0
40844,0.850917,0,0
40845,0.850937,0,0
40846,0.850958,0,0
40847,0.850979,0,0
40848,0.851,0,0
40849,0.851021,0,0
40850,0.851042,0,0
40851,0.851062,0,0
40852,0.851083,0,0
40853,0.851104,0,0
40854,0.851125,0,0
40855,0.851146,0,0
40856,0.851167,0,0
40857,0.851188,0,0
40858,0.851208,0,0
40859,0.851229,0,0
40860,0.85125,0,0
40861,0.851271,0,0
40862,0.851292,0,0
40863,0.851313,0,0
40864,0.851333,0,0
40865,0.851354,0,0
40866,0.851375,0,0
40867,0.851396,0,0
40868,0.851417,0,0
40869,0.851438,0,0
40870,0.851458,0,0
40871,0.851479,0,0
40872,0.8515,0,0
40873,0.851521,0,0
40874,0.851542,0,0
40875,0.851562,0,0
40876,0.851583,0,0
40877,0.851604,0,0
40878,0.851625,0,0
40879,0.851646,0,0
40880,0.851667,0,0
40881,0.851687,0,0
40882,0.851708,0,0
40883,0.851729,0,0
40884,0.85175,0,0
40885,0.851771,0,0
40886,0.851792,0,0
40887,0.851812,0,0
40888,0.851833,0,0
40889,0.851854,0,0
40890,0.851875,0,0
40891,0.851896,0,0
40892,0.851917,0,0
40893,0.851937,0,0
40894,0.851958,0,0
40895,0.851979,0,0
40896,0.852,0,0
40897,0.852021,0,0
40898,0.852042,0,0
40899,0.852063,0,0
40900,0.852083,0,0
40901,0.852104,0,0
40902,0.852125,0,0
40903,0.852146,0,0
40904,0.852167,0,0
40905,0.852188,0,0
40906,0.852208,0,0
40907,0.852229,0,0
40908,0.85225,0,0
40909,0.852271,0,0
40910,0.852292,0,0
40911,0.852313,0,0
40912,0.852333,0,0
40913,0.852354,0,0
40914,0.852375,0,0
40915,0.852396,0,0
40916,0.852417,0,0
40917,0.852437,0,0
40918,0.852458,0,0
40919,0.852479,0,0
40920,0.8525,0,0
40921,0.852521,0,0
40922,0.852542,0,0
40923,0.852562,0,0
40924,0.852583,0,0
40925,0.852604,0,0
40926,0.852625,0,0
40927,0.852646,0,0
40928,0.852667,0,0
40929,0.852687,0,0
40930,0.852708,0,0
40931,0.852729,0,0
40932,0.85275,0,0
40933,0.852771,0,0
40934,0.852792,0,0
40935,0.852813,0,0
40936,0.852833,0,0
40937,0.852854,0,0
40938,0.852875,0,0
40939,0.852896,0,0
40940,0.852917,0,0
40941,0.852938,0,0
40942,0.852958,0,0
40943,0.852979,0,0
40944,0.853,0,0
40945,0.853021,0,0
40946,0.853042,0,0
40947,0.853063,0,0
40948,0.853083,0,0
40949,0.853104,0,0
40950,0.853125,0,0
40951,0.853146,0,0
40952,0.853167,0,0
40953,0.853188,0,0
40954,0.853208,0,0
40955,0.853229,0,0
40956,0.85325,0,0
40957,0.853271,0,0
40958,0.853292,0,0
40959,0.853312,0,0
40960,0.853333,0,0
40961,0.853354,0,0
40962,0.853375,0,0
40963,0.853396,0,0
40964,0.853417,0,0
40965,0.853437,0,0
40966,0.853458,0,0
40967,0.853479,0,0
40968,0.8535,0,0
40969,0.853521,0,0
40970,0.853542,0,0
40971,0.853562,0,0
40972,0.853583,0,0
40973,0.853604,0,0
40974,0.853625,0,0
40975,0.853646,0,0
40976,0.853667,0,0
40977,0.853688,0,0
40978,0.853708,0,0
40979,0.853729,0,0
40980,0.85375,0,0
40981,0.853771,0,0
40982,0.853792,0,0
40983,0.853813,0,0
40984,0.853833,0,0
40985,0.853854,0,0
40986,0.853875,0,0
40987,0.853896,0,0
40988,0.853917,0,0
40989,0.853938,0,0
40990,0.853958,0,0
40991,0.853979,0,0
40992,0.854,0,0
40993,0.854021,0,0
40994,0.854042,0,0
40995,0.854062,0,0
40996,0.854083,0,0
40997,0.854104,0,0
40998,0.854125,0,0
40999,0.854146,0,0
41000,0.854167,0,0
41001,0.854187,0,0
41002,0.854208,0,0
41003,0.854229,0,0
41004,0.85425,0,0
41005,0.854271,0,0
41006,0.854292,0,0
41007,0.854312,0,0
41008,0.854333,0,0
41009,0.854354,0,0
41010,0.854375,0,0
41011,0.854396,0,0
41012,0.854417,0,0
41013,0.854437,0,0
41014,0.854458,0,0
41015,0.854479,0,0
41016,0.8545,0,0
41017,0.854521,0,0
41018,0.854542,0,0
41019,0.854563,0,0
41020,0.854583,0,0
41021,0.854604,0,0
41022,0.854625,0,0
41023,0.854646,0,0
41024,0.854667,0,0
41025,0.854688,0,0
41026,0.854708,0,0
41027,0.854729,0,0
41028,0.85475,0,0
41029,0.854771,0,0
41030,0.854792,0,0
41031,0.854813,0,0
41032,0.854833,0,0
41033,0.854854,0,0
41034,0.854875,0,0
41035,0.854896,0,0
41036,0.854917,0,0
41037,0.854937,0,0
41038,0.854958,0,0
41039,0.854979,0,0
41040,0.855,0,0
41041,0.855021,0,0
41042,0.855042,0,0
41043,0.855062,0,0
41044,0.855083,0,0
41045,0.855104,0,0
41046,0.855125,0,0
41047,0.855146,0,0
41048,0.855167,0,0
41049,0.855187,0,0
41050,0.855208,0,0
41051,0.855229,0,0
41052,0.85525,0,0
41053,0.855271,0,0
41054,0.855292,0,0
41055,0.855313,0,0
41056,0.855333,0,0
41057,0.855354,0,0
41058,0.855375,0,0
41059,0.855396,0,0
41060,0.855417,0,0
41061,0.855438,0,0
41062,0.855458,0,0
41063,0.855479,0,0
41064,0.8555,0,0
41065,0.855521,0,0
41066,0.855542,0,0
41067,0.855563,0,0
41068,0.855583,0,0
41069,0.855604,0,0
41070,0.855625,0,0
41071,0.855646,0,0
41072,0.855667,0,0
41073,0.855687,0,0
41074,0.855708,0,0
41075,0.855729,0,0
41076,0.85575,0,0
41077,0.855771,0,0
41078,0.855792,0,0
41079,0.855812,0,0
41080,0.855833,0,0
41081,0.855854,0,0
41082,0.855875,0,0
41083,0.855896,0,0
41084,0.855917,0,0
41085,0.855937,0,0
41086,0.855958,0,0
41087,0.855979,0,0
41088,0.856,0,0
41089,0.856021,0,0
41090,0.856042,0,0
41091,0.856062,0,0
41092,0.856083,0,0
41093,0.856104,0,0
41094,0.856125,0,0
41095,0.856146,0,0
41096,0.856167,0,0
41097,0.856188,0,0
41098,0.856208,0,0
41099,0.856229,0,0
41100,0.85625,0,0
41101,0.856271,0,0
41102,0.856292,0,0
41103,0.856313,0,0
41104,0.856333,0,0
41105,0.856354,0,0
41106,0.856375,0,0
41107,0.856396,0,0
41108,0.856417,0,0
41109,0.856438,0,0
41110,0.856458,0,0
41111,0.856479,0,0
41112,0.8565,0,0
41113,0.856521,0,0
41114,0.856542,0,0
41115,0.856562,0,0
41116,0.856583,0,0
41117,0.856604,0,0
41118,0.856625,0,0
41119,0.856646,0,0
41120,0.856667,0,0
41121,0.856687,0,0
41122,0.856708,0,0
41123,0.856729,0,0
41124,0.85675,0,0
41125,0.856771,0,0
41126,0.856792,0,0
41127,0.856812,0,0
41128,0.856833,0,0
41129,0.856854,0,0
41130,0.856875,0,0
41131,0.856896,0,0
41132,0.856917,0,0
41133,0.856938,0,0
41134,0.856958,0,0
41135,0.856979,0,0
41136,0.857,0,0
41137,0.857021,0,0
41138,0.857042,0,0
41139,0.857063,0,0
41140,0.857083,0,0
41141,0.857104,0,0
41142,0.857125,0,0
41143,0.857146,0,0
41144,0.857167,0,0
41145,0.857188,0,0
41146,0.857208,0,0
41147,0.857229,0,0
41148,0.85725,0,0
41149,0.857271,0,0
41150,0.857292,0,0
41151,0.857313,0,0
41152,0.857333,0,0
41153,0.857354,0,0
41154,0.857375,0,0
41155,0.857396,0,0
41156,0.857417,0,0
41157,0.857437,0,0
41158,0.857458,0,0
41159,0.857479,0,0
41160,0.8575,0,0
41161,0.857521,0,0
41162,0.857542,0,0
41163,0.857562,0,0
41164,0.857583,0,0
41165,0.857604,0,0
41166,0.857625,0,0
41167,0.857646,0,0
41168,0.857667,0,0
41169,0.857687,0,0
41170,0.857708,0,0
41171,0.857729,0,0
41172,0.85775,0,0
41173,0.857771,0,0
41174,0.857792,0,0
41175,0.857813,0,0
41176,0.857833,0,0
41177,0.857854,0,0
41178,0.857875,0,0
41179,0.857896,0,0
41180,0.857917,0,0
41181,0.857938,0,0
41182,0.857958,0,0
41183,0.857979,0,0
41184,0.858,0,0
41185,0.858021,0,0
41186,0.858042,0,0
41187,0.858063,0,0
41188,0.858083,0,0
41189,0.858104,0,0
41190,0.858125,0,0
41191,0.858146,0,0
41192,0.858167,0,0
41193,0.858187,0,0
41194,0.858208,0,0
41195,0.858229,0,0
41196,0.85825,0,0
41197,0.858271,0,0
41198,0.858292,0,0
41199,0.858312,0,0
41200,0.858333,0,0
41201,0.858354,0,0
41202,0.858375,0,0
41203,0.858396,0,0
41204,0.858417,0,0
41205,0.858437,0,0
41206,0.858458,0,0
41207,0.858479,0,0
41208,0.8585,0,0
41209,0.858521,0,0
41210,0.858542,0,0
41211,0.858563,0,0
41212,0.858583,0,0
41213,0.858604,0,0
41214,0.858625,0,0
41215,0.858646,0,0
41216,0.858667,0,0
41217,0.858688,0,0
41218,0.858708,0,0
41219,0.858729,0,0
41220,0.85875,0,0
41221,0.858771,0,0
41222,0.858792,0,0
41223,0.858813,0,0
41224,0.858833,0,0
41225,0.858854,0,0
41226,0.858875,0,0
41227,0.858896,0,0
41228,0.858917,0,0
41229,0.858938,0,0
41230,0.858958,0,0
41231,0.858979,0,0
41232,0.859,0,0
41233,0.859021,0,0
41234,0.859042,0,0
41235,0.859062,0,0
41236,0.859083,0,0
41237,0.859104,0,0
41238,0.859125,0,0
41239,0.859146,0,0
41240,0.859167,0,0
41241,0.859187,0,0
41242,0.859208,0,0
41243,0.859229,0,0
41244,0.85925,0,0
41245,0.859271,0,0
41246,0.859292,0,0
41247,0.859312,0,0
41248,0.859333,0,0
41249,0.859354,0,0
41250,0.859375,0,0
41251,0.859396,0,0
41252,0.859417,0,0
41253,0.859438,0,0
41254,0.859458,0,0
41255,0.859479,0,0
41256,0.8595,0,0
41257,0.859521,0,0
41258,0.859542,0,0
41259,0.859563,0,0
41260,0.859583,0,0
41261,0.859604,0,0
41262,0.859625,0,0
41263,0.859646,0,0
41264,0.859667,0,0
41265,0.859688,0,0
41266,0.859708,0,0
41267,0.859729,0,0
41268,0.85975,0,0
41269,0.859771,0,0
41270,0.859792,0,0
41271,0.859812,0,0
41272,0.859833,0,0
41273,0.859854,0,0
41274,0.859875,0,0
41275,0.859896,0,0
41276,0.859917,0,0
41277,0.859937,0,0
41278,0.859958,0,0
41279,0.859979,0,0
41280,0.86,0,0
41281,0.860021,0,0
41282,0.860042,0,0
41283,0.860062,0,0
41284,0.860083,0,0
41285,0.860104,0,0
41286,0.860125,0,0
41287,0.860146,0,0
41288,0.860167,0,0
41289,0.860187,0,0
41290,0.860208,0,0
41291,0.860229,0,0
41292,0.86025,0,0
41293,0.860271,0,0
41294,0.860292,0,0
41295,0.860313,0,0
41296,0.860333,0,0
41297,0.860354,0,0
41298,0.860375,0,0
41299,0.860396,0,0
41300,0.860417,0,0
41301,0.860438,0,0
41302,0.860458,0,0
41303,0.860479,0,0
41304,0.8605,0,0
41305,0.860521,0,0
41306,0.860542,0,0
41307,0.860563,0,0
41308,0.860583,0,0
41309,0.860604,0,0
41310,0.860625,0,0
41311,0.860646,0,0
41312,0.860667,0,0
41313,0.860687,0,0
41314,0.860708,0,0
41315,0.860729,0,0
41316,0.86075,0,0
41317,0.860771,0,0
41318,0.860792,0,0
41319,0.860812,0,0
41320,0.860833,0,0
41321,0.860854,0,0
41322,0.860875,0,0
41323,0.860896,0,0
41324,0.860917,0,0
41325,0.860937,0,0
41326,0.860958,0,0
41327,0.860979,0,0
41328,0.861,0,0
41329,0.861021,0,0
41330,0.861042,0,0
41331,0.861063,0,0
41332,0.861083,0,0
41333,0.861104,0,0
41334,0.861125,0,0
41335,0.861146,0,0
41336,0.861167,0,0
41337,0.861188,0,0
41338,0.861208,0,0
41339,0.861229,0,0
41340,0.86125,0,0
41341,0.861271,0,0
41342,0.861292,0,0
41343,0.861313,0,0
41344,0.861333,0,0
41345,0.861354,0,0
41346,0.861375,0,0
41347,0.861396,0,0
41348,0.861417,0,0
41349,0.861437,0,0
41350,0.861458,0,0
41351,0.861479,0,0
41352,0.8615,0,0
41353,0.861521,0,0
41354,0.861542,0,0
41355,0.861562,0,0
41356,0.861583,0,0
41357,0.861604,0,0
41358,0.861625,0,0
41359,0.861646,0,0
41360,0.861667,0,0
41361,0.861687,0,0
41362,0.861708,0,0
41363,0.861729,0,0
41364,0.86175,0,0
41365,0.861771,0,0
41366,0.861792,0,0
41367,0.861812,0,0
41368,0.861833,0,0
41369,0.861854,0,0
41370,0.861875,0,0
41371,0.861896,0,0
41372,0.861917,0,0
41373,0.861938,0,0
41374,0.861958,0,0
41375,0.861979,0,0
41376,0.862,0,0
41377,0.862021,0,0
41378,0.862042,0,0
41379,0.862063,0,0
41380,0.862083,0,0
41381,0.862104,0,0
41382,0.862125,0,0
41383,0.862146,0,0
41384,0.862167,0,0
41385,0.862188,0,0
41386,0.862208,0,0
41387,0.862229,0,0
41388,0.86225,0,0
41389,0.862271,0,0
41390,0.862292,0,0
41391,0.862312,0,0
41392,0.862333,0,0
41393,0.862354,0,0
41394,0.862375,0,0
41395,0.862396,0,0
41396,0.862417,0,0
41397,0.862437,0,0
41398,0.862458,0,0
41399,0.862479,0,0
41400,0.8625,0,0
41401,0.862521,0,0
41402,0.862542,0,0
41403,0.862562,0,0
41404,0.862583,0,0
41405,0.862604,0,0
41406,0.862625,0,0
41407,0.862646,0,0
41408,0.862667,0,0
41409,0.862688,0,0
41410,0.862708,0,0
41411,0.862729,0,0
41412,0.86275,0,0
41413,0.862771,0,0
41414,0.862792,0,0
41415,0.862813,0,0
41416,0.862833,0,0
41417,0.862854,0,0
41418,0.862875,0,0
41419,0.862896,0,0
41420,0.862917,0,0
41421,0.862938,0,0
41422,0.862958,0,0
41423,0.862979,0,0
41424,0.863,0,0
41425,0.863021,0,0
41426,0.863042,0,0
41427,0.863063,0,0
41428,0.863083,0,0
41429,0.863104,0,0
41430,0.863125,0,0
41431,0.863146,0,0
41432,0.863167,0,0
41433,0.863187,0,0
41434,0.863208,0,0
41435,0.863229,0,0
41436,0.86325,0,0
41437,0.863271,0,0
41438,0.863292,0,0
41439,0.863312,0,0
41440,0.863333,0,0
41441,0.863354,0,0
41442,0.863375,0,0
41443,0.863396,0,0
41444,0.863417,0,0
41445,0.863437,0,0
41446,0.863458,0,0
41447,0.863479,0,0
41448,0.8635,0,0
41449,0.863521,0,0
41450,0.863542,0,0
41451,0.863563,0,0
41452,0.863583,0,0
41453,0.863604,0,0
41454,0.863625,0,0
41455,0.863646,0,0
41456,0.863667,0,0
41457,0.863688,0,0
41458,0.863708,0,0
41459,0.863729,0,0
41460,0.86375,0,0
41461,0.863771,0,0
41462,0.863792,0,0
41463,0.863813,0,0
41464,0.863833,0,0
41465,0.863854,0,0
41466,0.863875,0,0
41467,0.863896,0,0
41468,0.863917,0,0
41469,0.863937,0,0
41470,0.863958,0,0
41471,0.863979,0,0
41472,0.864,0,0
41473,0.864021,0,0
41474,0.864042,0,0
41475,0.864062,0,0
41476,0.864083,0,0
41477,0.864104,0,0
41478,0.864125,0,0
41479,0.864146,0,0
41480,0.864167,0,0
41481,0.864187,0,0
41482,0.864208,0,0
41483,0.864229,0,0
41484,0.86425,0,0
41485,0.864271,0,0
41486,0.864292,0,0
41487,0.864313,0,0
41488,0.864333,0,0
41489,0.864354,0,0
41490,0.864375,0,0
41491,0.864396,0,0
41492,0.864417,0,0
41493,0.864438,0,0
41494,0.864458,0,0
41495,0.864479,0,0
41496,0.8645,0,0
41497,0.864521,0,0
41498,0.864542,0,0
41499,0.864563,0,0
41500,0.864583,0,0
41501,0.864604,0,0
41502,0.864625,0,0
41503,0.864646,0,0
41504,0.864667,0,0
41505,0.864688,0,0
41506,0.864708,0,0
41507,0.864729,0,0
41508,0.86475,0,0
41509,0.864771,0,0
41510,0.864792,0,0
41511,0.864812,0,0
41512,0.864833,0,0
41513,0.864854,0,0
41514,0.864875,0,0
41515,0.864896,0,0
41516,0.864917,0,0
41517,0.864937,0,0
41518,0.864958,0,0
41519,0.864979,0,0
41520,0.865,0,0
41521,0.865021,0,0
41522,0.865042,0,0
41523,0.865062,0,0
41524,0.865083,0,0
41525,0.865104,0,0
41526,0.865125,0,0
41527,0.865146,0,0
41528,0.865167,0,0
41529,0.865188,0,0
41530,0.865208,0,0
41531,0.865229,0,0
41532,0.86525,0,0
41533,0.865271,0,0
41534,0.865292,0,0
41535,0.865313,0,0
41536,0.865333,0,0
41537,0.865354,0,0
41538,0.865375,0,0
41539,0.865396,0,0
41540,0.865417,0,0
41541,0.865438,0,0
41542,0.865458,0,0
41543,0.865479,0,0
41544,0.8655,0,0
41545,0.865521,0,0
41546,0.865542,0,0
41547,0.865562,0,0
41548,0.865583,0,0
41549,0.865604,0,0
41550,0.865625,0,0
41551,0.865646,0,0
41552,0.865667,0,0
41553,0.865687,0,0
41554,0.865708,0,0
41555,0.865729,0,0
41556,0.86575,0,0
41557,0.865771,0,0
41558,0.865792,0,0
41559,0.865812,0,0
41560,0.865833,0,0
41561,0.865854,0,0
41562,0.865875,0,0
41563,0.865896,0,0
41564,0.865917,0,0
41565,0.865937,0,0
41566,0.865958,0,0
41567,0.865979,0,0
41568,0.866,0,0
41569,0.866021,0,0
41570,0.866042,0,0
41571,0.866063,0,0
41572,0.866083,0,0
41573,0.866104,0,0
41574,0.866125,0,0
41575,0.866146,0,0
41576,0.866167,0,0
41577,0.866188,0,0
41578,0.866208,0,0
41579,0.866229,0,0
41580,0.86625,0,0
41581,0.866271,0,0
41582,0.866292,0,0
41583,0.866313,0,0
41584,0.866333,0,0
41585,0.866354,0,0
41586,0.866375,0,0
41587,0.866396,0,0
41588,0.866417,0,0
41589,0.866437,0,0
41590,0.866458,0,0
41591,0.866479,0,0
41592,0.8665,0,0
41593,0.866521,0,0
41594,0.866542,0,0
41595,0.866562,0,0
41596,0.866583,0,0
41597,0.866604,0,0
41598,0.866625,0,0
41599,0.866646,0,0
41600,0.866667,0,0
41601,0.866687,0,0
41602,0.866708,0,0
41603,0.866729,0,0
41604,0.86675,0,0
41605,0.866771,0,0
41606,0.866792,0,0
41607,0.866813,0,0
41608,0.866833,0,0
41609,0.866854,0,0
41610,0.866875,0,0
41611,0.866896,0,0
41612,0.866917,0,0
41613,0.866938,0,0
41614,0.866958,0,0
41615,0.866979,0,0
41616,0.867,0,0
41617,0.867021,0,0
41618,0.867042,0,0
41619,0.867063,0,0
41620,0.867083,0,0
41621,0.867104,0,0
41622,0.867125,0,0
41623,0.867146,0,0
41624,0.867167,0,0
41625,0.867188,0,0
41626,0.867208,0,0
41627,0.867229,0,0
41628,0.86725,0,0
41629,0.867271,0,0
41630,0.867292,0,0
41631,0.867312,0,0
41632,0.867333,0,0
41633,0.867354,0,0
41634,0.867375,0,0
41635,0.867396,0,0
41636,0.867417,0,0
41637,0.867437,0,0
41638,0.867458,0,0
41639,0.867479,0,0
41640,0.8675,0,0
41641,0.867521,0,0
41642,0.867542,0,0
41643,0.867562,0,0
41644,0.867583,0,0
41645,0.867604,0,0
41646,0.867625,0,0
41647,0.867646,0,0
41648,0.867667,0,0
41649,0.867688,0,0
41650,0.867708,0,0
41651,0.867729,0,0
41652,0.86775,0,0
41653,0.867771,0,0
41654,0.867792,0,0
41655,0.867813,0,0
41656,0.867833,0,0
41657,0.867854,0,0
41658,0.867875,0,0
41659,0.867896,0,0
41660,0.867917,0,0
41661,0.867938,0,0
41662,0.867958,0,0
41663,0.867979,0,0
41664,0.868,0,0
41665,0.868021,0,0
41666,0.868042,0,0
41667,0.868062,0,0
41668,0.868083,0,0
41669,0.868104,0,0
41670,0.868125,0,0
41671,0.868146,0,0
41672,0.868167,0,0
41673,0.868187,0,0
41674,0.868208,0,0
41675,0.868229,0,0
41676,0.86825,0,0
41677,0.868271,0,0
41678,0.868292,0,0
41679,0.868312,0,0
41680,0.868333,0,0
41681,0.868354,0,0
41682,0.868375,0,0
41683,0.868396,0,0
41684,0.868417,0,0
41685,0.868438,0,0
41686,0.868458,0,0
41687,0.868479,0,0
41688,0.8685,0,0
41689,0.868521,0,0
41690,0.868542,0,0
41691,0.868563,0,0
41692,0.868583,0,0
41693,0.868604,0,0
41694,0.868625,0,0
41695,0.868646,0,0
41696,0.868667,0,0
41697,0.868688,0,0
41698,0.868708,0,0
41699,0.868729,0,0
41700,0.86875,0,0
41701,0.868771,0,0
41702,0.868792,0,0
41703,0.868813,0,0
41704,0.868833,0,0
41705,0.868854,0,0
41706,0.868875,0,0
41707,0.868896,0,0
41708,0.868917,0,0
41709,0.868937,0,0
41710,0.868958,0,0
41711,0.868979,0,0
41712,0.869,0,0
41713,0.869021,0,0
41714,0.869042,0,0
41715,0.869062,0,0
41716,0.869083,0,0
41717,0.869104,0,0
41718,0.869125,0,0
41719,0.869146,0,0
41720,0.869167,0,0
41721,0.869187,0,0
41722,0.869208,0,0
41723,0.869229,0,0
41724,0.86925,0,0
41725,0.869271,0,0
41726,0.869292,0,0
41727,0.869313,0,0
41728,0.869333,0,0
41729,0.869354,0,0
41730,0.869375,0,0
41731,0.869396,0,0
41732,0.869417,0,0
41733,0.869438,0,0
41734,0.869458,0,0
41735,0.869479,0,0
41736,0.8695,0,0
41737,0.869521,0,0
41738,0.869542,0,0
41739,0.869563,0,0
41740,0.869583,0,0
41741,0.869604,0,0
41742,0.869625,0,0
41743,0.869646,0,0
41744,0.869667,0,0
41745,0.869687,0,0
41746,0.869708,0,0
41747,0.869729,0,0
41748,0.86975,0,0
41749,0.869771,0,0
41750,0.869792,0,0
41751,0.869812,0,0
41752,0.869833,0,0
41753,0.869854,0,0
41754,0.869875,0,0
41755,0.869896,0,0
41756,0.869917,0,0
41757,0.869937,0,0
41758,0.869958,0,0
41759,0.869979,0,0
41760,0.87,0,0
41761,0.870021,0,0
41762,0.870042,0,0
41763,0.870062,0,0
41764,0.870083,0,0
41765,0.870104,0,0
41766,0.870125,0,0
41767,0.870146,0,0
41768,0.870167,0,0
41769,0.870188,0,0
41770,0.870208,0,0
41771,0.870229,0,0
41772,0.87025,0,0
41773,0.870271,0,0
41774,0.870292,0,0
41775,0.870313,0,0
41776,0.870333,0,0
41777,0.870354,0,0
41778,0.870375,0,0
41779,0.870396,0,0
41780,0.870417,0,0
41781,0.870438,0,0
41782,0.870458,0,0
41783,0.870479,0,0
41784,0.8705,0,0
41785,0.870521,0,0
41786,0.870542,0,0
41787,0.870562,0,0
41788,0.870583,0,0
41789,0.870604,0,0
41790,0.870625,0,0
41791,0.870646,0,0
41792,0.870667,0,0
41793,0.870687,0,0
41794,0.870708,0,0
41795,0.870729,0,0
41796,0.87075,0,0
41797,0.870771,0,0
41798,0.870792,0,0
41799,0.870812,0,0
41800,0.870833,0,0
41801,0.870854,0,0
41802,0.870875,0,0
41803,0.870896,0,0
41804,0.870917,0,0
41805,0.870938,0,0
41806,0.870958,0,0
41807,0.870979,0,0
41808,0.871,0,0
41809,0.871021,0,0
41810,0.871042,0,0
41811,0.871063,0,0
41812,0.871083,0,0
41813,0.871104,0,0
41814,0.871125,0,0
41815,0.871146,0,0
41816,0.871167,0,0
41817,0.871188,0,0
41818,0.871208,0,0
41819,0.871229,0,0
41820,0.87125,0,0
41821,0.871271,0,0
41822,0.871292,0,0
41823,0.871312,0,0
41824,0.871333,0,0
41825,0.871354,0,0
41826,0.871375,0,0
41827,0.871396,0,0
41828,0.871417,0,0
41829,0.871437,0,0
41830,0.871458,0,0
41831,0.871479,0,0
41832,0.8715,0,0
41833,0.871521,0,0
41834,0.871542,0,0
41835,0.871562,0,0
41836,0.871583,0,0
41837,0.871604,0,0
41838,0.871625,0,0
41839,0.871646,0,0
41840,0.871667,0,0
41841,0.871687,0,0
41842,0.871708,0,0
41843,0.871729,0,0
41844,0.87175,0,0
41845,0.871771,0,0
41846,0.871792,0,0
41847,0.871813,0,0
41848,0.871833,0,0
41849,0.871854,0,0
41850,0.871875,0,0
41851,0.871896,0,0
41852,0.871917,0,0
41853,0.871938,0,0
41854,0.871958,0,0
41855,0.871979,0,0
41856,0.872,0,0
41857,0.872021,0,0
41858,0.872042,0,0
41859,0.872063,0,0
41860,0.872083,0,0
41861,0.872104,0,0
41862,0.872125,0,0
41863,0.872146,0,0
41864,0.872167,0,0
41865,0.872187,0,0
41866,0.872208,0,0
41867,0.872229,0,0
41868,0.87225,0,0
41869,0.872271,0,0
41870,0.872292,0,0
41871,0.872312,0,0
41872,0.872333,0,0
41873,0.872354,0,0
41874,0.872375,0,0
41875,0.872396,0,0
41876,0.872417,0,0
41877,0.872437,0,0
41878,0.872458,0,0
41879,0.872479,0,0
41880,0.8725,0,0
41881,0.872521,0,0
41882,0.872542,0,0
41883,0.872563,0,0
41884,0.872583,0,0
41885,0.872604,0,0
41886,0.872625,0,0
41887,0.872646,0,0
41888,0.872667,0,0
41889,0.872688,0,0
41890,0.872708,0,0
41891,0.872729,0,0
41892,0.87275,0,0
41893,0.872771,0,0
41894,0.872792,0,0
41895,0.872813,0,0
41896,0.872833,0,0
41897,0.872854,0,0
41898,0.872875,0,0
41899,0.872896,0,0
41900,0.872917,0,0
41901,0.872938,0,0
41902,0.872958,0,0
41903,0.872979,0,0
41904,0.873,0,0
41905,0.873021,0,0
41906,0.873042,0,0
41907,0.873062,0,0
41908,0.873083,0,0
41909,0.873104,0,0
41910,0.873125,0,0
41911,0.873146,0,0
41912,0.873167,0,0
41913,0.873187,0,0
41914,0.873208,0,0
41915,0.873229,0,0
41916,0.87325,0,0
41917,0.873271,0,0
41918,0.873292,0,0
41919,0.873312,0,0
41920,0.873333,0,0
41921,0.873354,0,0
41922,0.873375,0,0
41923,0.873396,0,0
41924,0.873417,0,0
41925,0.873438,0,0
41926,0.873458,0,0
41927,0.873479,0,0
41928,0.8735,0,0
41929,0.873521,0,0
41930,0.873542,0,0
41931,0.873563,0,0
41932,0.873583,0,0
41933,0.873604,0,0
41934,0.873625,0,0
41935,0.873646,0,0
41936,0.873667,0,0
41937,0.873688,0,0
41938,0.873708,0,0
41939,0.873729,0,0
41940,0.87375,0,0
41941,0.873771,0,0
41942,0.873792,0,0
41943,0.873812,0,0
41944,0.873833,0,0
41945,0.873854,0,0
41946,0.873875,0,0
41947,0.873896,0,0
41948,0.873917,0,0
41949,0.873937,0,0
41950,0.873958,0,0
41951,0.873979,0,0
41952,0.874,0,0
41953,0.874021,0,0
41954,0.874042,0,0
41955,0.874062,0,0
41956,0.874083,0,0
41957,0.874104,0,0
41958,0.874125,0,0
41959,0.874146,0,0
41960,0.874167,0,0
41961,0.874188,0,0
41962,0.874208,0,0
41963,0.874229,0,0
41964,0.87425,0,0
41965,0.874271,0,0
41966,0.874292,0,0
41967,0.874313,0,0
41968,0.874333,0,0
41969,0.874354,0,0
41970,0.874375,0,0
41971,0.874396,0,0
41972,0.874417,0,0
41973,0.874438,0,0
41974,0.874458,0,0
41975,0.874479,0,0
41976,0.8745,0,0
41977,0.874521,0,0
41978,0.874542,0,0
41979,0.874563,0,0
41980,0.874583,0,0
41981,0.874604,0,0
41982,0.874625,0,0
41983,0.874646,0,0
41984,0.874667,0,0
41985,0.874687,0,0
41986,0.874708,0,0
41987,0.874729,0,0
41988,0.87475,0,0
41989,0.874771,0,0
41990,0.874792,0,0
41991,0.874812,0,0
41992,0.874833,0,0
41993,0.874854,0,0
41994,0.874875,0,0
41995,0.874896,0,0
41996,0.874917,0,0
41997,0.874937,0,0
41998,0.874958,0,0
41999,0.874979,0,0
42000,0.875,0,0
42001,0.875021,0,0
42002,0.875042,0,0
42003,0.875063,0,0
42004,0.875083,0,0
42005,0.875104,0,0
42006,0.875125,0,0
42007,0.875146,0,0
42008,0.875167,0,0
42009,0.875188,0,0
42010,0.875208,0,0
42011,0.875229,0,0
42012,0.87525,0,0
42013,0.875271,0,0
42014,0.875292,0,0
42015,0.875313,0,0
42016,0.875333,0,0
42017,0.875354,0,0
42018,0.875375,0,0
42019,0.875396,0,0
42020,0.875417,0,0
42021,0.875437,0,0
42022,0.875458,0,0
42023,0.875479,0,0
42024,0.8755,0,0
42025,0.875521,0,0
42026,0.875542,0,0
42027,0.875562,0,0
42028,0.875583,0,0
42029,0.875604,0,0
42030,0.875625,0,0
42031,0.875646,0,0
42032,0.875667,0,0
42033,0.875687,0,0
42034,0.875708,0,0
42035,0.875729,0,0
42036,0.87575,0,0
42037,0.875771,0,0
42038,0.875792,0,0
42039,0.875812,0,0
42040,0.875833,0,0
42041,0.875854,0,0
42042,0.875875,0,0
42043,0.875896,0,0
42044,0.875917,0,0
42045,0.875938,0,0
42046,0.875958,0,0
42047,0.875979,0,0
42048,0.876,0,0
42049,0.876021,0,0
42050,0.876042,0,0
42051,0.876063,0,0
42052,0.876083,0,0
42053,0.876104,0,0
42054,0.876125,0,0
42055,0.876146,0,0
42056,0.876167,0,0
42057,0.876188,0,0
42058,0.876208,0,0
42059,0.876229,0,0
42060,0.87625,0,0
42061,0.876271,0,0
42062,0.876292,0,0
42063,0.876312,0,0
42064,0.876333,0,0
42065,0.876354,0,0
42066,0.876375,0,0
42067,0.876396,0,0
42068,0.876417,0,0
42069,0.876437,0,0
42070,0.876458,0,0
42071,0.876479,0,0
42072,0.8765,0,0
42073,0.876521,0,0
42074,0.876542,0,0
42075,0.876562,0,0
42076,0.876583,0,0
42077,0.876604,0,0
42078,0.876625,0,0
42079,0.876646,0,0
42080,0.876667,0,0
42081,0.876688,0,0
42082,0.876708,0,0
42083,0.876729,0,0
42084,0.87675,0,0
42085,0.876771,0,0
42086,0.876792,0,0
42087,0.876813,0,0
42088,0.876833,0,0
42089,0.876854,0,0
42090,0.876875,0,0
42091,0.876896,0,0
42092,0.876917,0,0
42093,0.876938,0,0
42094,0.876958,0,0
42095,0.876979,0,0
42096,0.877,0,0
42097,0.877021,0,0
42098,0.877042,0,0
42099,0.877062,0,0
42100,0.877083,0,0
42101,0.877104,0,0
42102,0.877125,0,0
42103,0.877146,0,0
42104,0.877167,0,0
42105,0.877187,0,0
42106,0.877208,0,0
42107,0.877229,0,0
42108,0.87725,0,0
42109,0.877271,0,0
42110,0.877292,0,0
42111,0.877312,0,0
42112,0.877333,0,0
42113,0.877354,0,0
42114,0.877375,0,0
42115,0.877396,0,0
42116,0.877417,0,0
42117,0.877437,0,0
42118,0.877458,0,0
42119,0.877479,0,0
42120,0.8775,0,0
42121,0.877521,0,0
42122,0.877542,0,0
42123,0.877563,0,0
42124,0.877583,0,0
42125,0.877604,0,0
42126,0.877625,0,0
42127,0.877646,0,0
42128,0.877667,0,0
42129,0.877688,0,0
42130,0.877708,0,0
42131,0.877729,0,0
42132,0.87775,0,0
42133,0.877771,0,0
42134,0.877792,0,0
42135,0.877813,0,0
42136,0.877833,0,0
42137,0.877854,0,0
42138,0.877875,0,0
42139,0.877896,0,0
42140,0.877917,0,0
42141,0.877937,0,0
42142,0.877958,0,0
42143,0.877979,0,0
42144,0.878,0,0
42145,0.878021,0,0
42146,0.878042,0,0
42147,0.878062,0,0
42148,0.878083,0,0
42149,0.878104,0,0
42150,0.878125,0,0
42151,0.878146,0,0
42152,0.878167,0,0
42153,0.878187,0,0
42154,0.878208,0,0
42155,0.878229,0,0
42156,0.87825,0,0
42157,0.878271,0,0
42158,0.878292,0,0
42159,0.878313,0,0
42160,0.878333,0,0
42161,0.878354,0,0
42162,0.878375,0,0
42163,0.878396,0,0
42164,0.878417,0,0
42165,0.878438,0,0
42166,0.878458,0,0
42167,0.878479,0,0
42168,0.8785,0,0
42169,0.878521,0,0
42170,0.878542,0,0
42171,0.878563,0,0
42172,0.878583,0,0
42173,0.878604,0,0
42174,0.878625,0,0
42175,0.878646,0,0
42176,0.878667,0,0
42177,0.878688,0,0
42178,0.878708,0,0
42179,0.878729,0,0
42180,0.87875,0,0
42181,0.878771,0,0
42182,0.878792,0,0
42183,0.878812,0,0
42184,0.878833,0,0
42185,0.878854,0,0
42186,0.878875,0,0
42187,0.878896,0,0
42188,0.878917,0,0
42189,0.878937,0,0
42190,0.878958,0,0
42191,0.878979,0,0
42192,0.879,0,0
42193,0.879021,0,0
42194,0.879042,0,0
42195,0.879062,0,0
42196,0.879083,0,0
42197,0.879104,0,0
42198,0.879125,0,0
42199,0.879146,0,0
42200,0.879167,0,0
42201,0.879188,0,0
42202,0.879208,0,0
42203,0.879229,0,0
42204,0.87925,0,0
42205,0.879271,0,0
42206,0.879292,0,0
42207,0.879313,0,0
42208,0.879333,0,0
42209,0.879354,0,0
42210,0.879375,0,0
42211,0.879396,0,0
42212,0.879417,0,0
42213,0.879438,0,0
42214,0.879458,0,0
42215,0.879479,0,0
42216,0.8795,0,0
42217,0.879521,0,0
42218,0.879542,0,0
42219,0.879562,0,0
42220,0.879583,0,0
42221,0.879604,0,0
42222,0.879625,0,0
42223,0.879646,0,0
42224,0.879667,0,0
42225,0.879687,0,0
42226,0.879708,0,0
42227,0.879729,0,0
42228,0.87975,0,0
42229,0.879771,0,0
42230,0.879792,0,0
42231,0.879812,0,0
42232,0.879833,0,0
42233,0.879854,0,0
42234,0.879875,0,0
42235,0.879896,0,0
42236,0.879917,0,0
42237,0.879938,0,0
42238,0.879958,0,0
42239,0.879979,0,0
42240,0.88,0,0
42241,0.880021,0,0
42242,0.880042,0,0
42243,0.880063,0,0
42244,0.880083,0,0
42245,0.880104,0,0
42246,0.880125,0,0
42247,0.880146,0,0
42248,0.880167,0,0
42249,0.880188,0,0
42250,0.880208,0,0
42251,0.880229,0,0
42252,0.88025,0,0
42253,0.880271,0,0
42254,0.880292,0,0
42255,0.880313,0,0
42256,0.880333,0,0
42257,0.880354,0,0
42258,0.880375,0,0
42259,0.880396,0,0
42260,0.880417,0,0
42261,0.880437,0,0
42262,0.880458,0,0
42263,0.880479,0,0
42264,0.8805,0,0
42265,0.880521,0,0
42266,0.880542,0,0
42267,0.880562,0,0
42268,0.880583,0,0
42269,0.880604,0,0
42270,0.880625,0,0
42271,0.880646,0,0
42272,0.880667,0,0
42273,0.880687,0,0
42274,0.880708,0,0
42275,0.880729,0,0
42276,0.88075,0,0
42277,0.880771,0,0
42278,0.880792,0,0
42279,0.880813,0,0
42280,0.880833,0,0
42281,0.880854,0,0
42282,0.880875,0,0
42283,0.880896,0,0
42284,0.880917,0,0
42285,0.880938,0,0
42286,0.880958,0,0
42287,0.880979,0,0
42288,0.881,0,0
42289,0.881021,0,0
42290,0.881042,0,0
42291,0.881063,0,0
42292,0.881083,0,0
42293,0.881104,0,0
42294,0.881125,0,0
42295,0.881146,0,0
42296,0.881167,0,0
42297,0.881187,0,0
42298,0.881208,0,0
42299,0.881229,0,0
42300,0.88125,0,0
42301,0.881271,0,0
42302,0.881292,0,0
42303,0.881312,0,0
42304,0.881333,0,0
42305,0.881354,0,0
42306,0.881375,0,0
42307,0.881396,0,0
42308,0.881417,0,0
42309,0.881437,0,0
42310,0.881458,0,0
42311,0.881479,0,0
42312,0.8815,0,0
42313,0.881521,0,0
42314,0.881542,0,0
42315,0.881562,0,0
42316,0.881583,0,0
42317,0.881604,0,0
42318,0.881625,0,0
42319,0.881646,0,0
42320,0.881667,0,0
42321,0.881688,0,0
42322,0.881708,0,0
42323,0.881729,0,0
42324,0.88175,0,0
42325,0.881771,0,0
42326,0.881792,0,0
42327,0.881813,0,0
42328,0.881833,0,0
42329,0.881854,0,0
42330,0.881875,0,0
42331,0.881896,0,0
42332,0.881917,0,0
42333,0.881938,0,0
42334,0.881958,0,0
42335,0.881979,0,0
42336,0.882,0,0
42337,0.882021,0,0
42338,0.882042,0,0
42339,0.882062,0,0
42340,0.882083,0,0
42341,0.882104,0,0
42342,0.882125,0,0
42343,0.882146,0,0
42344,0.882167,0,0
42345,0.882187,0,0
42346,0.882208,0,0
42347,0.882229,0,0
42348,0.88225,0,0
42349,0.882271,0,0
42350,0.882292,0,0
42351,0.882312,0,0
42352,0.882333,0,0
42353,0.882354,0,0
42354,0.882375,0,0
42355,0.882396,0,0
42356,0.882417,0,0
42357,0.882438,0,0
42358,0.882458,0,0
42359,0.882479,0,0
42360,0.8825,0,0
42361,0.882521,0,0
42362,0.882542,0,0
42363,0.882563,0,0
42364,0.882583,0,0
42365,0.882604,0,0
42366,0.882625,0,0
42367,0.882646,0,0
42368,0.882667,0,0
42369,0.882688,0,0
42370,0.882708,0,0
42371,0.882729,0,0
42372,0.88275,0,0
42373,0.882771,0,0
42374,0.882792,0,0
42375,0.882812,0,0
42376,0.882833,0,0
42377,0.882854,0,0
42378,0.882875,0,0
42379,0.882896,0,0
42380,0.882917,0,0
42381,0.882937,0,0
42382,0.882958,0,0
42383,0.882979,0,0
42384,0.883,0,0
42385,0.883021,0,0
42386,0.883042,0,0
42387,0.883062,0,0
42388,0.883083,0,0
42389,0.883104,0,0
42390,0.883125,0,0
42391,0.883146,0,0
42392,0.883167,0,0
42393,0.883187,0,0
42394,0.883208,0,0
42395,0.883229,0,0
42396,0.88325,0,0
42397,0.883271,0,0
42398,0.883292,0,0
42399,0.883313,0,0
42400,0.883333,0,0
42401,0.883354,0,0
42402,0.883375,0,0
42403,0.883396,0,0
42404,0.883417,0,0
42405,0.883438,0,0
42406,0.883458,0,0
42407,0.883479,0,0
42408,0.8835,0,0
42409,0.883521,0,0
42410,0.883542,0,0
42411,0.883563,0,0
42412,0.883583,0,0
42413,0.883604,0,0
42414,0.883625,0,0
42415,0.883646,0,0
42416,0.883667,0,0
42417,0.883687,0,0
42418,0.883708,0,0
42419,0.883729,0,0
42420,0.88375,0,0
42421,0.883771,0,0
42422,0.883792,0,0
42423,0.883812,0,0
42424,0.883833,0,0
42425,0.883854,0,0
42426,0.883875,0,0
42427,0.883896,0,0
42428,0.883917,0,0
42429,0.883937,0,0
42430,0.883958,0,0
42431,0.883979,0,0
42432,0.884,0,0
42433,0.884021,0,0
42434,0.884042,0,0
42435,0.884063,0,0
42436,0.884083,0,0
42437,0.884104,0,0
42438,0.884125,0,0
42439,0.884146,0,0
42440,0.884167,0,0
42441,0.884188,0,0
42442,0.884208,0,0
42443,0.884229,0,0
42444,0.88425,0,0
42445,0.884271,0,0
42446,0.884292,0,0
42447,0.884313,0,0
42448,0.884333,0,0
42449,0.884354,0,0
42450,0.884375,0,0
42451,0.884396,0,0
42452,0.884417,0,0
42453,0.884438,0,0
42454,0.884458,0,0
42455,0.884479,0,0
42456,0.8845,0,0
42457,0.884521,0,0
42458,0.884542,0,0
42459,0.884562,0,0
42460,0.884583,0,0
42461,0.884604,0,0
42462,0.884625,0,0
42463,0.884646,0,0
42464,0.884667,0,0
42465,0.884687,0,0
42466,0.884708,0,0
42467,0.884729,0,0
42468,0.88475,0,0
42469,0.884771,0,0
42470,0.884792,0,0
42471,0.884812,0,0
42472,0.884833,0,0
42473,0.884854,0,0
42474,0.884875,0,0
42475,0.884896,0,0
42476,0.884917,0,0
42477,0.884938,0,0
42478,0.884958,0,0
42479,0.884979,0,0
42480,0.885,0,0
42481,0.885021,0,0
42482,0.885042,0,0
42483,0.885063,0,0
42484,0.885083,0,0
42485,0.885104,0,0
42486,0.885125,0,0
42487,0.885146,0,0
42488,0.885167,0,0
42489,0.885188,0,0
42490,0.885208,0,0
42491,0.885229,0,0
42492,0.88525,0,0
42493,0.885271,0,0
42494,0.885292,0,0
42495,0.885312,0,0
42496,0.885333,0,0
42497,0.885354,0,0
42498,0.885375,0,0
42499,0.885396,0,0
42500,0.885417,0,0
42501,0.885437,0,0
42502,0.885458,0,0
42503,0.885479,0,0
42504,0.8855,0,0
42505,0.885521,0,0
42506,0.885542,0,0
42507,0.885562,0,0
42508,0.885583,0,0
42509,0.885604,0,0
42510,0.885625,0,0
42511,0.885646,0,0
42512,0.885667,0,0
42513,0.885687,0,0
42514,0.885708,0,0
42515,0.885729,0,0
42516,0.88575,0,0
42517,0.885771,0,0
42518,0.885792,0,0
42519,0.885813,0,0
42520,0.885833,0,0
42521,0.885854,0,0
42522,0.885875,0,0
42523,0.885896,0,0
42524,0.885917,0,0
42525,0.885938,0,0
42526,0.885958,0,0
42527,0.885979,0,0
42528,0.886,0,0
42529,0.886021,0,0
42530,0.886042,0,0
42531,0.886063,0,0
42532,0.886083,0,0
42533,0.886104,0,0
42534,0.886125,0,0
42535,0.886146,0,0
42536,0.886167,0,0
42537,0.886187,0,0
42538,0.886208,0,0
42539,0.886229,0,0
42540,0.88625,0,0
42541,0.886271,0,0
42542,0.886292,0,0
42543,0.886312,0,0
42544,0.886333,0,0
42545,0.886354,0,0
42546,0.886375,0,0
42547,0.886396,0,0
42548,0.886417,0,0
42549,0.886437,0,0
42550,0.886458,0,0
42551,0.886479,0,0
42552,0.8865,0,0
42553,0.886521,0,0
42554,0.886542,0,0
42555,0.886563,0,0
42556,0.886583,0,0
42557,0.886604,0,0
42558,0.886625,0,0
42559,0.886646,0,0
42560,0.886667,0,0
42561,0.886688,0,0
42562,0.886708,0,0
42563,0.886729,0,0
42564,0.88675,0,0
42565,0.886771,0,0
42566,0.886792,0,0
42567,0.886813,0,0
42568,0.886833,0,0
42569,0.886854,0,0
42570,0.886875,0,0
42571,0.886896,0,0
42572,0.886917,0,0
42573,0.886937,0,0
42574,0.886958,0,0
42575,0.886979,0,0
42576,0.887,0,0
42577,0.887021,0,0
42578,0.887042,0,0
42579,0.887062,0,0
42580,0.887083,0,0
42581,0.887104,0,0
42582,0.887125,0,0
42583,0.887146,0,0
42584,0.887167,0,0
42585,0.887187,0,0
42586,0.887208,0,0
42587,0.887229,0,0
42588,0.88725,0,0
42589,0.887271,0,0
42590,0.887292,0,0
42591,0.887312,0,0
42592,0.887333,0,0
42593,0.887354,0,0
42594,0.887375,0,0
42595,0.887396,0,0
42596,0.887417,0,0
42597,0.887438,0,0
42598,0.887458,0,0
42599,0.887479,0,0
42600,0.8875,0,0
42601,0.887521,0,0
42602,0.887542,0,0
42603,0.887563,0,0
42604,0.887583,0,0
42605,0.887604,0,0
42606,0.887625,0,0
42607,0.887646,0,0
42608,0.887667,0,0
42609,0.887688,0,0
42610,0.887708,0,0
42611,0.887729,0,0
42612,0.88775,0,0
42613,0.887771,0,0
42614,0.887792,0,0
42615,0.887812,0,0
42616,0.887833,0,0
42617,0.887854,0,0
42618,0.887875,0,0
42619,0.887896,0,0
42620,0.887917,0,0
42621,0.887937,0,0
42622,0.887958,0,0
42623,0.887979,0,0
42624,0.888,0,0
42625,0.888021,0,0
42626,0.888042,0,0
42627,0.888062,0,0
42628,0.888083,0,0
42629,0.888104,0,0
42630,0.888125,0,0
42631,0.888146,0,0
42632,0.888167,0,0
42633,0.888188,0,0
42634,0.888208,0,0
42635,0.888229,0,0
42636,0.88825,0,0
42637,0.888271,0,0
42638,0.888292,0,0
42639,0.888313,0,0
42640,0.888333,0,0
42641,0.888354,0,0
42642,0.888375,0,0
42643,0.888396,0,0
42644,0.888417,0,0
42645,0.888438,0,0
42646,0.888458,0,0
42647,0.888479,0,0
42648,0.8885,0,0
42649,0.888521,0,0
42650,0.888542,0,0
42651,0.888563,0,0
42652,0.888583,0,0
42653,0.888604,0,0
42654,0.888625,0,0
42655,0.888646,0,0
42656,0.888667,0,0
42657,0.888687,0,0
42658,0.888708,0,0
42659,0.888729,0,0
42660,0.88875,0,0
42661,0.888771,0,0
42662,0.888792,0,0
42663,0.888812,0,0
42664,0.888833,0,0
42665,0.888854,0,0
42666,0.888875,0,0
42667,0.888896,0,0
42668,0.888917,0,0
42669,0.888937,0,0
42670,0.888958,0,0
42671,0.888979,0,0
42672,0.889,0,0
42673,0.889021,0,0
42674,0.889042,0,0
42675,0.889063,0,0
42676,0.889083,0,0
42677,0.889104,0,0
42678,0.889125,0,0
42679,0.889146,0,0
42680,0.889167,0,0
42681,0.889188,0,0
42682,0.889208,0,0
42683,0.889229,0,0
42684,0.88925,0,0
42685,0.889271,0,0
42686,0.889292,0,0
42687,0.889313,0,0
42688,0.889333,0,0
42689,0.889354,0,0
42690,0.889375,0,0
42691,0.889396,0,0
42692,0.889417,0,0
42693,0.889437,0,0
42694,0.889458,0,0
42695,0.889479,0,0
42696,0.8895,0,0
42697,0.889521,0,0
42698,0.889542,0,0
42699,0.889562,0,0
42700,0.889583,0,0
42701,0.889604,0,0
42702,0.889625,0,0
42703,0.889646,0,0
42704,0.889667,0,0
42705,0.889687,0,0
42706,0.889708,0,0
42707,0.889729,0,0
42708,0.88975,0,0
42709,0.889771,0,0
42710,0.889792,0,0
42711,0.889813,0,0
42712,0.889833,0,0
42713,0.889854,0,0
42714,0.889875,0,0
42715,0.889896,0,0
42716,0.889917,0,0
42717,0.889938,0,0
42718,0.889958,0,0
42719,0.889979,0,0
42720,0.89,0,0
42721,0.890021,0,0
42722,0.890042,0,0
42723,0.890063,0,0
42724,0.890083,0,0
42725,0.890104,0,0
42726,0.890125,0,0
42727,0.890146,0,0
42728,0.890167,0,0
42729,0.890188,0,0
42730,0.890208,0,0
42731,0.890229,0,0
42732,0.89025,0,0
42733,0.890271,0,0
42734,0.890292,0,0
42735,0.890312,0,0
42736,0.890333,0,0
42737,0.890354,0,0
42738,0.890375,0,0
42739,0.890396,0,0
42740,0.890417,0,0
42741,0.890437,0,0
42742,0.890458,0,0
42743,0.890479,0,0
42744,0.8905,0,0
42745,0.890521,0,0
42746,0.890542,0,0
42747,0.890562,0,0
42748,0.890583,0,0
42749,0.890604,0,0
42750,0.890625,0,0
42751,0.890646,0,0
42752,0.890667,0,0
42753,0.890688,0,0
42754,0.890708,0,0
42755,0.890729,0,0
42756,0.89075,0,0
42757,0.890771,0,0
42758,0.890792,0,0
42759,0.890813,0,0
42760,0.890833,0,0
42761,0.890854,0,0
42762,0.890875,0,0
42763,0.890896,0,0
42764,0.890917,0,0
42765,0.890938,0,0
42766,0.890958,0,0
42767,0.890979,0,0
42768,0.891,0,0
42769,0.891021,0,0
42770,0.891042,0,0
42771,0.891062,0,0
42772,0.891083,0,0
42773,0.891104,0,0
42774,0.891125,0,0
42775,0.891146,0,0
42776,0.891167,0,0
42777,0.891187,0,0
42778,0.891208,0,0
42779,0.891229,0,0
42780,0.89125,0,0
42781,0.891271,0,0
42782,0.891292,0,0
42783,0.891312,0,0
42784,0.891333,0,0
42785,0.891354,0,0
42786,0.891375,0,0
42787,0.891396,0,0
42788,0.891417,0,0
42789,0.891437,0,0
42790,0.891458,0,0
42791,0.891479,0,0
42792,0.8915,0,0
42793,0.891521,0,0
42794,0.891542,0,0
42795,0.891563,0,0
42796,0.891583,0,0
42797,0.891604,0,0
42798,0.891625,0,0
42799,0.891646,0,0
42800,0.891667,0,0
42801,0.891688,0,0
42802,0.891708,0,0
42803,0.891729,0,0
42804,0.89175,0,0
42805,0.891771,0,0
42806,0.891792,0,0
42807,0.891813,0,0
42808,0.891833,0,0
42809,0.891854,0,0
42810,0.891875,0,0
42811,0.891896,0,0
42812,0.891917,0,0
42813,0.891937,0,0
42814,0.891958,0,0
42815,0.891979,0,0
42816,0.892,0,0
42817,0.892021,0,0
42818,0.892042,0,0
42819,0.892062,0,0
42820,0.892083,0,0
42821,0.892104,0,0
42822,0.892125,0,0
42823,0.892146,0,0
42824,0.892167,0,0
42825,0.892187,0,0
42826,0.892208,0,0
42827,0.892229,0,0
42828,0.89225,0,0
42829,0.892271,0,0
42830,0.892292,0,0
42831,0.892313,0,0
42832,0.892333,0,0
42833,0.892354,0,0
42834,0.892375,0,0
42835,0.892396,0,0
42836,0.892417,0,0
42837,0.892438,0,0
42838,0.892458,0,0
42839,0.892479,0,0
42840,0.8925,0,0
42841,0.892521,0,0
42842,0.892542,0,0
42843,0.892563,0,0
42844,0.892583,0,0
42845,0.892604,0,0
42846,0.892625,0,0
42847,0.892646,0,0
42848,0.892667,0,0
42849,0.892687,0,0
42850,0.892708,0,0
42851,0.892729,0,0
42852,0.89275,0,0
42853,0.892771,0,0
42854,0.892792,0,0
42855,0.892812,0,0
42856,0.892833,0,0
42857,0.892854,0,0
42858,0.892875,0,0
42859,0.892896,0,0
42860,0.892917,0,0
42861,0.892937,0,0
42862,0.892958,0,0
42863,0.892979,0,0
42864,0.893,0,0
42865,0.893021,0,0
42866,0.893042,0,0
42867,0.893062,0,0
42868,0.893083,0,0
42869,0.893104,0,0
42870,0.893125,0,0
42871,0.893146,0,0
42872,0.893167,0,0
42873,0.893188,0,0
42874,0.893208,0,0
42875,0.893229,0,0
42876,0.89325,0,0
42877,0.893271,0,0
42878,0.893292,0,0
42879,0.893313,0,0
42880,0.893333,0,0
42881,0.893354,0,0
42882,0.893375,0,0
42883,0.893396,0,0
42884,0.893417,0,0
42885,0.893438,0,0
42886,0.893458,0,0
42887,0.893479,0,0
42888,0.8935,0,0
42889,0.893521,0,0
42890,0.893542,0,0
42891,0.893562,0,0
42892,0.893583,0,0
42893,0.893604,0,0
42894,0.893625,0,0
42895,0.893646,0,0
42896,0.893667,0,0
42897,0.893687,0,0
42898,0.893708,0,0
42899,0.893729,0,0
42900,0.89375,0,0
42901,0.893771,0,0
42902,0.893792,0,0
42903,0.893812,0,0
42904,0.893833,0,0
42905,0.893854,0,0
42906,0.893875,0,0
42907,0.893896,0,0
42908,0.893917,0,0
42909,0.893938,0,0
42910,0.893958,0,0
42911,0.893979,0,0
42912,0.894,0,0
42913,0.894021,0,0
42914,0.894042,0,0
42915,0.894063,0,0
42916,0.894083,0,0
42917,0.894104,0,0
42918,0.894125,0,0
42919,0.894146,0,0
42920,0.894167,0,0
42921,0.894188,0,0
42922,0.894208,0,0
42923,0.894229,0,0
42924,0.89425,0,0
42925,0.894271,0,0
42926,0.894292,0,0
42927,0.894313,0,0
42928,0.894333,0,0
42929,0.894354,0,0
42930,0.894375,0,0
42931,0.894396,0,0
42932,0.894417,0,0
42933,0.894437,0,0
42934,0.894458,0,0
42935,0.894479,0,0
42936,0.8945,0,0
42937,0.894521,0,0
42938,0.894542,0,0
42939,0.894562,0,0
42940,0.894583,0,0
42941,0.894604,0,0
42942,0.894625,0,0
42943,0.894646,0,0
42944,0.894667,0,0
42945,0.894687,0,0
42946,0.894708,0,0
42947,0.894729,0,0
42948,0.89475,0,0
42949,0.894771,0,0
42950,0.894792,0,0
42951,0.894813,0,0
42952,0.894833,0,0
42953,0.894854,0,0
42954,0.894875,0,0
42955,0.894896,0,0
42956,0.894917,0,0
42957,0.894938,0,0
42958,0.894958,0,0
42959,0.894979,0,0
42960,0.895,0,0
42961,0.895021,0,0
42962,0.895042,0,0
42963,0.895063,0,0
42964,0.895083,0,0
42965,0.895104,0,0
42966,0.895125,0,0
42967,0.895146,0,0
42968,0.895167,0,0
42969,0.895187,0,0
42970,0.895208,0,0
42971,0.895229,0,0
42972,0.89525,0,0
42973,0.895271,0,0
42974,0.895292,0,0
42975,0.895312,0,0
42976,0.895333,0,0
42977,0.895354,0,0
42978,0.895375,0,0
42979,0.895396,0,0
42980,0.895417,0,0
42981,0.895437,0,0
42982,0.895458,0,0
42983,0.895479,0,0
42984,0.8955,0,0
42985,0.895521,0,0
42986,0.895542,0,0
42987,0.895563,0,0
42988,0.895583,0,0
42989,0.895604,0,0
42990,0.895625,0,0
42991,0.895646,0,0
42992,0.895667,0,0
42993,0.895688,0,0
42994,0.895708,0,0
42995,0.895729,0,0
42996,0.89575,0,0
42997,0.895771,0,0
42998,0.895792,0,0
42999,0.895813,0,0
43000,0.895833,0,0
43001,0.895854,0,0
43002,0.895875,0,0
43003,0.895896,0,0
43004,0.895917,0,0
43005,0.895938,0,0
43006,0.895958,0,0
43007,0.895979,0,0
43008,0.896,0,0
43009,0.896021,0,0
43010,0.896042,0,0
43011,0.896062,0,0
43012,0.896083,0,0
43013,0.896104,0,0
43014,0.896125,0,0
43015,0.896146,0,0
43016,0.896167,0,0
43017,0.896187,0,0
43018,0.896208,0,0
43019,0.896229,0,0
43020,0.89625,0,0
43021,0.896271,0,0
43022,0.896292,0,0
43023,0.896312,0,0
43024,0.896333,0,0
43025,0.896354,0,0
43026,0.896375,0,0
43027,0.896396,0,0
43028,0.896417,0,0
43029,0.896438,0,0
43030,0.896458,0,0
43031,0.896479,0,0
43032,0.8965,0,0
43033,0.896521,0,0
43034,0.896542,0,0
43035,0.896563,0,0
43036,0.896583,0,0
43037,0.896604,0,0
43038,0.896625,0,0
43039,0.896646,0,0
43040,0.896667,0,0
43041,0.896688,0,0
43042,0.896708,0,0
43043,0.896729,0,0
43044,0.89675,0,0
43045,0.896771,0,0
43046,0.896792,0,0
43047,0.896812,0,0
43048,0.896833,0,0
43049,0.896854,0,0
43050,0.896875,0,0
43051,0.896896,0,0
43052,0.896917,0,0
43053,0.896937,0,0
43054,0.896958,0,0
43055,0.896979,0,0
43056,0.897,0,0
43057,0.897021,0,0
43058,0.897042,0,0
43059,0.897062,0,0
43060,0.897083,0,0
43061,0.897104,0,0
43062,0.897125,0,0
43063,0.897146,0,0
43064,0.897167,0,0
43065,0.897187,0,0
43066,0.897208,0,0
43067,0.897229,0,0
43068,0.89725,0,0
43069,0.897271,0,0
43070,0.897292,0,0
43071,0.897313,0,0
43072,0.897333,0,0
43073,0.897354,0,0
43074,0.897375,0,0
43075,0.897396,0,0
43076,0.897417,0,0
43077,0.897438,0,0
43078,0.897458,0,0
43079,0.897479,0,0
43080,0.8975,0,0
43081,0.897521,0,0
43082,0.897542,0,0
43083,0.897563,0,0
43084,0.897583,0,0
43085,0.897604,0,0
43086,0.897625,0,0
43087,0.897646,0,0
43088,0.897667,0,0
43089,0.897687,0,0
43090,0.897708,0,0
43091,0.897729,0,0
43092,0.89775,0,0
43093,0.897771,0,0
43094,0.897792,0,0
43095,0.897812,0,0
43096,0.897833,0,0
43097,0.897854,0,0
43098,0.897875,0,0
43099,0.897896,0,0
43100,0.897917,0,0
43101,0.897937,0,0
43102,0.897958,0,0
43103,0.897979,0,0
43104,0.898,0,0
43105,0.898021,0,0
43106,0.898042,0,0
43107,0.898063,0,0
43108,0.898083,0,0
43109,0.898104,0,0
43110,0.898125,0,0
43111,0.898146,0,0
43112,0.898167,0,0
43113,0.898188,0,0
43114,0.898208,0,0
43115,0.898229,0,0
43116,0.89825,0,0
43117,0.898271,0,0
43118,0.898292,0,0
43119,0.898313,0,0
43120,0.898333,0,0
43121,0.898354,0,0
43122,0.898375,0,0
43123,0.898396,0,0
43124,0.898417,0,0
43125,0.898438,0,0
43126,0.898458,0,0
43127,0.898479,0,0
43128,0.8985,0,0
43129,0.898521,0,0
43130,0.898542,0,0
43131,0.898562,0,0
43132,0.898583,0,0
43133,0.898604,0,0
43134,0.898625,0,0
43135,0.898646,0,0
43136,0.898667,0,0
43137,0.898687,0,0
43138,0.898708,0,0
43139,0.898729,0,0
43140,0.89875,0,0
43141,0.898771,0,0
43142,0.898792,0,0
43143,0.898812,0,0
43144,0.898833,0,0
43145,0.898854,0,0
43146,0.898875,0,0
43147,0.898896,0,0
43148,0.898917,0,0
43149,0.898938,0,0
43150,0.898958,0,0
43151,0.898979,0,0
43152,0.899,0,0
43153,0.899021,0,0
43154,0.899042,0,0
43155,0.899063,0,0
43156,0.899083,0,0
43157,0.899104,0,0
43158,0.899125,0,0
43159,0.899146,0,0
43160,0.899167,0,0
43161,0.899188,0,0
43162,0.899208,0,0
43163,0.899229,0,0
43164,0.89925,0,0
43165,0.899271,0,0
43166,0.899292,0,0
43167,0.899312,0,0
43168,0.899333,0,0
43169,0.899354,0,0
43170,0.899375,0,0
43171,0.899396,0,0
43172,0.899417,0,0
43173,0.899437,0,0
43174,0.899458,0,0
43175,0.899479,0,0
43176,0.8995,0,0
43177,0.899521,0,0
43178,0.899542,0,0
43179,0.899562,0,0
43180,0.899583,0,0
43181,0.899604,0,0
43182,0.899625,0,0
43183,0.899646,0,0
43184,0.899667,0,0
43185,0.899688,0,0
43186,0.899708,0,0
43187,0.899729,0,0
43188,0.89975,0,0
43189,0.899771,0,0
43190,0.899792,0,0
43191,0.899813,0,0
43192,0.899833,0,0
43193,0.899854,0,0
43194,0.899875,0,0
43195,0.899896,0,0
43196,0.899917,0,0
43197,0.899938,0,0
43198,0.899958,0,0
43199,0.899979,0,0
43200,0.9,0,0
43201,0.900021,0,0
43202,0.900042,0,0
43203,0.900063,0,0
43204,0.900083,0,0
43205,0.900104,0,0
43206,0.900125,0,0
43207,0.900146,0,0
43208,0.900167,0,0
43209,0.900187,0,0
43210,0.900208,0,0
43211,0.900229,0,0
43212,0.90025,0,0
43213,0.900271,0,0
43214,0.900292,0,0
43215,0.900312,0,0
43216,0.900333,0,0
43217,0.900354,0,0
43218,0.900375,0,0
43219,0.900396,0,0
43220,0.900417,0,0
43221,0.900437,0,0
43222,0.900458,0,0
43223,0.900479,0,0
43224,0.9005,0,0
43225,0.900521,0,0
43226,0.900542,0,0
43227,0.900563,0,0
43228,0.900583,0,0
43229,0.900604,0,0
43230,0.900625,0,0
43231,0.900646,0,0
43232,0.900667,0,0
43233,0.900688,0,0
43234,0.900708,0,0
43235,0.900729,0,0
43236,0.90075,0,0
43237,0.900771,0,0
43238,0.900792,0,0
43239,0.900813,0,0
43240,0.900833,0,0
43241,0.900854,0,0
43242,0.900875,0,0
43243,0.900896,0,0
43244,0.900917,0,0
43245,0.900937,0,0
43246,0.900958,0,0
43247,0.900979,0,0
43248,0.901,0,0
43249,0.901021,0,0
43250,0.901042,0,0
43251,0.901062,0,0
43252,0.901083,0,0
43253,0.901104,0,0
43254,0.901125,0,0
43255,0.901146,0,0
43256,0.901167,0,0
43257,0.901187,0,0
43258,0.901208,0,0
43259,0.901229,0,0
43260,0.90125,0,0
43261,0.901271,0,0
43262,0.901292,0,0
43263,0.901312,0,0
43264,0.901333,0,0
43265,0.901354,0,0
43266,0.901375,0,0
43267,0.901396,0,0
43268,0.901417,0,0
43269,0.901438,0,0
43270,0.901458,0,0
43271,0.901479,0,0
43272,0.9015,0,0
43273,0.901521,0,0
43274,0.901542,0,0
43275,0.901563,0,0
43276,0.901583,0,0
43277,0.901604,0,0
43278,0.901625,0,0
43279,0.901646,0,0
43280,0.901667,0,0
43281,0.901688,0,0
43282,0.901708,0,0
43283,0.901729,0,0
43284,0.90175,0,0
43285,0.901771,0,0
43286,0.901792,0,0
43287,0.901812,0,0
43288,0.901833,0,0
43289,0.901854,0,0
43290,0.901875,0,0
43291,0.901896,0,0
43292,0.901917,0,0
43293,0.901937,0,0
43294,0.901958,0,0
43295,0.901979,0,0
43296,0.902,0,0
43297,0.902021,0,0
43298,0.902042,0,0
43299,0.902062,0,0
43300,0.902083,0,0
43301,0.902104,0,0
43302,0.902125,0,0
43303,0.902146,0,0
43304,0.902167,0,0
43305,0.902188,0,0
43306,0.902208,0,0
43307,0.902229,0,0
43308,0.90225,0,0
43309,0.902271,0,0
43310,0.902292,0,0
43311,0.902313,0,0
43312,0.902333,0,0
43313,0.902354,0,0
43314,0.902375,0,0
43315,0.902396,0,0
43316,0.902417,0,0
43317,0.902438,0,0
43318,0.902458,0,0
43319,0.902479,0,0
43320,0.9025,0,0
43321,0.902521,0,0
43322,0.902542,0,0
43323,0.902562,0,0
43324,0.902583,0,0
43325,0.902604,0,0
43326,0.902625,0,0
43327,0.902646,0,0
43328,0.902667,0,0
43329,0.902687,0,0
43330,0.902708,0,0
43331,0.902729,0,0
43332,0.90275,0,0
43333,0.902771,0,0
43334,0.902792,0,0
43335,0.902812,0,0
43336,0.902833,0,0
43337,0.902854,0,0
43338,0.902875,0,0
43339,0.902896,0,0
43340,0.902917,0,0
43341,0.902937,0,0
43342,0.902958,0,0
43343,0.902979,0,0
43344,0.903,0,0
43345,0.903021,0,0
43346,0.903042,0,0
43347,0.903063,0,0
43348,0.903083,0,0
43349,0.903104,0,0
43350,0.903125,0,0
43351,0.903146,0,0
43352,0.903167,0,0
43353,0.903188,0,0
43354,0.903208,0,0
43355,0.903229,0,0
43356,0.90325,0,0
43357,0.903271,0,0
43358,0.903292,0,0
43359,0.903313,0,0
43360,0.903333,0,0
43361,0.903354,0,0
43362,0.903375,0,0
43363,0.903396,0,0
43364,0.903417,0,0
43365,0.903437,0,0
43366,0.903458,0,0
43367,0.903479,0,0
43368,0.9035,0,0
43369,0.903521,0,0
43370,0.903542,0,0
43371,0.903562,0,0
43372,0.903583,0,0
43373,0.903604,0,0
43374,0.903625,0,0
43375,0.903646,0,0
43376,0.903667,0,0
43377,0.903687,0,0
43378,0.903708,0,0
43379,0.903729,0,0
43380,0.90375,0,0
43381,0.903771,0,0
43382,0.903792,0,0
43383,0.903813,0,0
43384,0.903833,0,0
43385,0.903854,0,0
43386,0.903875,0,0
43387,0.903896,0,0
43388,0.903917,0,0
43389,0.903938,0,0
43390,0.903958,0,0
43391,0.903979,0,0
43392,0.904,0,0
43393,0.904021,0,0
43394,0.904042,0,0
43395,0.904063,0,0
43396,0.904083,0,0
43397,0.904104,0,0
43398,0.904125,0,0
43399,0.904146,0,0
43400,0.904167,0,0
43401,0.904188,0,0
43402,0.904208,0,0
43403,0.904229,0,0
43404,0.90425,0,0
43405,0.904271,0,0
43406,0.904292,0,0
43407,0.904312,0,0
43408,0.904333,0,0
43409,0.904354,0,0
43410,0.904375,0,0
43411,0.904396,0,0
43412,0.904417,0,0
43413,0.904437,0,0
43414,0.904458,0,0
43415,0.904479,0,0
43416,0.9045,0,0
43417,0.904521,0,0
43418,0.904542,0,0
43419,0.904562,0,0
43420,0.904583,0,0
43421,0.904604,0,0
43422,0.904625,0,0
43423,0.904646,0,0
43424,0.904667,0,0
43425,0.904688,0,0
43426,0.904708,0,0
43427,0.904729,0,0
43428,0.90475,0,0
43429,0.904771,0,0
43430,0.904792,0,0
43431,0.904813,0,0
43432,0.904833,0,0
43433,0.904854,0,0
43434,0.904875,0,0
43435,0.904896,0,0
43436,0.904917,0,0
43437,0.904938,0,0
43438,0.904958,0,0
43439,0.904979,0,0
43440,0.905,0,0
43441,0.905021,0,0
43442,0.905042,0,0
43443,0.905062,0,0
43444,0.905083,0,0
43445,0.905104,0,0
43446,0.905125,0,0
43447,0.905146,0,0
43448,0.905167,0,0
43449,0.905187,0,0
43450,0.905208,0,0
43451,0.905229,0,0
43452,0.90525,0,0
43453,0.905271,0,0
43454,0.905292,0,0
43455,0.905312,0,0
43456,0.905333,0,0
43457,0.905354,0,0
43458,0.905375,0,0
43459,0.905396,0,0
43460,0.905417,0,0
43461,0.905438,0,0
43462,0.905458,0,0
43463,0.905479,0,0
43464,0.9055,0,0
43465,0.905521,0,0
43466,0.905542,0,0
43467,0.905563,0,0
43468,0.905583,0,0
43469,0.905604,0,0
43470,0.905625,0,0
43471,0.905646,0,0
43472,0.905667,0,0
43473,0.905688,0,0
43474,0.905708,0,0
43475,0.905729,0,0
43476,0.90575,0,0
43477,0.905771,0,0
43478,0.905792,0,0
43479,0.905813,0,0
43480,0.905833,0,0
43481,0.905854,0,0
43482,0.905875,0,0
43483,0.905896,0,0
43484,0.905917,0,0
43485,0.905937,0,0
43486,0.905958,0,0
43487,0.905979,0,0
43488,0.906,0,0
43489,0.906021,0,0
43490,0.906042,0,0
43491,0.906062,0,0
43492,0.906083,0,0
43493,0.906104,0,0
43494,0.906125,0,0
43495,0.906146,0,0
43496,0.906167,0,0
43497,0.906187,0,0
43498,0.906208,0,0
43499,0.906229,0,0
43500,0.90625,0,0
43501,0.906271,0,0
43502,0.906292,0,0
43503,0.906313,0,0
43504,0.906333,0,0
43505,0.906354,0,0
43506,0.906375,0,0
43507,0.906396,0,0
43508,0.906417,0,0
43509,0.906438,0,0
43510,0.906458,0,0
43511,0.906479,0,0
43512,0.9065,0,0
43513,0.906521,0,0
43514,0.906542,0,0
43515,0.906563,0,0
43516,0.906583,0,0
43517,0.906604,0,0
43518,0.906625,0,0
43519,0.906646,0,0
43520,0.906667,0,0
43521,0.906687,0,0
43522,0.906708,0,0
43523,0.906729,0,0
43524,0.90675,0,0
43525,0.906771,0,0
43526,0.906792,0,0
43527,0.906812,0,0
43528,0.906833,0,0
43529,0.906854,0,0
43530,0.906875,0,0
43531,0.906896,0,0
43532,0.906917,0,0
43533,0.906937,0,0
43534,0.906958,0,0
43535,0.906979,0,0
43536,0.907,0,0
43537,0.907021,0,0
43538,0.907042,0,0
43539,0.907062,0,0
43540,0.907083,0,0
43541,0.907104,0,0
43542,0.907125,0,0
43543,0.907146,0,0
43544,0.907167,0,0
43545,0.907188,0,0
43546,0.907208,0,0
43547,0.907229,0,0
43548,0.90725,0,0
43549,0.907271,0,0
43550,0.907292,0,0
43551,0.907313,0,0
43552,0.907333,0,0
43553,0.907354,0,0
43554,0.907375,0,0
43555,0.907396,0,0
43556,0.907417,0,0
43557,0.907438,0,0
43558,0.907458,0,0
43559,0.907479,0,0
43560,0.9075,0,0
43561,0.907521,0,0
43562,0.907542,0,0
43563,0.907562,0,0
43564,0.907583,0,0
43565,0.907604,0,0
43566,0.907625,0,0
43567,0.907646,0,0
43568,0.907667,0,0
43569,0.907687,0,0
43570,0.907708,0,0
43571,0.907729,0,0
43572,0.90775,0,0
43573,0.907771,0,0
43574,0.907792,0,0
43575,0.907812,0,0
43576,0.907833,0,0
43577,0.907854,0,0
43578,0.907875,0,0
43579,0.907896,0,0
43580,0.907917,0,0
43581,0.907938,0,0
43582,0.907958,0,0
43583,0.907979,0,0
43584,0.908,0,0
43585,0.908021,0,0
43586,0.908042,0,0
43587,0.908063,0,0
43588,0.908083,0,0
43589,0.908104,0,0
43590,0.908125,0,0
43591,0.908146,0,0
43592,0.908167,0,0
43593,0.908188,0,0
43594,0.908208,0,0
43595,0.908229,0,0
43596,0.90825,0,0
43597,0.908271,0,0
43598,0.908292,0,0
43599,0.908312,0,0
43600,0.908333,0,0
43601,0.908354,0,0
43602,0.908375,0,0
43603,0.908396,0,0
43604,0.908417,0,0
43605,0.908437,0,0
43606,0.908458,0,0
43607,0.908479,0,0
43608,0.9085,0,0
43609,0.908521,0,0
43610,0.908542,0,0
43611,0.908562,0,0
43612,0.908583,0,0
43613,0.908604,0,0
43614,0.908625,0,0
43615,0.908646,0,0
43616,0.908667,0,0
43617,0.908687,0,0
43618,0.908708,0,0
43619,0.908729,0,0
43620,0.90875,0,0
43621,0.908771,0,0
43622,0.908792,0,0
43623,0.908813,0,0
43624,0.908833,0,0
43625,0.908854,0,0
43626,0.908875,0,0
43627,0.908896,0,0
43628,0.908917,0,0
43629,0.908938,0,0
43630,0.908958,0,0
43631,0.908979,0,0
43632,0.909,0,0
43633,0.909021,0,0
43634,0.909042,0,0
43635,0.909063,0,0
43636,0.909083,0,0
43637,0.909104,0,0
43638,0.909125,0,0
43639,0.909146,0,0
43640,0.909167,0,0
43641,0.909187,0,0
43642,0.909208,0,0
43643,0.909229,0,0
43644,0.90925,0,0
43645,0.909271,0,0
43646,0.909292,0,0
43647,0.909312,0,0
43648,0.909333,0,0
43649,0.909354,0,0
43650,0.909375,0,0
43651,0.909396,0,0
43652,0.909417,0,0
43653,0.909437,0,0
43654,0.909458,0,0
43655,0.909479,0,0
43656,0.9095,0,0
43657,0.909521,0,0
43658,0.909542,0,0
43659,0.909563,0,0
43660,0.909583,0,0
43661,0.909604,0,0
43662,0.909625,0,0
43663,0.909646,0,0
43664,0.909667,0,0
43665,0.909688,0,0
43666,0.909708,0,0
43667,0.909729,0,0
43668,0.90975,0,0
43669,0.909771,0,0
43670,0.909792,0,0
43671,0.909813,0,0
43672,0.909833,0,0
43673,0.909854,0,0
43674,0.909875,0,0
43675,0.909896,0,0
43676,0.909917,0,0
43677,0.909938,0,0
43678,0.909958,0,0
43679,0.909979,0,0
43680,0.91,0,0
43681,0.910021,0,0
43682,0.910042,0,0
43683,0.910062,0,0
43684,0.910083,0,0
43685,0.910104,0,0
43686,0.910125,0,0
43687,0.910146,0,0
43688,0.910167,0,0
43689,0.910187,0,0
43690,0.910208,0,0
43691,0.910229,0,0
43692,0.91025,0,0
43693,0.910271,0,0
43694,0.910292,0,0
43695,0.910312,0,0
43696,0.910333,0,0
43697,0.910354,0,0
43698,0.910375,0,0
43699,0.910396,0,0
43700,0.910417,0,0
43701,0.910438,0,0
43702,0.910458,0,0
43703,0.910479,0,0
43704,0.9105,0,0
43705,0.910521,0,0
43706,0.910542,0,0
43707,0.910563,0,0
43708,0.910583,0,0
43709,0.910604,0,0
43710,0.910625,0,0
43711,0.910646,0,0
43712,0.910667,0,0
43713,0.910688,0,0
43714,0.910708,0,0
43715,0.910729,0,0
43716,0.91075,0,0
43717,0.910771,0,0
43718,0.910792,0,0
43719,0.910812,0,0
43720,0.910833,0,0
43721,0.910854,0,0
43722,0.910875,0,0
43723,0.910896,0,0
43724,0.910917,0,0
43725,0.910937,0,0
43726,0.910958,0,0
43727,0.910979,0,0
43728,0.911,0,0
43729,0.911021,0,0
43730,0.911042,0,0
43731,0.911062,0,0
43732,0.911083,0,0
43733,0.911104,0,0
43734,0.911125,0,0
43735,0.911146,0,0
43736,0.911167,0,0
43737,0.911188,0,0
43738,0.911208,0,0
43739,0.911229,0,0
43740,0.91125,0,0
43741,0.911271,0,0
43742,0.911292,0,0
43743,0.911313,0,0
43744,0.911333,0,0
43745,0.911354,0,0
43746,0.911375,0,0
43747,0.911396,0,0
43748,0.911417,0,0
43749,0.911438,0,0
43750,0.911458,0,0
43751,0.911479,0,0
43752,0.9115,0,0
43753,0.911521,0,0
43754,0.911542,0,0
43755,0.911563,0,0
43756,0.911583,0,0
43757,0.911604,0,0
43758,0.911625,0,0
43759,0.911646,0,0
43760,0.911667,0,0
43761,0.911687,0,0
43762,0.911708,0,0
43763,0.911729,0,0
43764,0.91175,0,0
43765,0.911771,0,0
43766,0.911792,0,0
43767,0.911812,0,0
43768,0.911833,0,0
43769,0.911854,0,0
43770,0.911875,0,0
43771,0.911896,0,0
43772,0.911917,0,0
43773,0.911937,0,0
43774,0.911958,0,0
43775,0.911979,0,0
43776,0.912,0,0
43777,0.912021,0,0
43778,0.912042,0,0
43779,0.912063,0,0
43780,0.912083,0,0
43781,0.912104,0,0
43782,0.912125,0,0
43783,0.912146,0,0
43784,0.912167,0,0
43785,0.912188,0,0
43786,0.912208,0,0
43787,0.912229,0,0
43788,0.91225,0,0
43789,0.912271,0,0
43790,0.912292,0,0
43791,0.912313,0,0
43792,0.912333,0,0
43793,0.912354,0,0
43794,0.912375,0,0
43795,0.912396,0,0
43796,0.912417,0,0
43797,0.912437,0,0
43798,0.912458,0,0
43799,0.912479,0,0
43800,0.9125,0,0
43801,0.912521,0,0
43802,0.912542,0,0
43803,0.912562,0,0
43804,0.912583,0,0
43805,0.912604,0,0
43806,0.912625,0,0
43807,0.912646,0,0
43808,0.912667,0,0
43809,0.912687,0,0
43810,0.912708,0,0
43811,0.912729,0,0
43812,0.91275,0,0
43813,0.912771,0,0
43814,0.912792,0,0
43815,0.912812,0,0
43816,0.912833,0,0
43817,0.912854,0,0
43818,0.912875,0,0
43819,0.912896,0,0
43820,0.912917,0,0
43821,0.912938,0,0
43822,0.912958,0,0
43823,0.912979,0,0
43824,0.913,0,0
43825,0.913021,0,0
43826,0.913042,0,0
43827,0.913063,0,0
43828,0.913083,0,0
43829,0.913104,0,0
43830,0.913125,0,0
43831,0.913146,0,0
43832,0.913167,0,0
43833,0.913188,0,0
43834,0.913208,0,0
43835,0.913229,0,0
43836,0.91325,0,0
43837,0.913271,0,0
43838,0.913292,0,0
43839,0.913312,0,0
43840,0.913333,0,0
43841,0.913354,0,0
43842,0.913375,0,0
43843,0.913396,0,0
43844,0.913417,0,0
43845,0.913437,0,0
43846,0.913458,0,0
43847,0.913479,0,0
43848,0.9135,0,0
43849,0.913521,0,0
43850,0.913542,0,0
43851,0.913562,0,0
43852,0.913583,0,0
43853,0.913604,0,0
43854,0.913625,0,0
43855,0.913646,0,0
43856,0.913667,0,0
43857,0.913688,0,0
43858,0.913708,0,0
43859,0.913729,0,0
43860,0.91375,0,0
43861,0.913771,0,0
43862,0.913792,0,0
43863,0.913813,0,0
43864,0.913833,0,0
43865,0.913854,0,0
43866,0.913875,0,0
43867,0.913896,0,0
43868,0.913917,0,0
43869,0.913938,0,0
43870,0.913958,0,0
43871,0.913979,0,0
43872,0.914,0,0
43873,0.914021,0,0
43874,0.914042,0,0
43875,0.914062,0,0
43876,0.914083,0,0
43877,0.914104,0,0
43878,0.914125,0,0
43879,0.914146,0,0
43880,0.914167,0,0
43881,0.914187,0,0
43882,0.914208,0,0
43883,0.914229,0,0
43884,0.91425,0,0
43885,0.914271,0,0
43886,0.914292,0,0
43887,0.914312,0,0
43888,0.914333,0,0
43889,0.914354,0,0
43890,0.914375,0,0
43891,0.914396,0,0
43892,0.914417,0,0
43893,0.914437,0,0
43894,0.914458,0,0
43895,0.914479,0,0
43896,0.9145,0,0
43897,0.914521,0,0
43898,0.914542,0,0
43899,0.914563,0,0
43900,0.914583,0,0
43901,0.914604,0,0
43902,0.914625,0,0
43903,0.914646,0,0
43904,0.914667,0,0
43905,0.914688,0,0
43906,0.914708,0,0
43907,0.914729,0,0
43908,0.91475,0,0
43909,0.914771,0,0
43910,0.914792,0,0
43911,0.914813,0,0
43912,0.914833,0,0
43913,0.914854,0,0
43914,0.914875,0,0
43915,0.914896,0,0
43916,0.914917,0,0
43917,0.914937,0,0
43918,0.914958,0,0
43919,0.914979,0,0
43920,0.915,0,0
43921,0.915021,0,0
43922,0.915042,0,0
43923,0.915062,0,0
43924,0.915083,0,0
43925,0.915104,0,0
43926,0.915125,0,0
43927,0.915146,0,0
43928,0.915167,0,0
43929,0.915187,0,0
43930,0.915208,0,0
43931,0.915229,0,0
43932,0.91525,0,0
43933,0.915271,0,0
43934,0.915292,0,0
43935,0.915313,0,0
43936,0.915333,0,0
43937,0.915354,0,0
43938,0.915375,0,0
43939,0.915396,0,0
43940,0.915417,0,0
43941,0.915438,0,0
43942,0.915458,0,0
43943,0.915479,0,0
43944,0.9155,0,0
43945,0.915521,0,0
43946,0.915542,0,0
43947,0.915563,0,0
43948,0.915583,0,0
43949,0.915604,0,0
43950,0.915625,0,0
43951,0.915646,0,0
43952,0.915667,0,0
43953,0.915688,0,0
43954,0.915708,0,0
43955,0.915729,0,0
43956,0.91575,0,0
43957,0.915771,0,0
43958,0.915792,0,0
43959,0.915812,0,0
43960,0.915833,0,0
43961,0.915854,0,0
43962,0.915875,0,0
43963,0.915896,0,0
43964,0.915917,0,0
43965,0.915937,0,0
43966,0.915958,0,0
43967,0.915979,0,0
43968,0.916,0,0
43969,0.916021,0,0
43970,0.916042,0,0
43971,0.916062,0,0
43972,0.916083,0,0
43973,0.916104,0,0
43974,0.916125,0,0
43975,0.916146,0,0
43976,0.916167,0,0
43977,0.916188,0,0
43978,0.916208,0,0
43979,0.916229,0,0
43980,0.91625,0,0
43981,0.916271,0,0
43982,0.916292,0,0
43983,0.916313,0,0
43984,0.916333,0,0
43985,0.916354,0,0
43986,0.916375,0,0
43987,0.916396,0,0
43988,0.916417,0,0
43989,0.916438,0,0
43990,0.916458,0,0
43991,0.916479,0,0
43992,0.9165,0,0
43993,0.916521,0,0
43994,0.916542,0,0
43995,0.916562,0,0
43996,0.916583,0,0
43997,0.916604,0,0
43998,0.916625,0,0
43999,0.916646,0,0
44000,0.916667,0,0
44001,0.916687,0,0
44002,0.916708,0,0
44003,0.916729,0,0
44004,0.91675,0,0
44005,0.916771,0,0
44006,0.916792,0,0
44007,0.916812,0,0
44008,0.916833,0,0
44009,0.916854,0,0
44010,0.916875,0,0
44011,0.916896,0,0
44012,0.916917,0,0
44013,0.916937,0,0
44014,0.916958,0,0
44015,0.916979,0,0
44016,0.917,0,0
44017,0.917021,0,0
44018,0.917042,0,0
44019,0.917063,0,0
44020,0.917083,0,0
44021,0.917104,0,0
44022,0.917125,0,0
44023,0.917146,0,0
44024,0.917167,0,0
44025,0.917188,0,0
44026,0.917208,0,0
44027,0.917229,0,0
44028,0.91725,0,0
44029,0.917271,0,0
44030,0.917292,0,0
44031,0.917313,0,0
44032,0.917333,0,0
44033,0.917354,0,0
44034,0.917375,0,0
44035,0.917396,0,0
44036,0.917417,0,0
44037,0.917437,0,0
44038,0.917458,0,0
44039,0.917479,0,0
44040,0.9175,0,0
44041,0.917521,0,0
44042,0.917542,0,0
44043,0.917562,0,0
44044,0.917583,0,0
44045,0.917604,0,0
44046,0.917625,0,0
44047,0.917646,0,0
44048,0.917667,0,0
44049,0.917687,0,0
44050,0.917708,0,0
44051,0.917729,0,0
44052,0.91775,0,0
44053,0.917771,0,0
44054,0.917792,0,0
44055,0.917813,0,0
44056,0.917833,0,0
44057,0.917854,0,0
44058,0.917875,0,0
44059,0.917896,0,0
44060,0.917917,0,0
44061,0.917938,0,0
44062,0.917958,0,0
44063,0.917979,0,0
44064,0.918,0,0
44065,0.918021,0,0
44066,0.918042,0,0
44067,0.918063,0,0
44068,0.918083,0,0
44069,0.918104,0,0
44070,0.918125,0,0
44071,0.918146,0,0
44072,0.918167,0,0
44073,0.918187,0,0
44074,0.918208,0,0
44075,0.918229,0,0
44076,0.91825,0,0
44077,0.918271,0,0
44078,0.918292,0,0
44079,0.918312,0,0
44080,0.918333,0,0
44081,0.918354,0,0
44082,0.918375,0,0
44083,0.918396,0,0
44084,0.918417,0,0
44085,0.918437,0,0
44086,0.918458,0,0
44087,0.918479,0,0
44088,0.9185,0,0
44089,0.918521,0,0
44090,0.918542,0,0
44091,0.918562,0,0
44092,0.918583,0,0
44093,0.918604,0,0
44094,0.918625,0,0
44095,0.918646,0,0
44096,0.918667,0,0
44097,0.918688,0,0
44098,0.918708,0,0
44099,0.918729,0,0
44100,0.91875,0,0
44101,0.918771,0,0
44102,0.918792,0,0
44103,0.918813,0,0
44104,0.918833,0,0
44105,0.918854,0,0
44106,0.918875,0,0
44107,0.918896,0,0
44108,0.918917,0,0
44109,0.918938,0,0
44110,0.918958,0,0
44111,0.918979,0,0
44112,0.919,0,0
44113,0.919021,0,0
44114,0.919042,0,0
44115,0.919062,0,0
44116,0.919083,0,0
44117,0.919104,0,0
44118,0.919125,0,0
44119,0.919146,0,0
44120,0.919167,0,0
44121,0.919187,0,0
44122,0.919208,0,0
44123,0.919229,0,0
44124,0.91925,0,0
44125,0.919271,0,0
44126,0.919292,0,0
44127,0.919312,0,0
44128,0.919333,0,0
44129,0.919354,0,0
44130,0.919375,0,0
44131,0.919396,0,0
44132,0.919417,0,0
44133,0.919438,0,0
44134,0.919458,0,0
44135,0.919479,0,0
44136,0.9195,0,0
44137,0.919521,0,0
44138,0.919542,0,0
44139,0.919563,0,0
44140,0.919583,0,0
44141,0.919604,0,0
44142,0.919625,0,0
44143,0.919646,0,0
44144,0.919667,0,0
44145,0.919688,0,0
44146,0.919708,0,0
44147,0.919729,0,0
44148,0.91975,0,0
44149,0.919771,0,0
44150,0.919792,0,0
44151,0.919813,0,0
44152,0.919833,0,0
44153,0.919854,0,0
44154,0.919875,0,0
44155,0.919896,0,0
44156,0.919917,0,0
44157,0.919937,0,0
44158,0.919958,0,0
44159,0.919979,0,0
44160,0.92,0,0
44161,0.920021,0,0
44162,0.920042,0,0
44163,0.920062,0,0
44164,0.920083,0,0
44165,0.920104,0,0
44166,0.920125,0,0
44167,0.920146,0,0
44168,0.920167,0,0
44169,0.920187,0,0
44170,0.920208,0,0
44171,0.920229,0,0
44172,0.92025,0,0
44173,0.920271,0,0
44174,0.920292,0,0
44175,0.920313,0,0
44176,0.920333,0,0
44177,0.920354,0,0
44178,0.920375,0,0
44179,0.920396,0,0
44180,0.920417,0,0
44181,0.920438,0,0
44182,0.920458,0,0
44183,0.920479,0,0
44184,0.9205,0,0
44185,0.920521,0,0
44186,0.920542,0,0
44187,0.920563,0,0
44188,0.920583,0,0
44189,0.920604,0,0
44190,0.920625,0,0
44191,0.920646,0,0
44192,0.920667,0,0
44193,0.920687,0,0
44194,0.920708,0,0
44195,0.920729,0,0
44196,0.92075,0,0
44197,0.920771,0,0
44198,0.920792,0,0
44199,0.920812,0,0
44200,0.920833,0,0
44201,0.920854,0,0
44202,0.920875,0,0
44203,0.920896,0,0
44204,0.920917,0,0
44205,0.920937,0,0
44206,0.920958,0,0
44207,0.920979,0,0
44208,0.921,0,0
44209,0.921021,0,0
44210,0.921042,0,0
44211,0.921063,0,0
44212,0.921083,0,0
44213,0.921104,0,0
44214,0.921125,0,0
44215,0.921146,0,0
44216,0.921167,0,0
44217,0.921188,0,0
44218,0.921208,0,0
44219,0.921229,0,0
44220,0.92125,0,0
44221,0.921271,0,0
44222,0.921292,0,0
44223,0.921313,0,0
44224,0.921333,0,0
44225,0.921354,0,0
44226,0.921375,0,0
44227,0.921396,0,0
44228,0.921417,0,0
44229,0.921438,0,0
44230,0.921458,0,0
44231,0.921479,0,0
44232,0.9215,0,0
44233,0.921521,0,0
44234,0.921542,0,0
44235,0.921562,0,0
44236,0.921583,0,0
44237,0.921604,0,0
44238,0.921625,0,0
44239,0.921646,0,0
44240,0.921667,0,0
44241,0.921687,0,0
44242,0.921708,0,0
44243,0.921729,0,0
44244,0.92175,0,0
44245,0.921771,0,0
44246,0.921792,0,0
44247,0.921812,0,0
44248,0.921833,0,0
44249,0.921854,0,0
44250,0.921875,0,0
44251,0.921896,0,0
44252,0.921917,0,0
44253,0.921938,0,0
44254,0.921958,0,0
44255,0.921979,0,0
44256,0.922,0,0
44257,0.922021,0,0
44258,0.922042,0,0
44259,0.922063,0,0
44260,0.922083,0,0
44261,0.922104,0,0
44262,0.922125,0,0
44263,0.922146,0,0
44264,0.922167,0,0
44265,0.922188,0,0
44266,0.922208,0,0
44267,0.922229,0,0
44268,0.92225,0,0
44269,0.922271,0,0
44270,0.922292,0,0
44271,0.922312,0,0
44272,0.922333,0,0
44273,0.922354,0,0
44274,0.922375,0,0
44275,0.922396,0,0
44276,0.922417,0,0
44277,0.922437,0,0
44278,0.922458,0,0
44279,0.922479,0,0
44280,0.9225,0,0
44281,0.922521,0,0
44282,0.922542,0,0
44283,0.922562,0,0
44284,0.922583,0,0
44285,0.922604,0,0
44286,0.922625,0,0
44287,0.922646,0,0
44288,0.922667,0,0
44289,0.922687,0,0
44290,0.922708,0,0
44291,0.922729,0,0
44292,0.92275,0,0
44293,0.922771,0,0
44294,0.922792,0,0
44295,0.922813,0,0
44296,0.922833,0,0
44297,0.922854,0,0
44298,0.922875,0,0
44299,0.922896,0,0
44300,0.922917,0,0
44301,0.922938,0,0
44302,0.922958,0,0
44303,0.922979,0,0
44304,0.923,0,0
44305,0.923021,0,0
44306,0.923042,0,0
44307,0.923063,0,0
44308,0.923083,0,0
44309,0.923104,0,0
44310,0.923125,0,0
44311,0.923146,0,0
44312,0.923167,0,0
44313,0.923187,0,0
44314,0.923208,0,0
44315,0.923229,0,0
44316,0.92325,0,0
44317,0.923271,0,0
44318,0.923292,0,0
44319,0.923312,0,0
44320,0.923333,0,0
44321,0.923354,0,0
44322,0.923375,0,0
44323,0.923396,0,0
44324,0.923417,0,0
44325,0.923437,0,0
44326,0.923458,0,0
44327,0.923479,0,0
44328,0.9235,0,0
44329,0.923521,0,0
44330,0.923542,0,0
44331,0.923563,0,0
44332,0.923583,0,0
44333,0.923604,0,0
44334,0.923625,0,0
44335,0.923646,0,0
44336,0.923667,0,0
44337,0.923688,0,0
44338,0.923708,0,0
44339,0.923729,0,0
44340,0.92375,0,0
44341,0.923771,0,0
44342,0.923792,0,0
44343,0.923813,0,0
44344,0.923833,0,0
44345,0.923854,0,0
44346,0.923875,0,0
44347,0.923896,0,0
44348,0.923917,0,0
44349,0.923937,0,0
44350,0.923958,0,0
44351,0.923979,0,0
44352,0.924,0,0
44353,0.924021,0,0
44354,0.924042,0,0
44355,0.924062,0,0
44356,0.924083,0,0
44357,0.924104,0,0
44358,0.924125,0,0
44359,0.924146,0,0
44360,0.924167,0,0
44361,0.924187,0,0
44362,0.924208,0,0
44363,0.924229,0,0
44364,0.92425,0,0
44365,0.924271,0,0
44366,0.924292,0,0
44367,0.924312,0,0
44368,0.924333,0,0
44369,0.924354,0,0
44370,0.924375,0,0
44371,0.924396,0,0
44372,0.924417,0,0
44373,0.924438,0,0
44374,0.924458,0,0
44375,0.924479,0,0
44376,0.9245,0,0
44377,0.924521,0,0
44378,0.924542,0,0
44379,0.924563,0,0
44380,0.924583,0,0
44381,0.924604,0,0
44382,0.924625,0,0
44383,0.924646,0,0
44384,0.924667,0,0
44385,0.924688,0,0
44386,0.924708,0,0
44387,0.924729,0,0
44388,0.92475,0,0
44389,0.924771,0,0
44390,0.924792,0,0
44391,0.924812,0,0
44392,0.924833,0,0
44393,0.924854,0,0
44394,0.924875,0,0
44395,0.924896,0,0
44396,0.924917,0,0
44397,0.924937,0,0
44398,0.924958,0,0
44399,0.924979,0,0
44400,0.925,0,0
44401,0.925021,0,0
44402,0.925042,0,0
44403,0.925062,0,0
44404,0.925083,0,0
44405,0.925104,0,0
44406,0.925125,0,0
44407,0.925146,0,0
44408,0.925167,0,0
44409,0.925188,0,0
44410,0.925208,0,0
44411,0.925229,0,0
44412,0.92525,0,0
44413,0.925271,0,0
44414,0.925292,0,0
44415,0.925313,0,0
44416,0.925333,0,0
44417,0.925354,0,0
44418,0.925375,0,0
44419,0.925396,0,0
44420,0.925417,0,0
44421,0.925438,0,0
44422,0.925458,0,0
44423,0.925479,0,0
44424,0.9255,0,0
44425,0.925521,0,0
44426,0.925542,0,0
44427,0.925563,0,0
44428,0.925583,0,0
44429,0.925604,0,0
44430,0.925625,0,0
44431,0.925646,0,0
44432,0.925667,0,0
44433,0.925687,0,0
44434,0.925708,0,0
44435,0.925729,0,0
44436,0.92575,0,0
44437,0.925771,0,0
44438,0.925792,0,0
44439,0.925812,0,0
44440,0.925833,0,0
44441,0.925854,0,0
44442,0.925875,0,0
44443,0.925896,0,0
44444,0.925917,0,0
44445,0.925937,0,0
44446,0.925958,0,0
44447,0.925979,0,0
44448,0.926,0,0
44449,0.926021,0,0
44450,0.926042,0,0
44451,0.926063,0,0
44452,0.926083,0,0
44453,0.926104,0,0
44454,0.926125,0,0
44455,0.926146,0,0
44456,0.926167,0,0
44457,0.926188,0,0
44458,0.926208,0,0
44459,0.926229,0,0
44460,0.92625,0,0
44461,0.926271,0,0
44462,0.926292,0,0
44463,0.926313,0,0
44464,0.926333,0,0
44465,0.926354,0,0
44466,0.926375,0,0
44467,0.926396,0,0
44468,0.926417,0,0
44469,0.926437,0,0
44470,0.926458,0,0
44471,0.926479,0,0
44472,0.9265,0,0
44473,0.926521,0,0
44474,0.926542,0,0
44475,0.926562,0,0
44476,0.926583,0,0
44477,0.926604,0,0
44478,0.926625,0,0
44479,0.926646,0,0
44480,0.926667,0,0
44481,0.926687,0,0
44482,0.926708,0,0
44483,0.926729,0,0
44484,0.92675,0,0
44485,0.926771,0,0
44486,0.926792,0,0
44487,0.926813,0,0
44488,0.926833,0,0
44489,0.926854,0,0
44490,0.926875,0,0
44491,0.926896,0,0
44492,0.926917,0,0
44493,0.926938,0,0
44494,0.926958,0,0
44495,0.926979,0,0
44496,0.927,0,0
44497,0.927021,0,0
44498,0.927042,0,0
44499,0.927063,0,0
44500,0.927083,0,0
44501,0.927104,0,0
44502,0.927125,0,0
44503,0.927146,0,0
44504,0.927167,0,0
44505,0.927188,0,0
44506,0.927208,0,0
44507,0.927229,0,0
44508,0.92725,0,0
44509,0.927271,0,0
44510,0.927292,0,0
44511,0.927312,0,0
44512,0.927333,0,0
44513,0.927354,0,0
44514,0.927375,0,0
44515,0.927396,0,0
44516,0.927417,0,0
44517,0.927437,0,0
44518,0.927458,0,0
44519,0.927479,0,0
44520,0.9275,0,0
44521,0.927521,0,0
44522,0.927542,0,0
44523,0.927562,0,0
44524,0.927583,0,0
44525,0.927604,0,0
44526,0.927625,0,0
44527,0.927646,0,0
44528,0.927667,0,0
44529,0.927688,0,0
44530,0.927708,0,0
44531,0.927729,0,0
44532,0.92775,0,0
44533,0.927771,0,0
44534,0.927792,0,0
44535,0.927813,0,0
44536,0.927833,0,0
44537,0.927854,0,0
44538,0.927875,0,0
44539,0.927896,0,0
44540,0.927917,0,0
44541,0.927938,0,0
44542,0.927958,0,0
44543,0.927979,0,0
44544,0.928,0,0
44545,0.928021,0,0
44546,0.928042,0,0
44547,0.928062,0,0
44548,0.928083,0,0
44549,0.928104,0,0
44550,0.928125,0,0
44551,0.928146,0,0
44552,0.928167,0,0
44553,0.928187,0,0
44554,0.928208,0,0
44555,0.928229,0,0
44556,0.92825,0,0
44557,0.928271,0,0
44558,0.928292,0,0
44559,0.928312,0,0
44560,0.928333,0,0
44561,0.928354,0,0
44562,0.928375,0,0
44563,0.928396,0,0
44564,0.928417,0,0
44565,0.928437,0,0
44566,0.928458,0,0
44567,0.928479,0,0
44568,0.9285,0,0
44569,0.928521,0,0
44570,0.928542,0,0
44571,0.928563,0,0
44572,0.928583,0,0
44573,0.928604,0,0
44574,0.928625,0,0
44575,0.928646,0,0
44576,0.928667,0,0
44577,0.928688,0,0
44578,0.928708,0,0
44579,0.928729,0,0
44580,0.92875,0,0
44581,0.928771,0,0
44582,0.928792,0,0
44583,0.928813,0,0
44584,0.928833,0,0
44585,0.928854,0,0
44586,0.928875,0,0
44587,0.928896,0,0
44588,0.928917,0,0
44589,0.928937,0,0
44590,0.928958,0,0
44591,0.928979,0,0
44592,0.929,0,0
44593,0.929021,0,0
44594,0.929042,0,0
44595,0.929062,0,0
44596,0.929083,0,0
44597,0.929104,0,0
44598,0.929125,0,0
44599,0.929146,0,0
44600,0.929167,0,0
44601,0.929187,0,0
44602,0.929208,0,0
44603,0.929229,0,0
44604,0.92925,0,0
44605,0.929271,0,0
44606,0.929292,0,0
44607,0.929313,0,0
44608,0.929333,0,0
44609,0.929354,0,0
44610,0.929375,0,0
44611,0.929396,0,0
44612,0.929417,0,0
44613,0.929438,0,0
44614,0.929458,0,0
44615,0.929479,0,0
44616,0.9295,0,0
44617,0.929521,0,0
44618,0.929542,0,0
44619,0.929563,0,0
44620,0.929583,0,0
44621,0.929604,0,0
44622,0.929625,0,0
44623,0.929646,0,0
44624,0.929667,0,0
44625,0.929688,0,0
44626,0.929708,0,0
44627,0.929729,0,0
44628,0.92975,0,0
44629,0.929771,0,0
44630,0.929792,0,0
44631,0.929812,0,0
44632,0.929833,0,0
44633,0.929854,0,0
44634,0.929875,0,0
44635,0.929896,0,0
44636,0.929917,0,0
44637,0.929937,0,0
44638,0.929958,0,0
44639,0.929979,0,0
44640,0.93,0,0
44641,0.930021,0,0
44642,0.930042,0,0
44643,0.930062,0,0
44644,0.930083,0,0
44645,0.930104,0,0
44646,0.930125,0,0
44647,0.930146,0,0
44648,0.930167,0,0
44649,0.930188,0,0
44650,0.930208,0,0
44651,0.930229,0,0
44652,0.93025,0,0
44653,0.930271,0,0
44654,0.930292,0,0
44655,0.930313,0,0
44656,0.930333,0,0
44657,0.930354,0,0
44658,0.930375,0,0
44659,0.930396,0,0
44660,0.930417,0,0
44661,0.930438,0,0
44662,0.930458,0,0
44663,0.930479,0,0
44664,0.9305,0,0
44665,0.930521,0,0
44666,0.930542,0,0
44667,0.930562,0,0
44668,0.930583,0,0
44669,0.930604,0,0
44670,0.930625,0,0
44671,0.930646,0,0
44672,0.930667,0,0
44673,0.930687,0,0
44674,0.930708,0,0
44675,0.930729,0,0
44676,0.93075,0,0
44677,0.930771,0,0
44678,0.930792,0,0
44679,0.930812,0,0
44680,0.930833,0,0
44681,0.930854,0,0
44682,0.930875,0,0
44683,0.930896,0,0
44684,0.930917,0,0
44685,0.930938,0,0
44686,0.930958,0,0
44687,0.930979,0,0
44688,0.931,0,0
44689,0.931021,0,0
44690,0.931042,0,0
44691,0.931063,0,0
44692,0.931083,0,0
44693,0.931104,0,0
44694,0.931125,0,0
44695,0.931146,0,0
44696,0.931167,0,0
44697,0.931188,0,0
44698,0.931208,0,0
44699,0.931229,0,0
44700,0.93125,0,0
44701,0.931271,0,0
44702,0.931292,0,0
44703,0.931313,0,0
44704,0.931333,0,0
44705,0.931354,0,0
44706,0.931375,0,0
44707,0.931396,0,0
44708,0.931417,0,0
44709,0.931437,0,0
44710,0.931458,0,0
44711,0.931479,0,0
44712,0.9315,0,0
44713,0.931521,0,0
44714,0.931542,0,0
44715,0.931562,0,0
44716,0.931583,0,0
44717,0.931604,0,0
44718,0.931625,0,0
44719,0.931646,0,0
44720,0.931667,0,0
44721,0.931687,0,0
44722,0.931708,0,0
44723,0.931729,0,0
44724,0.93175,0,0
44725,0.931771,0,0
44726,0.931792,0,0
44727,0.931813,0,0
44728,0.931833,0,0
44729,0.931854,0,0
44730,0.931875,0,0
44731,0.931896,0,0
44732,0.931917,0,0
44733,0.931938,0,0
44734,0.931958,0,0
44735,0.931979,0,0
44736,0.932,0,0
44737,0.932021,0,0
44738,0.932042,0,0
44739,0.932063,0,0
44740,0.932083,0,0
44741,0.932104,0,0
44742,0.932125,0,0
44743,0.932146,0,0
44744,0.932167,0,0
44745,0.932187,0,0
44746,0.932208,0,0
44747,0.932229,0,0
44748,0.93225,0,0
44749,0.932271,0,0
44750,0.932292,0,0
44751,0.932312,0,0
44752,0.932333,0,0
44753,0.932354,0,0
44754,0.932375,0,0
44755,0.932396,0,0
44756,0.932417,0,0
44757,0.932437,0,0
44758,0.932458,0,0
44759,0.932479,0,0
44760,0.9325,0,0
44761,0.932521,0,0
44762,0.932542,0,0
44763,0.932562,0,0
44764,0.932583,0,0
44765,0.932604,0,0
44766,0.932625,0,0
44767,0.932646,0,0
44768,0.932667,0,0
44769,0.932688,0,0
44770,0.932708,0,0
44771,0.932729,0,0
44772,0.93275,0,0
44773,0.932771,0,0
44774,0.932792,0,0
44775,0.932813,0,0
44776,0.932833,0,0
44777,0.932854,0,0
44778,0.932875,0,0
44779,0.932896,0,0
44780,0.932917,0,0
44781,0.932938,0,0
44782,0.932958,0,0
44783,0.932979,0,0
44784,0.933,0,0
44785,0.933021,0,0
44786,0.933042,0,0
44787,0.933062,0,0
44788,0.933083,0,0
44789,0.933104,0,0
44790,0.933125,0,0
44791,0.933146,0,0
44792,0.933167,0,0
44793,0.933187,0,0
44794,0.933208,0,0
44795,0.933229,0,0
44796,0.93325,0,0
44797,0.933271,0,0
44798,0.933292,0,0
44799,0.933312,0,0
44800,0.933333,0,0
44801,0.933354,0,0
44802,0.933375,0,0
44803,0.933396,0,0
44804,0.933417,0,0
44805,0.933438,0,0
44806,0.933458,0,0
44807,0.933479,0,0
44808,0.9335,0,0
44809,0.933521,0,0
44810,0.933542,0,0
44811,0.933563,0,0
44812,0.933583,0,0
44813,0.933604,0,0
44814,0.933625,0,0
44815,0.933646,0,0
44816,0.933667,0,0
44817,0.933688,0,0
44818,0.933708,0,0
44819,0.933729,0,0
44820,0.93375,0,0
44821,0.933771,0,0
44822,0.933792,0,0
44823,0.933812,0,0
44824,0.933833,0,0
44825,0.933854,0,0
44826,0.933875,0,0
44827,0.933896,0,0
44828,0.933917,0,0
44829,0.933937,0,0
44830,0.933958,0,0
44831,0.933979,0,0
44832,0.934,0,0
44833,0.934021,0,0
44834,0.934042,0,0
44835,0.934062,0,0
44836,0.934083,0,0
44837,0.934104,0,0
44838,0.934125,0,0
44839,0.934146,0,0
44840,0.934167,0,0
44841,0.934187,0,0
44842,0.934208,0,0
44843,0.934229,0,0
44844,0.93425,0,0
44845,0.934271,0,0
44846,0.934292,0,0
44847,0.934313,0,0
44848,0.934333,0,0
44849,0.934354,0,0
44850,0.934375,0,0
44851,0.934396,0,0
44852,0.934417,0,0
44853,0.934438,0,0
44854,0.934458,0,0
44855,0.934479,0,0
44856,0.9345,0,0
44857,0.934521,0,0
44858,0.934542,0,0
44859,0.934563,0,0
44860,0.934583,0,0
44861,0.934604,0,0
44862,0.934625,0,0
44863,0.934646,0,0
44864,0.934667,0,0
44865,0.934687,0,0
44866,0.934708,0,0
44867,0.934729,0,0
44868,0.93475,0,0
44869,0.934771,0,0
44870,0.934792,0,0
44871,0.934812,0,0
44872,0.934833,0,0
44873,0.934854,0,0
44874,0.934875,0,0
44875,0.934896,0,0
44876,0.934917,0,0
44877,0.934937,0,0
44878,0.934958,0,0
44879,0.934979,0,0
44880,0.935,0,0
44881,0.935021,0,0
44882,0.935042,0,0
44883,0.935063,0,0
44884,0.935083,0,0
44885,0.935104,0,0
44886,0.935125,0,0
44887,0.935146,0,0
44888,0.935167,0,0
44889,0.935188,0,0
44890,0.935208,0,0
44891,0.935229,0,0
44892,0.93525,0,0
44893,0.935271,0,0
44894,0.935292,0,0
44895,0.935313,0,0
44896,0.935333,0,0
44897,0.935354,0,0
44898,0.935375,0,0
44899,0.935396,0,0
44900,0.935417,0,0
44901,0.935438,0,0
44902,0.935458,0,0
44903,0.935479,0,0
44904,0.9355,0,0
44905,0.935521,0,0
44906,0.935542,0,0
44907,0.935562,0,0
44908,0.935583,0,0
44909,0.935604,0,0
44910,0.935625,0,0
44911,0.935646,0,0
44912,0.935667,0,0
44913,0.935687,0,0
44914,0.935708,0,0
44915,0.935729,0,0
44916,0.93575,0,0
44917,0.935771,0,0
44918,0.935792,0,0
44919,0.935812,0,0
44920,0.935833,0,0
44921,0.935854,0,0
44922,0.935875,0,0
44923,0.935896,0,0
44924,0.935917,0,0
44925,0.935938,0,0
44926,0.935958,0,0
44927,0.935979,0,0
44928,0.936,0,0
44929,0.936021,0,0
44930,0.936042,0,0
44931,0.936063,0,0
44932,0.936083,0,0
44933,0.936104,0,0
44934,0.936125,0,0
44935,0.936146,0,0
44936,0.936167,0,0
44937,0.936188,0,0
44938,0.936208,0,0
44939,0.936229,0,0
44940,0.93625,0,0
44941,0.936271,0,0
44942,0.936292,0,0
44943,0.936312,0,0
44944,0.936333,0,0
44945,0.936354,0,0
44946,0.936375,0,0
44947,0.936396,0,0
44948,0.936417,0,0
44949,0.936437,0,0
44950,0.936458,0,0
44951,0.936479,0,0
44952,0.9365,0,0
44953,0.936521,0,0
44954,0.936542,0,0
44955,0.936562,0,0
44956,0.936583,0,0
44957,0.936604,0,0
44958,0.936625,0,0
44959,0.936646,0,0
44960,0.936667,0,0
44961,0.936688,0,0
44962,0.936708,0,0
44963,0.936729,0,0
44964,0.93675,0,0
44965,0.936771,0,0
44966,0.936792,0,0
44967,0.936813,0,0
44968,0.936833,0,0
44969,0.936854,0,0
44970,0.936875,0,0
44971,0.936896,0,0
44972,0.936917,0,0
44973,0.936938,0,0
44974,0.936958,0,0
44975,0.936979,0,0
44976,0.937,0,0
44977,0.937021,0,0
44978,0.937042,0,0
44979,0.937063,0,0
44980,0.937083,0,0
44981,0.937104,0,0
44982,0.937125,0,0
44983,0.937146,0,0
44984,0.937167,0,0
44985,0.937187,0,0
44986,0.937208,0,0
44987,0.937229,0,0
44988,0.93725,0,0
44989,0.937271,0,0
44990,0.937292,0,0
44991,0.937312,0,0
44992,0.937333,0,0
44993,0.937354,0,0
44994,0.937375,0,0
44995,0.937396,0,0
44996,0.937417,0,0
44997,0.937437,0,0
44998,0.937458,0,0
44999,0.937479,0,0
45000,0.9375,0,0
45001,0.937521,0,0
45002,0.937542,0,0
45003,0.937563,0,0
45004,0.937583,0,0
45005,0.937604,0,0
45006,0.937625,0,0
45007,0.937646,0,0
45008,0.937667,0,0
45009,0.937688,0,0
45010,0.937708,0,0
45011,0.937729,0,0
45012,0.93775,0,0
45013,0.937771,0,0
45014,0.937792,0,0
45015,0.937813,0,0
45016,0.937833,0,0
45017,0.937854,0,0
45018,0.937875,0,0
45019,0.937896,0,0
45020,0.937917,0,0
45021,0.937937,0,0
45022,0.937958,0,0
45023,0.937979,0,0
45024,0.938,0,0
45025,0.938021,0,0
45026,0.938042,0,0
45027,0.938062,0,0
45028,0.938083,0,0
45029,0.938104,0,0
45030,0.938125,0,0
45031,0.938146,0,0
45032,0.938167,0,0
45033,0.938187,0,0
45034,0.938208,0,0
45035,0.938229,0,0
45036,0.93825,0,0
45037,0.938271,0,0
45038,0.938292,0,0
45039,0.938312,0,0
45040,0.938333,0,0
45041,0.938354,0,0
45042,0.938375,0,0
45043,0.938396,0,0
45044,0.938417,0,0
45045,0.938438,0,0
45046,0.938458,0,0
45047,0.938479,0,0
45048,0.9385,0,0
45049,0.938521,0,0
45050,0.938542,0,0
45051,0.938563,0,0
45052,0.938583,0,0
45053,0.938604,0,0
45054,0.938625,0,0
45055,0.938646,0,0
45056,0.938667,0,0
45057,0.938688,0,0
45058,0.938708,0,0
45059,0.938729,0,0
45060,0.93875,0,0
45061,0.938771,0,0
45062,0.938792,0,0
45063,0.938812,0,0
45064,0.938833,0,0
45065,0.938854,0,0
45066,0.938875,0,0
45067,0.938896,0,0
45068,0.938917,0,0
45069,0.938937,0,0
45070,0.938958,0,0
45071,0.938979,0,0
45072,0.939,0,0
45073,0.939021,0,0
45074,0.939042,0,0
45075,0.939062,0,0
45076,0.939083,0,0
45077,0.939104,0,0
45078,0.939125,0,0
45079,0.939146,0,0
45080,0.939167,0,0
45081,0.939188,0,0
45082,0.939208,0,0
45083,0.939229,0,0
45084,0.93925,0,0
45085,0.939271,0,0
45086,0.939292,0,0
45087,0.939313,0,0
45088,0.939333,0,0
45089,0.939354,0,0
45090,0.939375,0,0
45091,0.939396,0,0
45092,0.939417,0,0
45093,0.939438,0,0
45094,0.939458,0,0
45095,0.939479,0,0
45096,0.9395,0,0
45097,0.939521,0,0
45098,0.939542,0,0
45099,0.939562,0,0
45100,0.939583,0,0
45101,0.939604,0,0
45102,0.939625,0,0
45103,0.939646,0,0
45104,0.939667,0,0
45105,0.939687,0,0
45106,0.939708,0,0
45107,0.939729,0,0
45108,0.93975,0,0
45109,0.939771,0,0
45110,0.939792,0,0
45111,0.939812,0,0
45112,0.939833,0,0
45113,0.939854,0,0
45114,0.939875,0,0
45115,0.939896,0,0
45116,0.939917,0,0
45117,0.939937,0,0
45118,0.939958,0,0
45119,0.939979,0,0
45120,0.94,0,0
45121,0.940021,0,0
45122,0.940042,0,0
45123,0.940063,0,0
45124,0.940083,0,0
45125,0.940104,0,0
45126,0.940125,0,0
45127,0.940146,0,0
45128,0.940167,0,0
45129,0.940188,0,0
45130,0.940208,0,0
45131,0.940229,0,0
45132,0.94025,0,0
45133,0.940271,0,0
45134,0.940292,0,0
45135,0.940313,0,0
45136,0.940333,0,0
45137,0.940354,0,0
45138,0.940375,0,0
45139,0.940396,0,0
45140,0.940417,0,0
45141,0.940437,0,0
45142,0.940458,0,0
45143,0.940479,0,0
45144,0.9405,0,0
45145,0.940521,0,0
45146,0.940542,0,0
45147,0.940562,0,0
45148,0.940583,0,0
45149,0.940604,0,0
45150,0.940625,0,0
45151,0.940646,0,0
45152,0.940667,0,0
45153,0.940687,0,0
45154,0.940708,0,0
45155,0.940729,0,0
45156,0.94075,0,0
45157,0.940771,0,0
45158,0.940792,0,0
45159,0.940813,0,0
45160,0.940833,0,0
45161,0.940854,0,0
45162,0.940875,0,0
45163,0.940896,0,0
45164,0.940917,0,0
45165,0.940938,0,0
45166,0.940958,0,0
45167,0.940979,0,0
45168,0.941,0,0
45169,0.941021,0,0
45170,0.941042,0,0
45171,0.941063,0,0
45172,0.941083,0,0
45173,0.941104,0,0
45174,0.941125,0,0
45175,0.941146,0,0
45176,0.941167,0,0
45177,0.941188,0,0
45178,0.941208,0,0
45179,0.941229,0,0
45180,0.94125,0,0
45181,0.941271,0,0
45182,0.941292,0,0
45183,0.941312,0,0
45184,0.941333,0,0
45185,0.941354,0,0
45186,0.941375,0,0
45187,0.941396,0,0
45188,0.941417,0,0
45189,0.941437,0,0
45190,0.941458,0,0
45191,0.941479,0,0
45192,0.9415,0,0
45193,0.941521,0,0
45194,0.941542,0,0
45195,0.941562,0,0
45196,0.941583,0,0
45197,0.941604,0,0
45198,0.941625,0,0
45199,0.941646,0,0
45200,0.941667,0,0
45201,0.941688,0,0
45202,0.941708,0,0
45203,0.941729,0,0
45204,0.94175,0,0
45205,0.941771,0,0
45206,0.941792,0,0
45207,0.941813,0,0
45208,0.941833,0,0
45209,0.941854,0,0
45210,0.941875,0,0
45211,0.941896,0,0
45212,0.941917,0,0
45213,0.941938,0,0
45214,0.941958,0,0
45215,0.941979,0,0
45216,0.942,0,0
45217,0.942021,0,0
45218,0.942042,0,0
45219,0.942062,0,0
45220,0.942083,0,0
45221,0.942104,0,0
45222,0.942125,0,0
45223,0.942146,0,0
45224,0.942167,0,0
45225,0.942187,0,0
45226,0.942208,0,0
45227,0.942229,0,0
45228,0.94225,0,0
45229,0.942271,0,0
45230,0.942292,0,0
45231,0.942312,0,0
45232,0.942333,0,0
45233,0.942354,0,0
45234,0.942375,0,0
45235,0.942396,0,0
45236,0.942417,0,0
45237,0.942438,0,0
45238,0.942458,0,0
45239,0.942479,0,0
45240,0.9425,0,0
45241,0.942521,0,0
45242,0.942542,0,0
45243,0.942563,0,0
45244,0.942583,0,0
45245,0.942604,0,0
45246,0.942625,0,0
45247,0.942646,0,0
45248,0.942667,0,0
45249,0.942688,0,0
45250,0.942708,0,0
45251,0.942729,0,0
45252,0.94275,0,0
45253,0.942771,0,0
45254,0.942792,0,0
45255,0.942813,0,0
45256,0.942833,0,0
45257,0.942854,0,0
45258,0.942875,0,0
45259,0.942896,0,0
45260,0.942917,0,0
45261,0.942937,0,0
45262,0.942958,0,0
45263,0.942979,0,0
45264,0.943,0,0
45265,0.943021,0,0
45266,0.943042,0,0
45267,0.943062,0,0
45268,0.943083,0,0
45269,0.943104,0,0
45270,0.943125,0,0
45271,0.943146,0,0
45272,0.943167,0,0
45273,0.943187,0,0
45274,0.943208,0,0
45275,0.943229,0,0
45276,0.94325,0,0
45277,0.943271,0,0
45278,0.943292,0,0
45279,0.943313,0,0
45280,0.943333,0,0
45281,0.943354,0,0
45282,0.943375,0,0
45283,0.943396,0,0
45284,0.943417,0,0
45285,0.943438,0,0
45286,0.943458,0,0
45287,0.943479,0,0
45288,0.9435,0,0
45289,0.943521,0,0
45290,0.943542,0,0
45291,0.943563,0,0
45292,0.943583,0,0
45293,0.943604,0,0
45294,0.943625,0,0
45295,0.943646,0,0
45296,0.943667,0,0
45297,0.943687,0,0
45298,0.943708,0,0
45299,0.943729,0,0
45300,0.94375,0,0
45301,0.943771,0,0
45302,0.943792,0,0
45303,0.943812,0,0
45304,0.943833,0,0
45305,0.943854,0,0
45306,0.943875,0,0
45307,0.943896,0,0
45308,0.943917,0,0
45309,0.943937,0,0
45310,0.943958,0,0
45311,0.943979,0,0
45312,0.944,0,0
45313,0.944021,0,0
45314,0.944042,0,0
45315,0.944062,0,0
45316,0.944083,0,0
45317,0.944104,0,0
45318,0.944125,0,0
45319,0.944146,0,0
45320,0.944167,0,0
45321,0.944188,0,0
45322,0.944208,0,0
45323,0.944229,0,0
45324,0.94425,0,0
45325,0.944271,0,0
45326,0.944292,0,0
45327,0.944313,0,0
45328,0.944333,0,0
45329,0.944354,0,0
45330,0.944375,0,0
45331,0.944396,0,0
45332,0.944417,0,0
45333,0.944438,0,0
45334,0.944458,0,0
45335,0.944479,0,0
45336,0.9445,0,0
45337,0.944521,0,0
45338,0.944542,0,0
45339,0.944562,0,0
45340,0.944583,0,0
45341,0.944604,0,0
45342,0.944625,0,0
45343,0.944646,0,0
45344,0.944667,0,0
45345,0.944687,0,0
45346,0.944708,0,0
45347,0.944729,0,0
45348,0.94475,0,0
45349,0.944771,0,0
45350,0.944792,0,0
45351,0.944812,0,0
45352,0.944833,0,0
45353,0.944854,0,0
45354,0.944875,0,0
45355,0.944896,0,0
45356,0.944917,0,0
45357,0.944938,0,0
45358,0.944958,0,0
45359,0.944979,0,0
45360,0.945,0,0
45361,0.945021,0,0
45362,0.945042,0,0
45363,0.945063,0,0
45364,0.945083,0,0
45365,0.945104,0,0
45366,0.945125,0,0
45367,0.945146,0,0
45368,0.945167,0,0
45369,0.945188,0,0
45370,0.945208,0,0
45371,0.945229,0,0
45372,0.94525,0,0
45373,0.945271,0,0
45374,0.945292,0,0
45375,0.945312,0,0
45376,0.945333,0,0
45377,0.945354,0,0
45378,0.945375,0,0
45379,0.945396,0,0
45380,0.945417,0,0
45381,0.945437,0,0
45382,0.945458,0,0
45383,0.945479,0,0
45384,0.9455,0,0
45385,0.945521,0,0
45386,0.945542,0,0
45387,0.945562,0,0
45388,0.945583,0,0
45389,0.945604,0,0
45390,0.945625,0,0
45391,0.945646,0,0
45392,0.945667,0,0
45393,0.945687,0,0
45394,0.945708,0,0
45395,0.945729,0,0
45396,0.94575,0,0
45397,0.945771,0,0
45398,0.945792,0,0
45399,0.945813,0,0
45400,0.945833,0,0
45401,0.945854,0,0
45402,0.945875,0,0
45403,0.945896,0,0
45404,0.945917,0,0
45405,0.945938,0,0
45406,0.945958,0,0
45407,0.945979,0,0
45408,0.946,0,0
45409,0.946021,0,0
45410,0.946042,0,0
45411,0.946063,0,0
45412,0.946083,0,0
45413,0.946104,0,0
45414,0.946125,0,0
45415,0.946146,0,0
45416,0.946167,0,0
45417,0.946187,0,0
45418,0.946208,0,0
45419,0.946229,0,0
45420,0.94625,0,0
45421,0.946271,0,0
45422,0.946292,0,0
45423,0.946312,0,0
45424,0.946333,0,0
45425,0.946354,0,0
45426,0.946375,0,0
45427,0.946396,0,0
45428,0.946417,0,0
45429,0.946437,0,0
45430,0.946458,0,0
45431,0.946479,0,0
45432,0.9465,0,0
45433,0.946521,0,0
45434,0.946542,0,0
45435,0.946563,0,0
45436,0.946583,0,0
45437,0.946604,0,0
45438,0.946625,0,0
45439,0.946646,0,0
45440,0.946667,0,0
45441,0.946688,0,0
45442,0.946708,0,0
45443,0.946729,0,0
45444,0.94675,0,0
45445,0.946771,0,0
45446,0.946792,0,0
45447,0.946813,0,0
45448,0.946833,0,0
45449,0.946854,0,0
45450,0.946875,0,0
45451,0.946896,0,0
45452,0.946917,0,0
45453,0.946938,0,0
45454,0.946958,0,0
45455,0.946979,0,0
45456,0.947,0,0
45457,0.947021,0,0
45458,0.947042,0,0
45459,0.947062,0,0
45460,0.947083,0,0
45461,0.947104,0,0
45462,0.947125,0,0
45463,0.947146,0,0
45464,0.947167,0,0
45465,0.947187,0,0
45466,0.947208,0,0
45467,0.947229,0,0
45468,0.94725,0,0
45469,0.947271,0,0
45470,0.947292,0,0
45471,0.947312,0,0
45472,0.947333,0,0
45473,0.947354,0,0
45474,0.947375,0,0
45475,0.947396,0,0
45476,0.947417,0,0
45477,0.947438,0,0
45478,0.947458,0,0
45479,0.947479,0,0
45480,0.9475,0,0
45481,0.947521,0,0
45482,0.947542,0,0
45483,0.947563,0,0
45484,0.947583,0,0
45485,0.947604,0,0
45486,0.947625,0,0
45487,0.947646,0,0
45488,0.947667,0,0
45489,0.947688,0,0
45490,0.947708,0,0
45491,0.947729,0,0
45492,0.94775,0,0
45493,0.947771,0,0
45494,0.947792,0,0
45495,0.947812,0,0
45496,0.947833,0,0
45497,0.947854,0,0
45498,0.947875,0,0
45499,0.947896,0,0
45500,0.947917,0,0
45501,0.947937,0,0
45502,0.947958,0,0
45503,0.947979,0,0
45504,0.948,0,0
45505,0.948021,0,0
45506,0.948042,0,0
45507,0.948062,0,0
45508,0.948083,0,0
45509,0.948104,0,0
45510,0.948125,0,0
45511,0.948146,0,0
45512,0.948167,0,0
45513,0.948187,0,0
45514,0.948208,0,0
45515,0.948229,0,0
45516,0.94825,0,0
45517,0.948271,0,0
45518,0.948292,0,0
45519,0.948313,0,0
45520,0.948333,0,0
45521,0.948354,0,0
45522,0.948375,0,0
45523,0.948396,0,0
45524,0.948417,0,0
45525,0.948438,0,0
45526,0.948458,0,0
45527,0.948479,0,0
45528,0.9485,0,0
45529,0.948521,0,0
45530,0.948542,0,0
45531,0.948563,0,0
45532,0.948583,0,0
45533,0.948604,0,0
45534,0.948625,0,0
45535,0.948646,0,0
45536,0.948667,0,0
45537,0.948687,0,0
45538,0.948708,0,0
45539,0.948729,0,0
45540,0.94875,0,0
45541,0.948771,0,0
45542,0.948792,0,0
45543,0.948812,0,0
45544,0.948833,0,0
45545,0.948854,0,0
45546,0.948875,0,0
45547,0.948896,0,0
45548,0.948917,0,0
45549,0.948937,0,0
45550,0.948958,0,0
45551,0.948979,0,0
45552,0.949,0,0
45553,0.949021,0,0
45554,0.949042,0,0
45555,0.949063,0,0
45556,0.949083,0,0
45557,0.949104,0,0
45558,0.949125,0,0
45559,0.949146,0,0
45560,0.949167,0,0
45561,0.949188,0,0
45562,0.949208,0,0
45563,0.949229,0,0
45564,0.94925,0,0
45565,0.949271,0,0
45566,0.949292,0,0
45567,0.949313,0,0
45568,0.949333,0,0
45569,0.949354,0,0
45570,0.949375,0,0
45571,0.949396,0,0
45572,0.949417,0,0
45573,0.949437,0,0
45574,0.949458,0,0
45575,0.949479,0,0
45576,0.9495,0,0
45577,0.949521,0,0
45578,0.949542,0,0
45579,0.949562,0,0
45580,0.949583,0,0
45581,0.949604,0,0
45582,0.949625,0,0
45583,0.949646,0,0
45584,0.949667,0,0
45585,0.949687,0,0
45586,0.949708,0,0
45587,0.949729,0,0
45588,0.94975,0,0
45589,0.949771,0,0
45590,0.949792,0,0
45591,0.949812,0,0
45592,0.949833,0,0
45593,0.949854,0,0
45594,0.949875,0,0
45595,0.949896,0,0
45596,0.949917,0,0
45597,0.949938,0,0
45598,0.949958,0,0
45599,0.949979,0,0
45600,0.95,0,0
45601,0.950021,0,0
45602,0.950042,0,0
45603,0.950063,0,0
45604,0.950083,0,0
45605,0.950104,0,0
45606,0.950125,0,0
45607,0.950146,0,0
45608,0.950167,0,0
45609,0.950188,0,0
45610,0.950208,0,0
45611,0.950229,0,0
45612,0.95025,0,0
45613,0.950271,0,0
45614,0.950292,0,0
45615,0.950312,0,0
45616,0.950333,0,0
45617,0.950354,0,0
45618,0.950375,0,0
45619,0.950396,0,0
45620,0.950417,0,0
45621,0.950437,0,0
45622,0.950458,0,0
45623,0.950479,0,0
45624,0.9505,0,0
45625,0.950521,0,0
45626,0.950542,0,0
45627,0.950562,0,0
45628,0.950583,0,0
45629,0.950604,0,0
45630,0.950625,0,0
45631,0.950646,0,0
45632,0.950667,0,0
45633,0.950688,0,0
45634,0.950708,0,0
45635,0.950729,0,0
45636,0.95075,0,0
45637,0.950771,0,0
45638,0.950792,0,0
45639,0.950813,0,0
45640,0.950833,0,0
45641,0.950854,0,0
45642,0.950875,0,0
45643,0.950896,0,0
45644,0.950917,0,0
45645,0.950938,0,0
45646,0.950958,0,0
45647,0.950979,0,0
45648,0.951,0,0
45649,0.951021,0,0
45650,0.951042,0,0
45651,0.951063,0,0
45652,0.951083,0,0
45653,0.951104,0,0
45654,0.951125,0,0
45655,0.951146,0,0
45656,0.951167,0,0
45657,0.951187,0,0
45658,0.951208,0,0
45659,0.951229,0,0
45660,0.95125,0,0
45661,0.951271,0,0
45662,0.951292,0,0
45663,0.951312,0,0
45664,0.951333,0,0
45665,0.951354,0,0
45666,0.951375,0,0
45667,0.951396,0,0
45668,0.951417,0,0
45669,0.951437,0,0
45670,0.951458,0,0
45671,0.951479,0,0
45672,0.9515,0,0
45673,0.951521,0,0
45674,0.951542,0,0
45675,0.951563,0,0
45676,0.951583,0,0
45677,0.951604,0,0
45678,0.951625,0,0
45679,0.951646,0,0
45680,0.951667,0,0
45681,0.951688,0,0
45682,0.951708,0,0
45683,0.951729,0,0
45684,0.95175,0,0
45685,0.951771,0,0
45686,0.951792,0,0
45687,0.951813,0,0
45688,0.951833,0,0
45689,0.951854,0,0
45690,0.951875,0,0
45691,0.951896,0,0
45692,0.951917,0,0
45693,0.951937,0,0
45694,0.951958,0,0
45695,0.951979,0,0
45696,0.952,0,0
45697,0.952021,0,0
45698,0.952042,0,0
45699,0.952062,0,0
45700,0.952083,0,0
45701,0.952104,0,0
45702,0.952125,0,0
45703,0.952146,0,0
45704,0.952167,0,0
45705,0.952187,0,0
45706,0.952208,0,0
45707,0.952229,0,0
45708,0.95225,0,0
45709,0.952271,0,0
45710,0.952292,0,0
45711,0.952313,0,0
45712,0.952333,0,0
45713,0.952354,0,0
45714,0.952375,0,0
45715,0.952396,0,0
45716,0.952417,0,0
45717,0.952438,0,0
45718,0.952458,0,0
45719,0.952479,0,0
45720,0.9525,0,0
45721,0.952521,0,0
45722,0.952542,0,0
45723,0.952563,0,0
45724,0.952583,0,0
45725,0.952604,0,0
45726,0.952625,0,0
45727,0.952646,0,0
45728,0.952667,0,0
45729,0.952688,0,0
45730,0.952708,0,0
45731,0.952729,0,0
45732,0.95275,0,0
45733,0.952771,0,0
45734,0.952792,0,0
45735,0.952812,0,0
45736,0.952833,0,0
45737,0.952854,0,0
45738,0.952875,0,0
45739,0.952896,0,0
45740,0.952917,0,0
45741,0.952937,0,0
45742,0.952958,0,0
45743,0.952979,0,0
45744,0.953,0,0
45745,0.953021,0,0
45746,0.953042,0,0
45747,0.953062,0,0
45748,0.953083,0,0
45749,0.953104,0,0
45750,0.953125,0,0
45751,0.953146,0,0
45752,0.953167,0,0
45753,0.953188,0,0
45754,0.953208,0,0
45755,0.953229,0,0
45756,0.95325,0,0
45757,0.953271,0,0
45758,0.953292,0,0
45759,0.953313,0,0
45760,0.953333,0,0
45761,0.953354,0,0
45762,0.953375,0,0
45763,0.953396,0,0
45764,0.953417,0,0
45765,0.953438,0,0
45766,0.953458,0,0
45767,0.953479,0,0
45768,0.9535,0,0
45769,0.953521,0,0
45770,0.953542,0,0
45771,0.953562,0,0
45772,0.953583,0,0
45773,0.953604,0,0
45774,0.953625,0,0
45775,0.953646,0,0
45776,0.953667,0,0
45777,0.953687,0,0
45778,0.953708,0,0
45779,0.953729,0,0
45780,0.95375,0,0
45781,0.953771,0,0
45782,0.953792,0,0
45783,0.953812,0,0
45784,0.953833,0,0
45785,0.953854,0,0
45786,0.953875,0,0
45787,0.953896,0,0
45788,0.953917,0,0
45789,0.953937,0,0
45790,0.953958,0,0
45791,0.953979,0,0
45792,0.954,0,0
45793,0.954021,0,0
45794,0.954042,0,0
45795,0.954063,0,0
45796,0.954083,0,0
45797,0.954104,0,0
45798,0.954125,0,0
45799,0.954146,0,0
45800,0.954167,0,0
45801,0.954188,0,0
45802,0.954208,0,0
45803,0.954229,0,0
45804,0.95425,0,0
45805,0.954271,0,0
45806,0.954292,0,0
45807,0.954313,0,0
45808,0.954333,0,0
45809,0.954354,0,0
45810,0.954375,0,0
45811,0.954396,0,0
45812,0.954417,0,0
45813,0.954437,0,0
45814,0.954458,0,0
45815,0.954479,0,0
45816,0.9545,0,0
45817,0.954521,0,0
45818,0.954542,0,0
45819,0.954562,0,0
45820,0.954583,0,0
45821,0.954604,0,0
45822,0.954625,0,0
45823,0.954646,0,0
45824,0.954667,0,0
45825,0.954687,0,0
45826,0.954708,0,0
45827,0.954729,0,0
45828,0.95475,0,0
45829,0.954771,0,0
45830,0.954792,0,0
45831,0.954813,0,0
45832,0.954833,0,0
45833,0.954854,0,0
45834,0.954875,0,0
45835,0.954896,0,0
45836,0.954917,0,0
45837,0.954938,0,0
45838,0.954958,0,0
45839,0.954979,0,0
45840,0.955,0,0
45841,0.955021,0,0
45842,0.955042,0,0
45843,0.955063,0,0
45844,0.955083,0,0
45845,0.955104,0,0
45846,0.955125,0,0
45847,0.955146,0,0
45848,0.955167,0,0
45849,0.955187,0,0
45850,0.955208,0,0
45851,0.955229,0,0
45852,0.95525,0,0
45853,0.955271,0,0
45854,0.955292,0,0
45855,0.955312,0,0
45856,0.955333,0,0
45857,0.955354,0,0
45858,0.955375,0,0
45859,0.955396,0,0
45860,0.955417,0,0
45861,0.955437,0,0
45862,0.955458,0,0
45863,0.955479,0,0
45864,0.9555,0,0
45865,0.955521,0,0
45866,0.955542,0,0
45867,0.955562,0,0
45868,0.955583,0,0
45869,0.955604,0,0
45870,0.955625,0,0
45871,0.955646,0,0
45872,0.955667,0,0
45873,0.955688,0,0
45874,0.955708,0,0
45875,0.955729,0,0
45876,0.95575,0,0
45877,0.955771,0,0
45878,0.955792,0,0
45879,0.955813,0,0
45880,0.955833,0,0
45881,0.955854,0,0
45882,0.955875,0,0
45883,0.955896,0,0
45884,0.955917,0,0
45885,0.955938,0,0
45886,0.955958,0,0
45887,0.955979,0,0
45888,0.956,0,0
45889,0.956021,0,0
45890,0.956042,0,0
45891,0.956062,0,0
45892,0.956083,0,0
45893,0.956104,0,0
45894,0.956125,0,0
45895,0.956146,0,0
45896,0.956167,0,0
45897,0.956187,0,0
45898,0.956208,0,0
45899,0.956229,0,0
45900,0.95625,0,0
45901,0.956271,0,0
45902,0.956292,0,0
45903,0.956312,0,0
45904,0.956333,0,0
45905,0.956354,0,0
45906,0.956375,0,0
45907,0.956396,0,0
45908,0.956417,0,0
45909,0.956438,0,0
45910,0.956458,0,0
45911,0.956479,0,0
45912,0.9565,0,0
45913,0.956521,0,0
45914,0.956542,0,0
45915,0.956563,0,0
45916,0.956583,0,0
45917,0.956604,0,0
45918,0.956625,0,0
45919,0.956646,0,0
45920,0.956667,0,0
45921,0.956688,0,0
45922,0.956708,0,0
45923,0.956729,0,0
45924,0.95675,0,0
45925,0.956771,0,0
45926,0.956792,0,0
45927,0.956813,0,0
45928,0.956833,0,0
45929,0.956854,0,0
45930,0.956875,0,0
45931,0.956896,0,0
45932,0.956917,0,0
45933,0.956937,0,0
45934,0.956958,0,0
45935,0.956979,0,0
45936,0.957,0,0
45937,0.957021,0,0
45938,0.957042,0,0
45939,0.957062,0,0
45940,0.957083,0,0
45941,0.957104,0,0
45942,0.957125,0,0
45943,0.957146,0,0
45944,0.957167,0,0
45945,0.957187,0,0
45946,0.957208,0,0
45947,0.957229,0,0
45948,0.95725,0,0
45949,0.957271,0,0
45950,0.957292,0,0
45951,0.957313,0,0
45952,0.957333,0,0
45953,0.957354,0,0
45954,0.957375,0,0
45955,0.957396,0,0
45956,0.957417,0,0
45957,0.957438,0,0
45958,0.957458,0,0
45959,0.957479,0,0
45960,0.9575,0,0
45961,0.957521,0,0
45962,0.957542,0,0
45963,0.957563,0,0
45964,0.957583,0,0
45965,0.957604,0,0
45966,0.957625,0,0
45967,0.957646,0,0
45968,0.957667,0,0
45969,0.957687,0,0
45970,0.957708,0,0
45971,0.957729,0,0
45972,0.95775,0,0
45973,0.957771,0,0
45974,0.957792,0,0
45975,0.957812,0,0
45976,0.957833,0,0
45977,0.957854,0,0
45978,0.957875,0,0
45979,0.957896,0,0
45980,0.957917,0,0
45981,0.957937,0,0
45982,0.957958,0,0
45983,0.957979,0,0
45984,0.958,0,0
45985,0.958021,0,0
45986,0.958042,0,0
45987,0.958063,0,0
45988,0.958083,0,0
45989,0.958104,0,0
45990,0.958125,0,0
45991,0.958146,0,0
45992,0.958167,0,0
45993,0.958188,0,0
45994,0.958208,0,0
45995,0.958229,0,0
45996,0.95825,0,0
45997,0.958271,0,0
45998,0.958292,0,0
45999,0.958313,0,0
46000,0.958333,0,0
46001,0.958354,0,0
46002,0.958375,0,0
46003,0.958396,0,0
46004,0.958417,0,0
46005,0.958438,0,0
46006,0.958458,0,0
46007,0.958479,0,0
46008,0.9585,0,0
46009,0.958521,0,0
46010,0.958542,0,0
46011,0.958562,0,0
46012,0.958583,0,0
46013,0.958604,0,0
46014,0.958625,0,0
46015,0.958646,0,0
46016,0.958667,0,0
46017,0.958687,0,0
46018,0.958708,0,0
46019,0.958729,0,0
46020,0.95875,0,0
46021,0.958771,0,0
46022,0.958792,0,0
46023,0.958812,0,0
46024,0.958833,0,0
46025,0.958854,0,0
46026,0.958875,0,0
46027,0.958896,0,0
46028,0.958917,0,0
46029,0.958938,0,0
46030,0.958958,0,0
46031,0.958979,0,0
46032,0.959,0,0
46033,0.959021,0,0
46034,0.959042,0,0
46035,0.959063,0,0
46036,0.959083,0,0
46037,0.959104,0,0
46038,0.959125,0,0
46039,0.959146,0,0
46040,0.959167,0,0
46041,0.959188,0,0
46042,0.959208,0,0
46043,0.959229,0,0
46044,0.95925,0,0
46045,0.959271,0,0
46046,0.959292,0,0
46047,0.959312,0,0
46048,0.959333,0,0
46049,0.959354,0,0
46050,0.959375,0,0
46051,0.959396,0,0
46052,0.959417,0,0
46053,0.959437,0,0
46054,0.959458,0,0
46055,0.959479,0,0
46056,0.9595,0,0
46057,0.959521,0,0
46058,0.959542,0,0
46059,0.959562,0,0
46060,0.959583,0,0
46061,0.959604,0,0
46062,0.959625,0,0
46063,0.959646,0,0
46064,0.959667,0,0
46065,0.959687,0,0
46066,0.959708,0,0
46067,0.959729,0,0
46068,0.95975,0,0
46069,0.959771,0,0
46070,0.959792,0,0
46071,0.959813,0,0
46072,0.959833,0,0
46073,0.959854,0,0
46074,0.959875,0,0
46075,0.959896,0,0
46076,0.959917,0,0
46077,0.959938,0,0
46078,0.959958,0,0
46079,0.959979,0,0
46080,0.96,0,0
46081,0.960021,0,0
46082,0.960042,0,0
46083,0.960063,0,0
46084,0.960083,0,0
46085,0.960104,0,0
46086,0.960125,0,0
46087,0.960146,0,0
46088,0.960167,0,0
46089,0.960187,0,0
46090,0.960208,0,0
46091,0.960229,0,0
46092,0.96025,0,0
46093,0.960271,0,0
46094,0.960292,0,0
46095,0.960312,0,0
46096,0.960333,0,0
46097,0.960354,0,0
46098,0.960375,0,0
46099,0.960396,0,0
46100,0.960417,0,0
46101,0.960437,0,0
46102,0.960458,0,0
46103,0.960479,0,0
46104,0.9605,0,0
46105,0.960521,0,0
46106,0.960542,0,0
46107,0.960563,0,0
46108,0.960583,0,0
46109,0.960604,0,0
46110,0.960625,0,0
46111,0.960646,0,0
46112,0.960667,0,0
46113,0.960688,0,0
46114,0.960708,0,0
46115,0.960729,0,0
46116,0.96075,0,0
46117,0.960771,0,0
46118,0.960792,0,0
46119,0.960813,0,0
46120,0.960833,0,0
46121,0.960854,0,0
46122,0.960875,0,0
46123,0.960896,0,0
46124,0.960917,0,0
46125,0.960938,0,0
46126,0.960958,0,0
46127,0.960979,0,0
46128,0.961,0,0
46129,0.961021,0,0
46130,0.961042,0,0
46131,0.961062,0,0
46132,0.961083,0,0
46133,0.961104,0,0
46134,0.961125,0,0
46135,0.961146,0,0
46136,0.961167,0,0
46137,0.961187,0,0
46138,0.961208,0,0
46139,0.961229,0,0
46140,0.96125,0,0
46141,0.961271,0,0
46142,0.961292,0,0
46143,0.961312,0,0
46144,0.961333,0,0
46145,0.961354,0,0
46146,0.961375,0,0
46147,0.961396,0,0
46148,0.961417,0,0
46149,0.961438,0,0
46150,0.961458,0,0
46151,0.961479,0,0
46152,0.9615,0,0
46153,0.961521,0,0
46154,0.961542,0,0
46155,0.961563,0,0
46156,0.961583,0,0
46157,0.961604,0,0
46158,0.961625,0,0
46159,0.961646,0,0
46160,0.961667,0,0
46161,0.961688,0,0
46162,0.961708,0,0
46163,0.961729,0,0
46164,0.96175,0,0
46165,0.961771,0,0
46166,0.961792,0,0
46167,0.961812,0,0
46168,0.961833,0,0
46169,0.961854,0,0
46170,0.961875,0,0
46171,0.961896,0,0
46172,0.961917,0,0
46173,0.961937,0,0
46174,0.961958,0,0
46175,0.961979,0,0
46176,0.962,0,0
46177,0.962021,0,0
46178,0.962042,0,0
46179,0.962062,0,0
46180,0.962083,0,0
46181,0.962104,0,0
46182,0.962125,0,0
46183,0.962146,0,0
46184,0.962167,0,0
46185,0.962188,0,0
46186,0.962208,0,0
46187,0.962229,0,0
46188,0.96225,0,0
46189,0.962271,0,0
46190,0.962292,0,0
46191,0.962313,0,0
46192,0.962333,0,0
46193,0.962354,0,0
46194,0.962375,0,0
46195,0.962396,0,0
46196,0.962417,0,0
46197,0.962438,0,0
46198,0.962458,0,0
46199,0.962479,0,0
46200,0.9625,0,0
46201,0.962521,0,0
46202,0.962542,0,0
46203,0.962563,0,0
46204,0.962583,0,0
46205,0.962604,0,0
46206,0.962625,0,0
46207,0.962646,0,0
46208,0.962667,0,0
46209,0.962687,0,0
46210,0.962708,0,0
46211,0.962729,0,0
46212,0.96275,0,0
46213,0.962771,0,0
46214,0.962792,0,0
46215,0.962812,0,0
46216,0.962833,0,0
46217,0.962854,0,0
46218,0.962875,0,0
46219,0.962896,0,0
46220,0.962917,0,0
46221,0.962937,0,0
46222,0.962958,0,0
46223,0.962979,0,0
46224,0.963,0,0
46225,0.963021,0,0
46226,0.963042,0,0
46227,0.963063,0,0
46228,0.963083,0,0
46229,0.963104,0,0
46230,0.963125,0,0
46231,0.963146,0,0
46232,0.963167,0,0
46233,0.963188,0,0
46234,0.963208,0,0
46235,0.963229,0,0
46236,0.96325,0,0
46237,0.963271,0,0
46238,0.963292,0,0
46239,0.963313,0,0
46240,0.963333,0,0
46241,0.963354,0,0
46242,0.963375,0,0
46243,0.963396,0,0
46244,0.963417,0,0
46245,0.963437,0,0
46246,0.963458,0,0
46247,0.963479,0,0
46248,0.9635,0,0
46249,0.963521,0,0
46250,0.963542,0,0
46251,0.963562,0,0
46252,0.963583,0,0
46253,0.963604,0,0
46254,0.963625,0,0
46255,0.963646,0,0
46256,0.963667,0,0
46257,0.963687,0,0
46258,0.963708,0,0
46259,0.963729,0,0
46260,0.96375,0,0
46261,0.963771,0,0
46262,0.963792,0,0
46263,0.963812,0,0
46264,0.963833,0,0
46265,0.963854,0,0
46266,0.963875,0,0
46267,0.963896,0,0
46268,0.963917,0,0
46269,0.963938,0,0
46270,0.963958,0,0
46271,0.963979,0,0
46272,0.964,0,0
46273,0.964021,0,0
46274,0.964042,0,0
46275,0.964063,0,0
46276,0.964083,0,0
46277,0.964104,0,0
46278,0.964125,0,0
46279,0.964146,0,0
46280,0.964167,0,0
46281,0.964188,0,0
46282,0.964208,0,0
46283,0.964229,0,0
46284,0.96425,0,0
46285,0.964271,0,0
46286,0.964292,0,0
46287,0.964312,0,0
46288,0.964333,0,0
46289,0.964354,0,0
46290,0.964375,0,0
46291,0.964396,0,0
46292,0.964417,0,0
46293,0.964437,0,0
46294,0.964458,0,0
46295,0.964479,0,0
46296,0.9645,0,0
46297,0.964521,0,0
46298,0.964542,0,0
46299,0.964562,0,0
46300,0.964583,0,0
46301,0.964604,0,0
46302,0.964625,0,0
46303,0.964646,0,0
46304,0.964667,0,0
46305,0.964688,0,0
46306,0.964708,0,0
46307,0.964729,0,0
46308,0.96475,0,0
46309,0.964771,0,0
46310,0.964792,0,0
46311,0.964813,0,0
46312,0.964833,0,0
46313,0.964854,0,0
46314,0.964875,0,0
46315,0.964896,0,0
46316,0.964917,0,0
46317,0.964938,0,0
46318,0.964958,0,0
46319,0.964979,0,0
46320,0.965,0,0
46321,0.965021,0,0
46322,0.965042,0,0
46323,0.965062,0,0
46324,0.965083,0,0
46325,0.965104,0,0
46326,0.965125,0,0
46327,0.965146,0,0
46328,0.965167,0,0
46329,0.965187,0,0
46330,0.965208,0,0
46331,0.965229,0,0
46332,0.96525,0,0
46333,0.965271,0,0
46334,0.965292,0,0
46335,0.965312,0,0
46336,0.965333,0,0
46337,0.965354,0,0
46338,0.965375,0,0
46339,0.965396,0,0
46340,0.965417,0,0
46341,0.965437,0,0
46342,0.965458,0,0
46343,0.965479,0,0
46344,0.9655,0,0
46345,0.965521,0,0
46346,0.965542,0,0
46347,0.965563,0,0
46348,0.965583,0,0
46349,0.965604,0,0
46350,0.965625,0,0
46351,0.965646,0,0
46352,0.965667,0,0
46353,0.965688,0,0
46354,0.965708,0,0
46355,0.965729,0,0
46356,0.96575,0,0
46357,0.965771,0,0
46358,0.965792,0,0
46359,0.965813,0,0
46360,0.965833,0,0
46361,0.965854,0,0
46362,0.965875,0,0
46363,0.965896,0,0
46364,0.965917,0,0
46365,0.965937,0,0
46366,0.965958,0,0
46367,0.965979,0,0
46368,0.966,0,0
46369,0.966021,0,0
46370,0.966042,0,0
46371,0.966062,0,0
46372,0.966083,0,0
46373,0.966104,0,0
46374,0.966125,0,0
46375,0.966146,0,0
46376,0.966167,0,0
46377,0.966187,0,0
46378,0.966208,0,0
46379,0.966229,0,0
46380,0.96625,0,0
46381,0.966271,0,0
46382,0.966292,0,0
46383,0.966313,0,0
46384,0.966333,0,0
46385,0.966354,0,0
46386,0.966375,0,0
46387,0.966396,0,0
46388,0.966417,0,0
46389,0.966438,0,0
46390,0.966458,0,0
46391,0.966479,0,0
46392,0.9665,0,0
46393,0.966521,0,0
46394,0.966542,0,0
46395,0.966563,0,0
46396,0.966583,0,0
46397,0.966604,0,0
46398,0.966625,0,0
46399,0.966646,0,0
46400,0.966667,0,0
46401,0.966688,0,0
46402,0.966708,0,0
46403,0.966729,0,0
46404,0.96675,0,0
46405,0.966771,0,0
46406,0.966792,0,0
46407,0.966812,0,0
46408,0.966833,0,0
46409,0.966854,0,0
46410,0.966875,0,0
46411,0.966896,0,0
46412,0.966917,0,0
46413,0.966937,0,0
46414,0.966958,0,0
46415,0.966979,0,0
46416,0.967,0,0
46417,0.967021,0,0
46418,0.967042,0,0
46419,0.967062,0,0
46420,0.967083,0,0
46421,0.967104,0,0
46422,0.967125,0,0
46423,0.967146,0,0
46424,0.967167,0,0
46425,0.967188,0,0
46426,0.967208,0,0
46427,0.967229,0,0
46428,0.96725,0,0
46429,0.967271,0,0
46430,0.967292,0,0
46431,0.967313,0,0
46432,0.967333,0,0
46433,0.967354,0,0
46434,0.967375,0,0
46435,0.967396,0,0
46436,0.967417,0,0
46437,0.967438,0,0
46438,0.967458,0,0
46439,0.967479,0,0
46440,0.9675,0,0
46441,0.967521,0,0
46442,0.967542,0,0
46443,0.967562,0,0
46444,0.967583,0,0
46445,0.967604,0,0
46446,0.967625,0,0
46447,0.967646,0,0
46448,0.967667,0,0
46449,0.967687,0,0
46450,0.967708,0,0
46451,0.967729,0,0
46452,0.96775,0,0
46453,0.967771,0,0
46454,0.967792,0,0
46455,0.967812,0,0
46456,0.967833,0,0
46457,0.967854,0,0
46458,0.967875,0,0
46459,0.967896,0,0
46460,0.967917,0,0
46461,0.967938,0,0
46462,0.967958,0,0
46463,0.967979,0,0
46464,0.968,0,0
46465,0.968021,0,0
46466,0.968042,0,0
46467,0.968063,0,0
46468,0.968083,0,0
46469,0.968104,0,0
46470,0.968125,0,0
46471,0.968146,0,0
46472,0.968167,0,0
46473,0.968188,0,0
46474,0.968208,0,0
46475,0.968229,0,0
46476,0.96825,0,0
46477,0.968271,0,0
46478,0.968292,0,0
46479,0.968313,0,0
46480,0.968333,0,0
46481,0.968354,0,0
46482,0.968375,0,0
46483,0.968396,0,0
46484,0.968417,0,0
46485,0.968437,0,0
46486,0.968458,0,0
46487,0.968479,0,0
46488,0.9685,0,0
46489,0.968521,0,0
46490,0.968542,0,0
46491,0.968562,0,0
46492,0.968583,0,0
46493,0.968604,0,0
46494,0.968625,0,0
46495,0.968646,0,0
46496,0.968667,0,0
46497,0.968687,0,0
46498,0.968708,0,0
46499,0.968729,0,0
46500,0.96875,0,0
46501,0.968771,0,0
46502,0.968792,0,0
46503,0.968813,0,0
46504,0.968833,0,0
46505,0.968854,0,0
46506,0.968875,0,0
46507,0.968896,0,0
46508,0.968917,0,0
46509,0.968938,0,0
46510,0.968958,0,0
46511,0.968979,0,0
46512,0.969,0,0
46513,0.969021,0,0
46514,0.969042,0,0
46515,0.969063,0,0
46516,0.969083,0,0
46517,0.969104,0,0
46518,0.969125,0,0
46519,0.969146,0,0
46520,0.969167,0,0
46521,0.969187,0,0
46522,0.969208,0,0
46523,0.969229,0,0
46524,0.96925,0,0
46525,0.969271,0,0
46526,0.969292,0,0
46527,0.969312,0,0
46528,0.969333,0,0
46529,0.969354,0,0
46530,0.969375,0,0
46531,0.969396,0,0
46532,0.969417,0,0
46533,0.969437,0,0
46534,0.969458,0,0
46535,0.969479,0,0
46536,0.9695,0,0
46537,0.969521,0,0
46538,0.969542,0,0
46539,0.969562,0,0
46540,0.969583,0,0
46541,0.969604,0,0
46542,0.969625,0,0
46543,0.969646,0,0
46544,0.969667,0,0
46545,0.969688,0,0
46546,0.969708,0,0
46547,0.969729,0,0
46548,0.96975,0,0
46549,0.969771,0,0
46550,0.969792,0,0
46551,0.969813,0,0
46552,0.969833,0,0
46553,0.969854,0,0
46554,0.969875,0,0
46555,0.969896,0,0
46556,0.969917,0,0
46557,0.969938,0,0
46558,0.969958,0,0
46559,0.969979,0,0
46560,0.97,0,0
46561,0.970021,0,0
46562,0.970042,0,0
46563,0.970062,0,0
46564,0.970083,0,0
46565,0.970104,0,0
46566,0.970125,0,0
46567,0.970146,0,0
46568,0.970167,0,0
46569,0.970187,0,0
46570,0.970208,0,0
46571,0.970229,0,0
46572,0.97025,0,0
46573,0.970271,0,0
46574,0.970292,0,0
46575,0.970312,0,0
46576,0.970333,0,0
46577,0.970354,0,0
46578,0.970375,0,0
46579,0.970396,0,0
46580,0.970417,0,0
46581,0.970438,0,0
46582,0.970458,0,0
46583,0.970479,0,0
46584,0.9705,0,0
46585,0.970521,0,0
46586,0.970542,0,0
46587,0.970563,0,0
46588,0.970583,0,0
46589,0.970604,0,0
46590,0.970625,0,0
46591,0.970646,0,0
46592,0.970667,0,0
46593,0.970688,0,0
46594,0.970708,0,0
46595,0.970729,0,0
46596,0.97075,0,0
46597,0.970771,0,0
46598,0.970792,0,0
46599,0.970812,0,0
46600,0.970833,0,0
46601,0.970854,0,0
46602,0.970875,0,0
46603,0.970896,0,0
46604,0.970917,0,0
46605,0.970937,0,0
46606,0.970958,0,0
46607,0.970979,0,0
46608,0.971,0,0
46609,0.971021,0,0
46610,0.971042,0,0
46611,0.971062,0,0
46612,0.971083,0,0
46613,0.971104,0,0
46614,0.971125,0,0
46615,0.971146,0,0
46616,0.971167,0,0
46617,0.971187,0,0
46618,0.971208,0,0
46619,0.971229,0,0
46620,0.97125,0,0
46621,0.971271,0,0
46622,0.971292,0,0
46623,0.971313,0,0
46624,0.971333,0,0
46625,0.971354,0,0
46626,0.971375,0,0
46627,0.971396,0,0
46628,0.971417,0,0
46629,0.971438,0,0
46630,0.971458,0,0
46631,0.971479,0,0
46632,0.9715,0,0
46633,0.971521,0,0
46634,0.971542,0,0
46635,0.971563,0,0
46636,0.971583,0,0
46637,0.971604,0,0
46638,0.971625,0,0
46639,0.971646,0,0
46640,0.971667,0,0
46641,0.971687,0,0
46642,0.971708,0,0
46643,0.971729,0,0
46644,0.97175,0,0
46645,0.971771,0,0
46646,0.971792,0,0
46647,0.971812,0,0
46648,0.971833,0,0
46649,0.971854,0,0
46650,0.971875,0,0
46651,0.971896,0,0
46652,0.971917,0,0
46653,0.971937,0,0
46654,0.971958,0,0
46655,0.971979,0,0
46656,0.972,0,0
46657,0.972021,0,0
46658,0.972042,0,0
46659,0.972063,0,0
46660,0.972083,0,0
46661,0.972104,0,0
46662,0.972125,0,0
46663,0.972146,0,0
46664,0.972167,0,0
46665,0.972188,0,0
46666,0.972208,0,0
46667,0.972229,0,0
46668,0.97225,0,0
46669,0.972271,0,0
46670,0.972292,0,0
46671,0.972313,0,0
46672,0.972333,0,0
46673,0.972354,0,0
46674,0.972375,0,0
46675,0.972396,0,0
46676,0.972417,0,0
46677,0.972438,0,0
46678,0.972458,0,0
46679,0.972479,0,0
46680,0.9725,0,0
46681,0.972521,0,0
46682,0.972542,0,0
46683,0.972562,0,0
46684,0.972583,0,0
46685,0.972604,0,0
46686,0.972625,0,0
46687,0.972646,0,0
46688,0.972667,0,0
46689,0.972687,0,0
46690,0.972708,0,0
46691,0.972729,0,0
46692,0.97275,0,0
46693,0.972771,0,0
46694,0.972792,0,0
46695,0.972812,0,0
46696,0.972833,0,0
46697,0.972854,0,0
46698,0.972875,0,0
46699,0.972896,0,0
46700,0.972917,0,0
46701,0.972938,0,0
46702,0.972958,0,0
46703,0.972979,0,0
46704,0.973,0,0
46705,0.973021,0,0
46706,0.973042,0,0
46707,0.973063,0,0
46708,0.973083,0,0
46709,0.973104,0,0
46710,0.973125,0,0
46711,0.973146,0,0
46712,0.973167,0,0
46713,0.973188,0,0
46714,0.973208,0,0
46715,0.973229,0,0
46716,0.97325,0,0
46717,0.973271,0,0
46718,0.973292,0,0
46719,0.973312,0,0
46720,0.973333,0,0
46721,0.973354,0,0
46722,0.973375,0,0
46723,0.973396,0,0
46724,0.973417,0,0
46725,0.973437,0,0
46726,0.973458,0,0
46727,0.973479,0,0
46728,0.9735,0,0
46729,0.973521,0,0
46730,0.973542,0,0
46731,0.973562,0,0
46732,0.973583,0,0
46733,0.973604,0,0
46734,0.973625,0,0
46735,0.973646,0,0
46736,0.973667,0,0
46737,0.973688,0,0
46738,0.973708,0,0
46739,0.973729,0,0
46740,0.97375,0,0
46741,0.973771,0,0
46742,0.973792,0,0
46743,0.973813,0,0
46744,0.973833,0,0
46745,0.973854,0,0
46746,0.973875,0,0
46747,0.973896,0,0
46748,0.973917,0,0
46749,0.973938,0,0
46750,0.973958,0,0
46751,0.973979,0,0
46752,0.974,0,0
46753,0.974021,0,0
46754,0.974042,0,0
46755,0.974063,0,0
46756,0.974083,0,0
46757,0.974104,0,0
46758,0.974125,0,0
46759,0.974146,0,0
46760,0.974167,0,0
46761,0.974187,0,0
46762,0.974208,0,0
46763,0.974229,0,0
46764,0.97425,0,0
46765,0.974271,0,0
46766,0.974292,0,0
46767,0.974312,0,0
46768,0.974333,0,0
46769,0.974354,0,0
46770,0.974375,0,0
46771,0.974396,0,0
46772,0.974417,0,0
46773,0.974437,0,0
46774,0.974458,0,0
46775,0.974479,0,0
46776,0.9745,0,0
46777,0.974521,0,0
46778,0.974542,0,0
46779,0.974563,0,0
46780,0.974583,0,0
46781,0.974604,0,0
46782,0.974625,0,0
46783,0.974646,0,0
46784,0.974667,0,0
46785,0.974688,0,0
46786,0.974708,0,0
46787,0.974729,0,0
46788,0.97475,0,0
46789,0.974771,0,0
46790,0.974792,0,0
46791,0.974813,0,0
46792,0.974833,0,0
46793,0.974854,0,0
46794,0.974875,0,0
46795,0.974896,0,0
46796,0.974917,0,0
46797,0.974937,0,0
46798,0.974958,0,0
46799,0.974979,0,0
46800,0.975,0,0
46801,0.975021,0,0
46802,0.975042,0,0
46803,0.975062,0,0
46804,0.975083,0,0
46805,0.975104,0,0
46806,0.975125,0,0
46807,0.975146,0,0
46808,0.975167,0,0
46809,0.975187,0,0
46810,0.975208,0,0
46811,0.975229,0,0
46812,0.97525,0,0
46813,0.975271,0,0
46814,0.975292,0,0
46815,0.975312,0,0
46816,0.975333,0,0
46817,0.975354,0,0
46818,0.975375,0,0
46819,0.975396,0,0
46820,0.975417,0,0
46821,0.975438,0,0
46822,0.975458,0,0
46823,0.975479,0,0
46824,0.9755,0,0
46825,0.975521,0,0
46826,0.975542,0,0
46827,0.975563,0,0
46828,0.975583,0,0
46829,0.975604,0,0
46830,0.975625,0,0
46831,0.975646,0,0
46832,0.975667,0,0
46833,0.975688,0,0
46834,0.975708,0,0
46835,0.975729,0,0
46836,0.97575,0,0
46837,0.975771,0,0
46838,0.975792,0,0
46839,0.975812,0,0
46840,0.975833,0,0
46841,0.975854,0,0
46842,0.975875,0,0
46843,0.975896,0,0
46844,0.975917,0,0
46845,0.975937,0,0
46846,0.975958,0,0
46847,0.975979,0,0
46848,0.976,0,0
46849,0.976021,0,0
46850,0.976042,0,0
46851,0.976062,0,0
46852,0.976083,0,0
46853,0.976104,0,0
46854,0.976125,0,0
46855,0.976146,0,0
46856,0.976167,0,0
46857,0.976188,0,0
46858,0.976208,0,0
46859,0.976229,0,0
46860,0.97625,0,0
46861,0.976271,0,0
46862,0.976292,0,0
46863,0.976313,0,0
46864,0.976333,0,0
46865,0.976354,0,0
46866,0.976375,0,0
46867,0.976396,0,0
46868,0.976417,0,0
46869,0.976438,0,0
46870,0.976458,0,0
46871,0.976479,0,0
46872,0.9765,0,0
46873,0.976521,0,0
46874,0.976542,0,0
46875,0.976562,0,0
46876,0.976583,0,0
46877,0.976604,0,0
46878,0.976625,0,0
46879,0.976646,0,0
46880,0.976667,0,0
46881,0.976687,0,0
46882,0.976708,0,0
46883,0.976729,0,0
46884,0.97675,0,0
46885,0.976771,0,0
46886,0.976792,0,0
46887,0.976812,0,0
46888,0.976833,0,0
46889,0.976854,0,0
46890,0.976875,0,0
46891,0.976896,0,0
46892,0.976917,0,0
46893,0.976937,0,0
46894,0.976958,0,0
46895,0.976979,0,0
46896,0.977,0,0
46897,0.977021,0,0
46898,0.977042,0,0
46899,0.977063,0,0
46900,0.977083,0,0
46901,0.977104,0,0
46902,0.977125,0,0
46903,0.977146,0,0
46904,0.977167,0,0
46905,0.977188,0,0
46906,0.977208,0,0
46907,0.977229,0,0
46908,0.97725,0,0
46909,0.977271,0,0
46910,0.977292,0,0
46911,0.977313,0,0
46912,0.977333,0,0
46913,0.977354,0,0
46914,0.977375,0,0
46915,0.977396,0,0
46916,0.977417,0,0
46917,0.977437,0,0
46918,0.977458,0,0
46919,0.977479,0,0
46920,0.9775,0,0
46921,0.977521,0,0
46922,0.977542,0,0
46923,0.977562,0,0
46924,0.977583,0,0
46925,0.977604,0,0
46926,0.977625,0,0
46927,0.977646,0,0
46928,0.977667,0,0
46929,0.977687,0,0
46930,0.977708,0,0
46931,0.977729,0,0
46932,0.97775,0,0
46933,0.977771,0,0
46934,0.977792,0,0
46935,0.977813,0,0
46936,0.977833,0,0
46937,0.977854,0,0
46938,0.977875,0,0
46939,0.977896,0,0
46940,0.977917,0,0
46941,0.977938,0,0
46942,0.977958,0,0
46943,0.977979,0,0
46944,0.978,0,0
46945,0.978021,0,0
46946,0.978042,0,0
46947,0.978063,0,0
46948,0.978083,0,0
46949,0.978104,0,0
46950,0.978125,0,0
46951,0.978146,0,0
46952,0.978167,0,0
46953,0.978188,0,0
46954,0.978208,0,0
46955,0.978229,0,0
46956,0.97825,0,0
46957,0.978271,0,0
46958,0.978292,0,0
46959,0.978312,0,0
46960,0.978333,0,0
46961,0.978354,0,0
46962,0.978375,0,0
46963,0.978396,0,0
46964,0.978417,0,0
46965,0.978437,0,0
46966,0.978458,0,0
46967,0.978479,0,0
46968,0.9785,0,0
46969,0.978521,0,0
46970,0.978542,0,0
46971,0.978562,0,0
46972,0.978583,0,0
46973,0.978604,0,0
46974,0.978625,0,0
46975,0.978646,0,0
46976,0.978667,0,0
46977,0.978688,0,0
46978,0.978708,0,0
46979,0.978729,0,0
46980,0.97875,0,0
46981,0.978771,0,0
46982,0.978792,0,0
46983,0.978813,0,0
46984,0.978833,0,0
46985,0.978854,0,0
46986,0.978875,0,0
46987,0.978896,0,0
46988,0.978917,0,0
46989,0.978938,0,0
46990,0.978958,0,0
46991,0.978979,0,0
46992,0.979,0,0
46993,0.979021,0,0
46994,0.979042,0,0
46995,0.979062,0,0
46996,0.979083,0,0
46997,0.979104,0,0
46998,0.979125,0,0
46999,0.979146,0,0
47000,0.979167,0,0
47001,0.979187,0,0
47002,0.979208,0,0
47003,0.979229,0,0
47004,0.97925,0,0
47005,0.979271,0,0
47006,0.979292,0,0
47007,0.979312,0,0
47008,0.979333,0,0
47009,0.979354,0,0
47010,0.979375,0,0
47011,0.979396,0,0
47012,0.979417,0,0
47013,0.979437,0,0
47014,0.979458,0,0
47015,0.979479,0,0
47016,0.9795,0,0
47017,0.979521,0,0
47018,0.979542,0,0
47019,0.979563,0,0
47020,0.979583,0,0
47021,0.979604,0,0
47022,0.979625,0,0
47023,0.979646,0,0
47024,0.979667,0,0
47025,0.979688,0,0
47026,0.979708,0,0
47027,0.979729,0,0
47028,0.97975,0,0
47029,0.979771,0,0
47030,0.979792,0,0
47031,0.979813,0,0
47032,0.979833,0,0
47033,0.979854,0,0
47034,0.979875,0,0
47035,0.979896,0,0
47036,0.979917,0,0
47037,0.979937,0,0
47038,0.979958,0,0
47039,0.979979,0,0
47040,0.98,0,0
47041,0.980021,0,0
47042,0.980042,0,0
47043,0.980062,0,0
47044,0.980083,0,0
47045,0.980104,0,0
47046,0.980125,0,0
47047,0.980146,0,0
47048,0.980167,0,0
47049,0.980187,0,0
47050,0.980208,0,0
47051,0.980229,0,0
47052,0.98025,0,0
47053,0.980271,0,0
47054,0.980292,0,0
47055,0.980313,0,0
47056,0.980333,0,0
47057,0.980354,0,0
47058,0.980375,0,0
47059,0.980396,0,0
47060,0.980417,0,0
47061,0.980438,0,0
47062,0.980458,0,0
47063,0.980479,0,0
47064,0.9805,0,0
47065,0.980521,0,0
47066,0.980542,0,0
47067,0.980563,0,0
47068,0.980583,0,0
47069,0.980604,0,0
47070,0.980625,0,0
47071,0.980646,0,0
47072,0.980667,0,0
47073,0.980687,0,0
47074,0.980708,0,0
47075,0.980729,0,0
47076,0.98075,0,0
47077,0.980771,0,0
47078,0.980792,0,0
47079,0.980812,0,0
47080,0.980833,0,0
47081,0.980854,0,0
47082,0.980875,0,0
47083,0.980896,0,0
47084,0.980917,0,0
47085,0.980937,0,0
47086,0.980958,0,0
47087,0.980979,0,0
47088,0.981,0,0
47089,0.981021,0,0
47090,0.981042,0,0
47091,0.981062,0,0
47092,0.981083,0,0
47093,0.981104,0,0
47094,0.981125,0,0
47095,0.981146,0,0
47096,0.981167,0,0
47097,0.981188,0,0
47098,0.981208,0,0
47099,0.981229,0,0
47100,0.98125,0,0
47101,0.981271,0,0
47102,0.981292,0,0
47103,0.981313,0,0
47104,0.981333,0,0
47105,0.981354,0,0
47106,0.981375,0,0
47107,0.981396,0,0
47108,0.981417,0,0
47109,0.981438,0,0
47110,0.981458,0,0
47111,0.981479,0,0
47112,0.9815,0,0
47113,0.981521,0,0
47114,0.981542,0,0
47115,0.981562,0,0
47116,0.981583,0,0
47117,0.981604,0,0
47118,0.981625,0,0
47119,0.981646,0,0
47120,0.981667,0,0
47121,0.981687,0,0
47122,0.981708,0,0
47123,0.981729,0,0
47124,0.98175,0,0
47125,0.981771,0,0
47126,0.981792,0,0
47127,0.981812,0,0
47128,0.981833,0,0
47129,0.981854,0,0
47130,0.981875,0,0
47131,0.981896,0,0
47132,0.981917,0,0
47133,0.981938,0,0
47134,0.981958,0,0
47135,0.981979,0,0
47136,0.982,0,0
47137,0.982021,0,0
47138,0.982042,0,0
47139,0.982063,0,0
47140,0.982083,0,0
47141,0.982104,0,0
47142,0.982125,0,0
47143,0.982146,0,0
47144,0.982167,0,0
47145,0.982188,0,0
47146,0.982208,0,0
47147,0.982229,0,0
47148,0.98225,0,0
47149,0.982271,0,0
47150,0.982292,0,0
47151,0.982313,0,0
47152,0.982333,0,0
47153,0.982354,0,0
47154,0.982375,0,0
47155,0.982396,0,0
47156,0.982417,0,0
47157,0.982437,0,0
47158,0.982458,0,0
47159,0.982479,0,0
47160,0.9825,0,0
47161,0.982521,0,0
47162,0.982542,0,0
47163,0.982562,0,0
47164,0.982583,0,0
47165,0.982604,0,0
47166,0.982625,0,0
47167,0.982646,0,0
47168,0.982667,0,0
47169,0.982687,0,0
47170,0.982708,0,0
47171,0.982729,0,0
47172,0.98275,0,0
47173,0.982771,0,0
47174,0.982792,0,0
47175,0.982813,0,0
47176,0.982833,0,0
47177,0.982854,0,0
47178,0.982875,0,0
47179,0.982896,0,0
47180,0.982917,0,0
47181,0.982938,0,0
47182,0.982958,0,0
47183,0.982979,0,0
47184,0.983,0,0
47185,0.983021,0,0
47186,0.983042,0,0
47187,0.983063,0,0
47188,0.983083,0,0
47189,0.983104,0,0
47190,0.983125,0,0
47191,0.983146,0,0
47192,0.983167,0,0
47193,0.983187,0,0
47194,0.983208,0,0
47195,0.983229,0,0
47196,0.98325,0,0
47197,0.983271,0,0
47198,0.983292,0,0
47199,0.983312,0,0
47200,0.983333,0,0
47201,0.983354,0,0
47202,0.983375,0,0
47203,0.983396,0,0
47204,0.983417,0,0
47205,0.983437,0,0
47206,0.983458,0,0
47207,0.983479,0,0
47208,0.9835,0,0
47209,0.983521,0,0
47210,0.983542,0,0
47211,0.983563,0,0
47212,0.983583,0,0
47213,0.983604,0,0
47214,0.983625,0,0
47215,0.983646,0,0
47216,0.983667,0,0
47217,0.983688,0,0
47218,0.983708,0,0
47219,0.983729,0,0
47220,0.98375,0,0
47221,0.983771,0,0
47222,0.983792,0,0
47223,0.983813,0,0
47224,0.983833,0,0
47225,0.983854,0,0
47226,0.983875,0,0
47227,0.983896,0,0
47228,0.983917,0,0
47229,0.983938,0,0
47230,0.983958,0,0
47231,0.983979,0,0
47232,0.984,0,0
47233,0.984021,0,0
47234,0.984042,0,0
47235,0.984062,0,0
47236,0.984083,0,0
47237,0.984104,0,0
47238,0.984125,0,0
47239,0.984146,0,0
47240,0.984167,0,0
47241,0.984187,0,0
47242,0.984208,0,0
47243,0.984229,0,0
47244,0.98425,0,0
47245,0.984271,0,0
47246,0.984292,0,0
47247,0.984312,0,0
47248,0.984333,0,0
47249,0.984354,0,0
47250,0.984375,0,0
47251,0.984396,0,0
47252,0.984417,0,0
47253,0.984438,0,0
47254,0.984458,0,0
47255,0.984479,0,0
47256,0.9845,0,0
47257,0.984521,0,0
47258,0.984542,0,0
47259,0.984563,0,0
47260,0.984583,0,0
47261,0.984604,0,0
47262,0.984625,0,0
47263,0.984646,0,0
47264,0.984667,0,0
47265,0.984688,0,0
47266,0.984708,0,0
47267,0.984729,0,0
47268,0.98475,0,0
47269,0.984771,0,0
47270,0.984792,0,0
47271,0.984812,0,0
47272,0.984833,0,0
47273,0.984854,0,0
47274,0.984875,0,0
47275,0.984896,0,0
47276,0.984917,0,0
47277,0.984937,0,0
47278,0.984958,0,0
47279,0.984979,0,0
47280,0.985,0,0
47281,0.985021,0,0
47282,0.985042,0,0
47283,0.985062,0,0
47284,0.985083,0,0
47285,0.985104,0,0
47286,0.985125,0,0
47287,0.985146,0,0
47288,0.985167,0,0
47289,0.985187,0,0
47290,0.985208,0,0
47291,0.985229,0,0
47292,0.98525,0,0
47293,0.985271,0,0
47294,0.985292,0,0
47295,0.985313,0,0
47296,0.985333,0,0
47297,0.985354,0,0
47298,0.985375,0,0
47299,0.985396,0,0
47300,0.985417,0,0
47301,0.985438,0,0
47302,0.985458,0,0
47303,0.985479,0,0
47304,0.9855,0,0
47305,0.985521,0,0
47306,0.985542,0,0
47307,0.985563,0,0
47308,0.985583,0,0
47309,0.985604,0,0
47310,0.985625,0,0
47311,0.985646,0,0
47312,0.985667,0,0
47313,0.985687,0,0
47314,0.985708,0,0
47315,0.985729,0,0
47316,0.98575,0,0
47317,0.985771,0,0
47318,0.985792,0,0
47319,0.985812,0,0
47320,0.985833,0,0
47321,0.985854,0,0
47322,0.985875,0,0
47323,0.985896,0,0
47324,0.985917,0,0
47325,0.985937,0,0
47326,0.985958,0,0
47327,0.985979,0,0
47328,0.986,0,0
47329,0.986021,0,0
47330,0.986042,0,0
47331,0.986063,0,0
47332,0.986083,0,0
47333,0.986104,0,0
47334,0.986125,0,0
47335,0.986146,0,0
47336,0.986167,0,0
47337,0.986188,0,0
47338,0.986208,0,0
47339,0.986229,0,0
47340,0.98625,0,0
47341,0.986271,0,0
47342,0.986292,0,0
47343,0.986313,0,0
47344,0.986333,0,0
47345,0.986354,0,0
47346,0.986375,0,0
47347,0.986396,0,0
47348,0.986417,0,0
47349,0.986437,0,0
47350,0.986458,0,0
47351,0.986479,0,0
47352,0.9865,0,0
47353,0.986521,0,0
47354,0.986542,0,0
47355,0.986562,0,0
47356,0.986583,0,0
47357,0.986604,0,0
47358,0.986625,0,0
47359,0.986646,0,0
47360,0.986667,0,0
47361,0.986687,0,0
47362,0.986708,0,0
47363,0.986729,0,0
47364,0.98675,0,0
47365,0.986771,0,0
47366,0.986792,0,0
47367,0.986812,0,0
47368,0.986833,0,0
47369,0.986854,0,0
47370,0.986875,0,0
47371,0.986896,0,0
47372,0.986917,0,0
47373,0.986938,0,0
47374,0.986958,0,0
47375,0.986979,0,0
47376,0.987,0,0
47377,0.987021,0,0
47378,0.987042,0,0
47379,0.987063,0,0
47380,0.987083,0,0
47381,0.987104,0,0
47382,0.987125,0,0
47383,0.987146,0,0
47384,0.987167,0,0
47385,0.987188,0,0
47386,0.987208,0,0
47387,0.987229,0,0
47388,0.98725,0,0
47389,0.987271,0,0
47390,0.987292,0,0
47391,0.987312,0,0
47392,0.987333,0,0
47393,0.987354,0,0
47394,0.987375,0,0
47395,0.987396,0,0
47396,0.987417,0,0
47397,0.987437,0,0
47398,0.987458,0,0
47399,0.987479,0,0
47400,0.9875,0,0
47401,0.987521,0,0
47402,0.987542,0,0
47403,0.987562,0,0
47404,0.987583,0,0
47405,0.987604,0,0
47406,0.987625,0,0
47407,0.987646,0,0
47408,0.987667,0,0
47409,0.987688,0,0
47410,0.987708,0,0
47411,0.987729,0,0
47412,0.98775,0,0
47413,0.987771,0,0
47414,0.987792,0,0
47415,0.987813,0,0
47416,0.987833,0,0
47417,0.987854,0,0
47418,0.987875,0,0
47419,0.987896,0,0
47420,0.987917,0,0
47421,0.987938,0,0
47422,0.987958,0,0
47423,0.987979,0,0
47424,0.988,0,0
47425,0.988021,0,0
47426,0.988042,0,0
47427,0.988063,0,0
47428,0.988083,0,0
47429,0.988104,0,0
47430,0.988125,0,0
47431,0.988146,0,0
47432,0.988167,0,0
47433,0.988187,0,0
47434,0.988208,0,0
47435,0.988229,0,0
47436,0.98825,0,0
47437,0.988271,0,0
47438,0.988292,0,0
47439,0.988312,0,0
47440,0.988333,0,0
47441,0.988354,0,0
47442,0.988375,0,0
47443,0.988396,0,0
47444,0.988417,0,0
47445,0.988437,0,0
47446,0.988458,0,0
47447,0.988479,0,0
47448,0.9885,0,0
47449,0.988521,0,0
47450,0.988542,0,0
47451,0.988563,0,0
47452,0.988583,0,0
47453,0.988604,0,0
47454,0.988625,0,0
47455,0.988646,0,0
47456,0.988667,0,0
47457,0.988688,0,0
47458,0.988708,0,0
47459,0.988729,0,0
47460,0.98875,0,0
47461,0.988771,0,0
47462,0.988792,0,0
47463,0.988813,0,0
47464,0.988833,0,0
47465,0.988854,0,0
47466,0.988875,0,0
47467,0.988896,0,0
47468,0.988917,0,0
47469,0.988937,0,0
47470,0.988958,0,0
47471,0.988979,0,0
47472,0.989,0,0
47473,0.989021,0,0
47474,0.989042,0,0
47475,0.989062,0,0
47476,0.989083,0,0
47477,0.989104,0,0
47478,0.989125,0,0
47479,0.989146,0,0
47480,0.989167,0,0
47481,0.989187,0,0
47482,0.989208,0,0
47483,0.989229,0,0
47484,0.98925,0,0
47485,0.989271,0,0
47486,0.989292,0,0
47487,0.989313,0,0
47488,0.989333,0,0
47489,0.989354,0,0
47490,0.989375,0,0
47491,0.989396,0,0
47492,0.989417,0,0
47493,0.989438,0,0
47494,0.989458,0,0
47495,0.989479,0,0
47496,0.9895,0,0
47497,0.989521,0,0
47498,0.989542,0,0
47499,0.989563,0,0
47500,0.989583,0,0
47501,0.989604,0,0
47502,0.989625,0,0
47503,0.989646,0,0
47504,0.989667,0,0
47505,0.989688,0,0
47506,0.989708,0,0
47507,0.989729,0,0
47508,0.98975,0,0
47509,0.989771,0,0
47510,0.989792,0,0
47511,0.989812,0,0
47512,0.989833,0,0
47513,0.989854,0,0
47514,0.989875,0,0
47515,0.989896,0,0
47516,0.989917,0,0
47517,0.989937,0,0
47518,0.989958,0,0
47519,0.989979,0,0
47520,0.99,0,0
47521,0.990021,0,0
47522,0.990042,0,0
47523,0.990062,0,0
47524,0.990083,0,0
47525,0.990104,0,0
47526,0.990125,0,0
47527,0.990146,0,0
47528,0.990167,0,0
47529,0.990188,0,0
47530,0.990208,0,0
47531,0.990229,0,0
47532,0.99025,0,0
47533,0.990271,0,0
47534,0.990292,0,0
47535,0.990313,0,0
47536,0.990333,0,0
47537,0.990354,0,0
47538,0.990375,0,0
47539,0.990396,0,0
47540,0.990417,0,0
47541,0.990438,0,0
47542,0.990458,0,0
47543,0.990479,0,0
47544,0.9905,0,0
47545,0.990521,0,0
47546,0.990542,0,0
47547,0.990562,0,0
47548,0.990583,0,0
47549,0.990604,0,0
47550,0.990625,0,0
47551,0.990646,0,0
47552,0.990667,0,0
47553,0.990687,0,0
47554,0.990708,0,0
47555,0.990729,0,0
47556,0.99075,0,0
47557,0.990771,0,0
47558,0.990792,0,0
47559,0.990812,0,0
47560,0.990833,0,0
47561,0.990854,0,0
47562,0.990875,0,0
47563,0.990896,0,0
47564,0.990917,0,0
47565,0.990937,0,0
47566,0.990958,0,0
47567,0.990979,0,0
47568,0.991,0,0
47569,0.991021,0,0
47570,0.991042,0,0
47571,0.991063,0,0
47572,0.991083,0,0
47573,0.991104,0,0
47574,0.991125,0,0
47575,0.991146,0,0
47576,0.991167,0,0
47577,0.991188,0,0
47578,0.991208,0,0
47579,0.991229,0,0
47580,0.99125,0,0
47581,0.991271,0,0
47582,0.991292,0,0
47583,0.991313,0,0
47584,0.991333,0,0
47585,0.991354,0,0
47586,0.991375,0,0
47587,0.991396,0,0
47588,0.991417,0,0
47589,0.991437,0,0
47590,0.991458,0,0
47591,0.991479,0,0
47592,0.9915,0,0
47593,0.991521,0,0
47594,0.991542,0,0
47595,0.991562,0,0
47596,0.991583,0,0
47597,0.991604,0,0
47598,0.991625,0,0
47599,0.991646,0,0
47600,0.991667,0,0
47601,0.991687,0,0
47602,0.991708,0,0
47603,0.991729,0,0
47604,0.99175,0,0
47605,0.991771,0,0
47606,0.991792,0,0
47607,0.991813,0,0
47608,0.991833,0,0
47609,0.991854,0,0
47610,0.991875,0,0
47611,0.991896,0,0
47612,0.991917,0,0
47613,0.991938,0,0
47614,0.991958,0,0
47615,0.991979,0,0
47616,0.992,0,0
47617,0.992021,0,0
47618,0.992042,0,0
47619,0.992063,0,0
47620,0.992083,0,0
47621,0.992104,0,0
47622,0.992125,0,0
47623,0.992146,0,0
47624,0.992167,0,0
47625,0.992188,0,0
47626,0.992208,0,0
47627,0.992229,0,0
47628,0.99225,0,0
47629,0.992271,0,0
47630,0.992292,0,0
47631,0.992312,0,0
47632,0.992333,0,0
47633,0.992354,0,0
47634,0.992375,0,0
47635,0.992396,0,0
47636,0.992417,0,0
47637,0.992437,0,0
47638,0.992458,0,0
47639,0.992479,0,0
47640,0.9925,0,0
47641,0.992521,0,0
47642,0.992542,0,0
47643,0.992562,0,0
47644,0.992583,0,0
47645,0.992604,0,0
47646,0.992625,0,0
47647,0.992646,0,0
47648,0.992667,0,0
47649,0.992688,0,0
47650,0.992708,0,0
47651,0.992729,0,0
47652,0.99275,0,0
47653,0.992771,0,0
47654,0.992792,0,0
47655,0.992813,0,0
47656,0.992833,0,0
47657,0.992854,0,0
47658,0.992875,0,0
47659,0.992896,0,0
47660,0.992917,0,0
47661,0.992938,0,0
47662,0.992958,0,0
47663,0.992979,0,0
47664,0.993,0,0
47665,0.993021,0,0
47666,0.993042,0,0
47667,0.993062,0,0
47668,0.993083,0,0
47669,0.993104,0,0
47670,0.993125,0,0
47671,0.993146,0,0
47672,0.993167,0,0
47673,0.993187,0,0
47674,0.993208,0,0
47675,0.993229,0,0
47676,0.99325,0,0
47677,0.993271,0,0
47678,0.993292,0,0
47679,0.993312,0,0
47680,0.993333,0,0
47681,0.993354,0,0
47682,0.993375,0,0
47683,0.993396,0,0
47684,0.993417,0,0
47685,0.993438,0,0
47686,0.993458,0,0
47687,0.993479,0,0
47688,0.9935,0,0
47689,0.993521,0,0
47690,0.993542,0,0
47691,0.993563,0,0
47692,0.993583,0,0
47693,0.993604,0,0
47694,0.993625,0,0
47695,0.993646,0,0
47696,0.993667,0,0
47697,0.993688,0,0
47698,0.993708,0,0
47699,0.993729,0,0
47700,0.99375,0,0
47701,0.993771,0,0
47702,0.993792,0,0
47703,0.993813,0,0
47704,0.993833,0,0
47705,0.993854,0,0
47706,0.993875,0,0
47707,0.993896,0,0
47708,0.993917,0,0
47709,0.993937,0,0
47710,0.993958,0,0
47711,0.993979,0,0
47712,0.994,0,0
47713,0.994021,0,0
47714,0.994042,0,0
47715,0.994062,0,0
47716,0.994083,0,0
47717,0.994104,0,0
47718,0.994125,0,0
47719,0.994146,0,0
47720,0.994167,0,0
47721,0.994187,0,0
47722,0.994208,0,0
47723,0.994229,0,0
47724,0.99425,0,0
47725,0.994271,0,0
47726,0.994292,0,0
47727,0.994313,0,0
47728,0.994333,0,0
47729,0.994354,0,0
47730,0.994375,0,0
47731,0.994396,0,0
47732,0.994417,0,0
47733,0.994438,0,0
47734,0.994458,0,0
47735,0.994479,0,0
47736,0.9945,0,0
47737,0.994521,0,0
47738,0.994542,0,0
47739,0.994563,0,0
47740,0.994583,0,0
47741,0.994604,0,0
47742,0.994625,0,0
47743,0.994646,0,0
47744,0.994667,0,0
47745,0.994687,0,0
47746,0.994708,0,0
47747,0.994729,0,0
47748,0.99475,0,0
47749,0.994771,0,0
47750,0.994792,0,0
47751,0.994812,0,0
47752,0.994833,0,0
47753,0.994854,0,0
47754,0.994875,0,0
47755,0.994896,0,0
47756,0.994917,0,0
47757,0.994937,0,0
47758,0.994958,0,0
47759,0.994979,0,0
47760,0.995,0,0
47761,0.995021,0,0
47762,0.995042,0,0
47763,0.995062,0,0
47764,0.995083,0,0
47765,0.995104,0,0
47766,0.995125,0,0
47767,0.995146,0,0
47768,0.995167,0,0
47769,0.995188,0,0
47770,0.995208,0,0
47771,0.995229,0,0
47772,0.99525,0,0
47773,0.995271,0,0
47774,0.995292,0,0
47775,0.995313,0,0
47776,0.995333,0,0
47777,0.995354,0,0
47778,0.995375,0,0
47779,0.995396,0,0
47780,0.995417,0,0
47781,0.995438,0,0
47782,0.995458,0,0
47783,0.995479,0,0
47784,0.9955,0,0
47785,0.995521,0,0
47786,0.995542,0,0
47787,0.995562,0,0
47788,0.995583,0,0
47789,0.995604,0,0
47790,0.995625,0,0
47791,0.995646,0,0
47792,0.995667,0,0
47793,0.995687,0,0
47794,0.995708,0,0
47795,0.995729,0,0
47796,0.99575,0,0
47797,0.995771,0,0
47798,0.995792,0,0
47799,0.995812,0,0
47800,0.995833,0,0
47801,0.995854,0,0
47802,0.995875,0,0
47803,0.995896,0,0
47804,0.995917,0,0
47805,0.995938,0,0
47806,0.995958,0,0
47807,0.995979,0,0
47808,0.996,0,0
47809,0.996021,0,0
47810,0.996042,0,0
47811,0.996063,0,0
47812,0.996083,0,0
47813,0.996104,0,0
47814,0.996125,0,0
47815,0.996146,0,0
47816,0.996167,0,0
47817,0.996188,0,0
47818,0.996208,0,0
47819,0.996229,0,0
47820,0.99625,0,0
47821,0.996271,0,0
47822,0.996292,0,0
47823,0.996312,0,0
47824,0.996333,0,0
47825,0.996354,0,0
47826,0.996375,0,0
47827,0.996396,0,0
47828,0.996417,0,0
47829,0.996437,0,0
47830,0.996458,0,0
47831,0.996479,0,0
47832,0.9965,0,0
47833,0.996521,0,0
47834,0.996542,0,0
47835,0.996562,0,0
47836,0.996583,0,0
47837,0.996604,0,0
47838,0.996625,0,0
47839,0.996646,0,0
47840,0.996667,0,0
47841,0.996687,0,0
47842,0.996708,0,0
47843,0.996729,0,0
47844,0.99675,0,0
47845,0.996771,0,0
47846,0.996792,0,0
47847,0.996813,0,0
47848,0.996833,0,0
47849,0.996854,0,0
47850,0.996875,0,0
47851,0.996896,0,0
47852,0.996917,0,0
47853,0.996938,0,0
47854,0.996958,0,0
47855,0.996979,0,0
47856,0.997,0,0
47857,0.997021,0,0
47858,0.997042,0,0
47859,0.997063,0,0
47860,0.997083,0,0
47861,0.997104,0,0
47862,0.997125,0,0
47863,0.997146,0,0
47864,0.997167,0,0
47865,0.997187,0,0
47866,0.997208,0,0
47867,0.997229,0,0
47868,0.99725,0,0
47869,0.997271,0,0
47870,0.997292,0,0
47871,0.997312,0,0
47872,0.997333,0,0
47873,0.997354,0,0
47874,0.997375,0,0
47875,0.997396,0,0
47876,0.997417,0,0
47877,0.997437,0,0
47878,0.997458,0,0
47879,0.997479,0,0
47880,0.9975,0,0
47881,0.997521,0,0
47882,0.997542,0,0
47883,0.997563,0,0
47884,0.997583,0,0
47885,0.997604,0,0
47886,0.997625,0,0
47887,0.997646,0,0
47888,0.997667,0,0
47889,0.997688,0,0
47890,0.997708,0,0
47891,0.997729,0,0
47892,0.99775,0,0
47893,0.997771,0,0
47894,0.997792,0,0
47895,0.997813,0,0
47896,0.997833,0,0
47897,0.997854,0,0
47898,0.997875,0,0
47899,0.997896,0,0
47900,0.997917,0,0
47901,0.997938,0,0
47902,0.997958,0,0
47903,0.997979,0,0
47904,0.998,0,0
47905,0.998021,0,0
47906,0.998042,0,0
47907,0.998062,0,0
47908,0.998083,0,0
47909,0.998104,0,0
47910,0.998125,0,0
47911,0.998146,0,0
47912,0.998167,0,0
47913,0.998187,0,0
47914,0.998208,0,0
47915,0.998229,0,0
47916,0.99825,0,0
47917,0.998271,0,0
47918,0.998292,0,0
47919,0.998312,0,0
47920,0.998333,0,0
47921,0.998354,0,0
47922,0.998375,0,0
47923,0.998396,0,0
47924,0.998417,0,0
47925,0.998438,0,0
47926,0.998458,0,0
47927,0.998479,0,0
47928,0.9985,0,0
47929,0.998521,0,0
47930,0.998542,0,0
47931,0.998563,0,0
47932,0.998583,0,0
47933,0.998604,0,0
47934,0.998625,0,0
47935,0.998646,0,0
47936,0.998667,0,0
47937,0.998688,0,0
47938,0.998708,0,0
47939,0.998729,0,0
47940,0.99875,0,0
47941,0.998771,0,0
47942,0.998792,0,0
47943,0.998812,0,0
47944,0.998833,0,0
47945,0.998854,0,0
47946,0.998875,0,0
47947,0.998896,0,0
47948,0.998917,0,0
47949,0.998937,0,0
47950,0.998958,0,0
47951,0.998979,0,0
47952,0.999,0,0
47953,0.999021,0,0
47954,0.999042,0,0
47955,0.999062,0,0
47956,0.999083,0,0
47957,0.999104,0,0
47958,0.999125,0,0
47959,0.999146,0,0
47960,0.999167,0,0
47961,0.999188,0,0
47962,0.999208,0,0
47963,0.999229,0,0
47964,0.99925,0,0
47965,0.999271,0,0
47966,0.999292,0,0
47967,0.999313,0,0
47968,0.999333,0,0
47969,0.999354,0,0
47970,0.999375,0,0
47971,0.999396,0,0
47972,0.999417,0,0
47973,0.999438,0,0
47974,0.999458,0,0
47975,0.999479,0,0
47976,0.9995,0,0
47977,0.999521,0,0
47978,0.999542,0,0
47979,0.999563,0,0
47980,0.999583,0,0
47981,0.999604,0,0
47982,0.999625,0,0
47983,0.999646,0,0
47984,0.999667,0,0
47985,0.999687,0,0
47986,0.999708,0,0
47987,0.999729,0,0
47988,0.99975,0,0
47989,0.999771,0,0
47990,0.999792,0,0
47991,0.999812,0,0
47992,0.999833,0,0
47993,0.999854,0,0
47994,0.999875,0,0
47995,0.999896,0,0
47996,0.999917,0,0
47997,0.999937,0,0
47998,0.999958,0,0
47999,0.999979,0,0
